1 	 0.0 	 2.57 
2 	 0.0 	 2.57 
3 	 0.0 	 2.50 
4 	 0.0 	 2.50 
5 	 0.0 	 2.57 
6 	 0.0 	 2.65 
7 	 0.0 	 2.50 
8 	 0.0 	 2.73 
9 	 0.0 	 2.50 
10 	 0.0 	 1.87 
11 	 0.0 	 2.42 
12 	 0.0 	 2.34 
13 	 0.0 	 2.42 
14 	 0.0 	 2.42 
15 	 0.0 	 2.42 
16 	 0.0 	 2.50 
17 	 0.0 	 2.50 
18 	 0.0 	 2.50 
19 	 0.0 	 2.42 
20 	 0.0 	 2.42 
21 	 0.0 	 2.42 
22 	 0.0 	 2.50 
23 	 0.0 	 2.42 
24 	 0.0 	 2.50 
25 	 0.0 	 1.64 
26 	 0.0 	 2.34 
27 	 0.0 	 2.26 
28 	 0.0 	 2.34 
29 	 0.0 	 2.34 
30 	 0.0 	 2.26 
31 	 0.0 	 2.65 
32 	 0.0 	 2.26 
33 	 0.0 	 2.50 
34 	 0.0 	 2.11 
35 	 0.0 	 2.50 
36 	 0.0 	 2.96 
37 	 0.0 	 2.34 
38 	 0.0 	 2.89 
39 	 0.0 	 2.73 
40 	 0.0 	 2.50 
41 	 0.0 	 2.11 
42 	 0.0 	 2.50 
43 	 0.0 	 1.40 
44 	 0.0 	 2.26 
45 	 0.0 	 2.18 
46 	 0.0 	 1.09 
47 	 0.0 	 2.34 
48 	 0.0 	 0.86 
49 	 0.0 	 2.81 
50 	 0.0 	 3.12 
51 	 0.0 	 2.65 
52 	 0.0 	 2.26 
53 	 0.0 	 2.03 
54 	 0.0 	 2.65 
55 	 0.0 	 3.20 
56 	 0.0 	 1.33 
57 	 0.0 	 3.90 
58 	 0.0 	 3.82 
59 	 0.0 	 2.50 
60 	 0.0 	 2.81 
61 	 0.0 	 3.04 
62 	 0.0 	 3.74 
63 	 0.0 	 5.30 
64 	 0.0 	 3.35 
65 	 0.0 	 2.42 
66 	 0.0 	 3.67 
67 	 0.0 	 2.57 
68 	 0.0 	 2.18 
69 	 0.0 	 1.95 
70 	 0.0 	 2.26 
71 	 0.0 	 -2.03 
72 	 0.0 	 2.11 
73 	 0.0 	 2.50 
74 	 0.0 	 2.50 
75 	 0.0 	 2.65 
76 	 0.0 	 2.26 
77 	 0.0 	 3.28 
78 	 0.0 	 2.26 
79 	 0.0 	 1.48 
80 	 0.0 	 1.09 
81 	 0.0 	 1.64 
82 	 0.0 	 2.65 
83 	 0.0 	 2.57 
84 	 0.0 	 2.50 
85 	 0.0 	 2.65 
86 	 0.0 	 2.89 
87 	 0.0 	 0.78 
88 	 0.0 	 3.35 
89 	 0.0 	 2.50 
90 	 0.0 	 2.11 
91 	 0.0 	 3.04 
92 	 0.0 	 4.13 
93 	 0.0 	 2.26 
94 	 0.0 	 2.50 
95 	 0.0 	 1.87 
96 	 0.0 	 2.11 
97 	 0.0 	 2.81 
98 	 0.0 	 2.81 
99 	 0.0 	 2.26 
100 	 0.0 	 -0.55 
101 	 0.0 	 0.86 
102 	 0.0 	 2.65 
103 	 0.0 	 2.42 
104 	 0.0 	 3.51 
105 	 0.0 	 2.18 
106 	 0.0 	 3.20 
107 	 0.0 	 -0.47 
108 	 0.0 	 3.90 
109 	 0.0 	 -0.55 
110 	 0.0 	 1.40 
111 	 0.0 	 3.04 
112 	 0.0 	 0.94 
113 	 0.0 	 1.17 
114 	 0.0 	 6.01 
115 	 0.0 	 1.48 
116 	 0.0 	 5.46 
117 	 0.0 	 2.42 
118 	 0.0 	 2.81 
119 	 0.0 	 2.81 
120 	 0.0 	 2.96 
121 	 0.0 	 4.68 
122 	 0.0 	 6.16 
123 	 0.0 	 1.48 
124 	 0.0 	 3.20 
125 	 0.0 	 3.51 
126 	 0.0 	 4.60 
127 	 0.0 	 2.96 
128 	 0.0 	 1.95 
129 	 0.0 	 5.54 
130 	 0.0 	 2.50 
131 	 0.0 	 2.89 
132 	 0.0 	 4.21 
133 	 0.0 	 1.64 
134 	 0.0 	 1.40 
135 	 0.0 	 2.57 
136 	 0.0 	 3.98 
137 	 0.0 	 2.89 
138 	 0.0 	 0.78 
139 	 0.0 	 1.09 
140 	 0.0 	 4.21 
141 	 0.0 	 2.03 
142 	 0.0 	 2.81 
143 	 0.0 	 1.40 
144 	 0.0 	 2.65 
145 	 0.0 	 3.98 
146 	 0.0 	 3.90 
147 	 0.0 	 3.04 
148 	 0.0 	 1.72 
149 	 0.0 	 2.81 
150 	 0.0 	 -4.13 
151 	 0.0 	 2.57 
152 	 0.0 	 6.08 
153 	 0.0 	 1.95 
154 	 0.0 	 2.50 
155 	 0.0 	 2.96 
156 	 0.0 	 2.50 
157 	 0.0 	 2.34 
158 	 0.0 	 2.18 
159 	 0.0 	 2.89 
160 	 0.0 	 2.03 
161 	 0.0 	 0.86 
162 	 0.0 	 2.81 
163 	 0.0 	 5.30 
164 	 0.0 	 1.48 
165 	 0.0 	 3.74 
166 	 0.0 	 3.43 
167 	 0.0 	 0.23 
168 	 0.0 	 1.48 
169 	 0.0 	 5.69 
170 	 0.0 	 5.23 
171 	 0.0 	 1.40 
172 	 0.0 	 1.95 
173 	 0.0 	 2.81 
174 	 0.0 	 3.74 
175 	 0.0 	 3.90 
176 	 0.0 	 0.23 
177 	 0.0 	 0.55 
178 	 0.0 	 4.60 
179 	 0.0 	 -1.56 
180 	 0.0 	 0.70 
181 	 0.0 	 2.11 
182 	 0.0 	 -0.55 
183 	 0.0 	 2.42 
184 	 0.0 	 1.95 
185 	 0.0 	 2.65 
186 	 0.0 	 2.96 
187 	 0.0 	 2.26 
188 	 0.0 	 1.09 
189 	 0.0 	 2.96 
190 	 0.0 	 2.11 
191 	 0.0 	 1.33 
192 	 0.0 	 0.70 
193 	 0.0 	 3.98 
194 	 0.0 	 2.57 
195 	 0.0 	 2.73 
196 	 0.0 	 1.72 
197 	 0.0 	 3.43 
198 	 0.0 	 2.26 
199 	 0.0 	 3.35 
200 	 0.0 	 0.31 
201 	 0.0 	 4.84 
202 	 0.0 	 1.87 
203 	 0.0 	 3.43 
204 	 0.0 	 2.26 
205 	 0.0 	 1.40 
206 	 0.0 	 0.23 
207 	 0.0 	 2.18 
208 	 0.0 	 2.11 
209 	 0.0 	 3.67 
210 	 0.0 	 5.30 
211 	 0.0 	 3.67 
212 	 0.0 	 3.82 
213 	 0.0 	 2.42 
214 	 0.0 	 2.18 
215 	 0.0 	 2.03 
216 	 0.0 	 2.57 
217 	 0.0 	 1.25 
218 	 0.0 	 2.50 
219 	 0.0 	 2.57 
220 	 0.0 	 2.34 
221 	 0.0 	 2.42 
222 	 0.0 	 2.34 
223 	 0.0 	 2.57 
224 	 0.0 	 2.57 
225 	 0.0 	 2.73 
226 	 0.0 	 2.34 
227 	 0.0 	 2.42 
228 	 0.0 	 2.42 
229 	 0.0 	 3.82 
230 	 0.0 	 2.34 
231 	 0.0 	 3.98 
232 	 0.0 	 1.40 
233 	 0.0 	 3.04 
234 	 0.0 	 1.33 
235 	 0.0 	 0.94 
236 	 0.0 	 2.81 
237 	 0.0 	 2.42 
238 	 0.0 	 1.56 
239 	 0.0 	 3.74 
240 	 0.0 	 -1.09 
241 	 0.0 	 -1.48 
242 	 0.0 	 3.28 
243 	 0.0 	 1.25 
244 	 0.0 	 1.17 
245 	 0.0 	 7.49 
246 	 0.0 	 5.69 
247 	 0.0 	 1.09 
248 	 0.0 	 2.96 
249 	 0.0 	 4.52 
250 	 0.0 	 1.25 
251 	 0.0 	 3.20 
252 	 0.0 	 2.26 
253 	 0.0 	 4.84 
254 	 0.0 	 5.15 
255 	 0.0 	 3.59 
256 	 0.0 	 4.60 
257 	 0.0 	 3.43 
258 	 0.0 	 4.06 
259 	 0.0 	 2.26 
260 	 0.0 	 -0.08 
261 	 0.0 	 6.71 
262 	 0.0 	 4.13 
263 	 0.0 	 3.59 
264 	 0.0 	 5.85 
265 	 0.0 	 2.96 
266 	 0.0 	 3.59 
267 	 0.0 	 1.01 
268 	 0.0 	 5.85 
269 	 0.0 	 0.94 
270 	 0.0 	 0.47 
271 	 0.0 	 0.86 
272 	 0.0 	 2.42 
273 	 0.0 	 3.51 
274 	 0.0 	 3.67 
275 	 0.0 	 0.62 
276 	 0.0 	 1.72 
277 	 0.0 	 0.78 
278 	 0.0 	 4.84 
279 	 0.0 	 2.18 
280 	 0.0 	 1.40 
281 	 0.0 	 3.43 
282 	 0.0 	 1.09 
283 	 0.0 	 0.78 
284 	 0.0 	 0.78 
285 	 0.0 	 1.17 
286 	 0.0 	 3.20 
287 	 0.0 	 2.42 
288 	 0.0 	 2.96 
289 	 0.0 	 2.57 
290 	 0.0 	 1.56 
291 	 0.0 	 2.18 
292 	 0.0 	 4.68 
293 	 0.0 	 1.79 
294 	 0.0 	 3.35 
295 	 0.0 	 3.35 
296 	 0.0 	 4.13 
297 	 0.0 	 3.43 
298 	 0.0 	 4.91 
299 	 0.0 	 3.67 
300 	 0.0 	 2.26 
301 	 0.0 	 3.12 
302 	 0.0 	 4.06 
303 	 0.0 	 3.82 
304 	 0.0 	 2.73 
305 	 0.0 	 2.03 
306 	 0.0 	 1.17 
307 	 0.0 	 1.33 
308 	 0.0 	 5.30 
309 	 0.0 	 0.31 
310 	 0.0 	 3.20 
311 	 0.0 	 2.81 
312 	 0.0 	 2.26 
313 	 0.0 	 1.01 
314 	 0.0 	 -0.47 
315 	 0.0 	 2.11 
316 	 0.0 	 -0.86 
317 	 0.0 	 1.40 
318 	 0.0 	 1.72 
319 	 0.0 	 3.20 
320 	 0.0 	 0.47 
321 	 0.0 	 2.50 
322 	 0.0 	 5.54 
323 	 0.0 	 2.03 
324 	 0.0 	 0.31 
325 	 0.0 	 2.50 
326 	 0.0 	 0.23 
327 	 0.0 	 1.01 
328 	 0.0 	 5.62 
329 	 0.0 	 1.01 
330 	 0.0 	 2.18 
331 	 0.0 	 2.96 
332 	 0.0 	 0.47 
333 	 0.0 	 20.83 
334 	 0.0 	 6.16 
335 	 0.0 	 1.48 
336 	 0.0 	 2.26 
337 	 0.0 	 10.14 
338 	 0.0 	 0.16 
339 	 0.0 	 3.67 
340 	 0.0 	 2.89 
341 	 0.0 	 -0.16 
342 	 0.0 	 1.79 
343 	 0.0 	 3.51 
344 	 0.0 	 3.90 
345 	 0.0 	 2.26 
346 	 0.0 	 3.98 
347 	 0.0 	 3.74 
348 	 0.0 	 3.67 
349 	 0.0 	 -0.08 
350 	 0.0 	 1.87 
351 	 0.0 	 2.34 
352 	 0.0 	 2.42 
353 	 0.0 	 3.35 
354 	 0.0 	 2.65 
355 	 0.0 	 6.24 
356 	 0.0 	 4.76 
357 	 0.0 	 7.80 
358 	 0.0 	 5.77 
359 	 0.0 	 7.18 
360 	 0.0 	 -2.81 
361 	 0.0 	 1.64 
362 	 0.0 	 1.09 
363 	 0.0 	 5.07 
364 	 0.0 	 5.38 
365 	 0.0 	 4.21 
366 	 0.0 	 -0.31 
367 	 0.0 	 2.42 
368 	 0.0 	 2.50 
369 	 0.0 	 2.65 
370 	 0.0 	 3.51 
371 	 0.0 	 3.67 
372 	 0.0 	 4.52 
373 	 0.0 	 2.03 
374 	 0.0 	 4.21 
375 	 0.0 	 3.59 
376 	 0.0 	 -2.89 
377 	 0.0 	 1.72 
378 	 0.0 	 1.48 
379 	 0.0 	 2.81 
380 	 0.0 	 2.73 
381 	 0.0 	 3.67 
382 	 0.0 	 3.20 
383 	 0.0 	 1.33 
384 	 0.0 	 3.59 
385 	 0.0 	 6.40 
386 	 0.0 	 2.42 
387 	 0.0 	 1.40 
388 	 0.0 	 0.70 
389 	 0.0 	 1.48 
390 	 0.0 	 3.59 
391 	 0.0 	 -0.70 
392 	 0.0 	 3.20 
393 	 0.0 	 1.33 
394 	 0.0 	 4.29 
395 	 0.0 	 4.06 
396 	 0.0 	 5.38 
397 	 0.0 	 1.25 
398 	 0.0 	 3.28 
399 	 0.0 	 -1.40 
400 	 0.0 	 1.33 
401 	 0.0 	 2.50 
402 	 0.0 	 3.20 
403 	 0.0 	 2.03 
404 	 0.0 	 3.67 
405 	 0.0 	 -2.26 
406 	 0.0 	 2.81 
407 	 0.0 	 6.63 
408 	 0.0 	 0.86 
409 	 0.0 	 4.13 
410 	 0.0 	 4.06 
411 	 0.0 	 4.52 
412 	 0.0 	 -0.16 
413 	 0.0 	 2.73 
414 	 0.0 	 4.21 
415 	 0.0 	 3.67 
416 	 0.0 	 1.56 
417 	 0.0 	 3.12 
418 	 0.0 	 3.04 
419 	 0.0 	 1.95 
420 	 0.0 	 1.09 
421 	 0.0 	 4.13 
422 	 0.0 	 -0.94 
423 	 0.0 	 1.48 
424 	 0.0 	 2.73 
425 	 0.0 	 1.95 
426 	 0.0 	 3.35 
427 	 0.0 	 1.09 
428 	 0.0 	 2.73 
429 	 0.0 	 2.26 
430 	 0.0 	 0.55 
431 	 0.0 	 3.04 
432 	 0.0 	 3.98 
433 	 0.0 	 4.60 
434 	 0.0 	 -0.23 
435 	 0.0 	 1.95 
436 	 0.0 	 1.72 
437 	 0.0 	 1.79 
438 	 0.0 	 2.50 
439 	 0.0 	 2.73 
440 	 0.0 	 2.50 
441 	 0.0 	 2.57 
442 	 0.0 	 2.57 
443 	 0.0 	 2.57 
444 	 0.0 	 2.50 
445 	 0.0 	 2.65 
446 	 0.0 	 2.57 
447 	 0.0 	 2.65 
448 	 0.0 	 2.57 
449 	 0.0 	 2.57 
450 	 0.0 	 2.57 
451 	 0.0 	 2.57 
452 	 0.0 	 2.50 
453 	 0.0 	 2.34 
454 	 0.0 	 2.57 
455 	 0.0 	 2.57 
456 	 0.0 	 5.77 
457 	 0.0 	 -2.34 
458 	 0.0 	 4.76 
459 	 0.0 	 2.11 
460 	 0.0 	 1.40 
461 	 0.0 	 5.07 
462 	 0.0 	 2.26 
463 	 0.0 	 2.57 
464 	 0.0 	 5.54 
465 	 0.0 	 1.79 
466 	 0.0 	 1.25 
467 	 0.0 	 2.11 
468 	 0.0 	 2.81 
469 	 0.0 	 0.55 
470 	 0.0 	 1.72 
471 	 0.0 	 2.03 
472 	 0.0 	 1.25 
473 	 0.0 	 3.67 
474 	 0.0 	 3.43 
475 	 0.0 	 4.13 
476 	 0.0 	 2.50 
477 	 0.0 	 2.42 
478 	 0.0 	 2.96 
479 	 0.0 	 4.99 
480 	 0.0 	 0.31 
481 	 0.0 	 3.20 
482 	 0.0 	 2.18 
483 	 0.0 	 3.51 
484 	 0.0 	 3.04 
485 	 0.0 	 3.43 
486 	 0.0 	 0.94 
487 	 0.0 	 2.34 
488 	 0.0 	 2.34 
489 	 0.0 	 2.57 
490 	 0.0 	 2.57 
491 	 0.0 	 2.57 
492 	 0.0 	 2.57 
493 	 0.0 	 2.81 
494 	 0.0 	 3.28 
495 	 0.0 	 1.64 
496 	 0.0 	 3.59 
497 	 0.0 	 4.52 
498 	 0.0 	 3.12 
499 	 0.0 	 2.89 
500 	 0.0 	 1.25 
501 	 0.0 	 2.81 
502 	 0.0 	 2.42 
503 	 0.0 	 1.56 
504 	 0.0 	 1.79 
505 	 0.0 	 2.34 
506 	 0.0 	 1.87 
507 	 0.0 	 1.01 
508 	 0.0 	 2.18 
509 	 0.0 	 2.26 
510 	 0.0 	 2.42 
511 	 0.0 	 -2.89 
512 	 0.0 	 2.11 
513 	 0.0 	 2.57 
514 	 0.0 	 4.06 
515 	 0.0 	 2.73 
516 	 0.0 	 1.87 
517 	 0.0 	 1.64 
518 	 0.0 	 1.40 
519 	 0.0 	 2.81 
520 	 0.0 	 2.11 
521 	 0.0 	 4.37 
522 	 0.0 	 2.73 
523 	 0.0 	 4.52 
524 	 0.0 	 3.59 
525 	 0.0 	 2.96 
526 	 0.0 	 1.56 
527 	 0.0 	 3.28 
528 	 0.0 	 2.81 
529 	 0.0 	 3.82 
530 	 0.0 	 3.04 
531 	 0.0 	 -1.17 
532 	 0.0 	 0.47 
533 	 0.0 	 2.96 
534 	 0.0 	 2.57 
535 	 0.0 	 2.50 
536 	 0.0 	 2.65 
537 	 0.0 	 2.57 
538 	 0.0 	 2.50 
539 	 0.0 	 2.57 
540 	 0.0 	 2.42 
541 	 0.0 	 2.34 
542 	 0.0 	 3.59 
543 	 0.0 	 3.28 
544 	 0.0 	 4.06 
545 	 0.0 	 6.71 
546 	 0.0 	 6.55 
547 	 0.0 	 3.43 
548 	 0.0 	 0.62 
549 	 0.0 	 1.72 
550 	 0.0 	 3.28 
551 	 0.0 	 3.82 
552 	 0.0 	 3.12 
553 	 0.0 	 3.28 
554 	 0.0 	 2.73 
555 	 0.0 	 3.28 
556 	 0.0 	 2.18 
557 	 0.0 	 1.25 
558 	 0.0 	 1.72 
559 	 0.0 	 4.13 
560 	 0.0 	 2.26 
561 	 0.0 	 3.98 
562 	 0.0 	 0.55 
563 	 0.0 	 3.51 
564 	 0.0 	 2.18 
565 	 0.0 	 2.73 
566 	 0.0 	 2.42 
567 	 0.0 	 2.65 
568 	 0.0 	 2.65 
569 	 0.0 	 2.65 
570 	 0.0 	 2.65 
571 	 0.0 	 2.65 
572 	 0.0 	 2.57 
573 	 0.0 	 2.65 
574 	 0.0 	 2.65 
575 	 0.0 	 2.73 
576 	 0.0 	 2.65 
577 	 0.0 	 2.89 
578 	 0.0 	 2.73 
579 	 0.0 	 2.81 
580 	 0.0 	 2.65 
581 	 0.0 	 3.04 
582 	 0.0 	 3.67 
583 	 0.0 	 -1.01 
584 	 0.0 	 7.41 
585 	 0.0 	 1.79 
586 	 0.0 	 1.64 
587 	 0.0 	 3.20 
588 	 0.0 	 -0.31 
589 	 0.0 	 2.73 
590 	 0.0 	 3.59 
591 	 0.0 	 2.89 
592 	 0.0 	 3.67 
593 	 0.0 	 1.56 
594 	 0.0 	 4.21 
595 	 0.0 	 3.35 
596 	 0.0 	 3.12 
597 	 0.0 	 3.67 
598 	 0.0 	 0.94 
599 	 0.0 	 3.59 
600 	 0.0 	 3.20 
601 	 0.0 	 -0.47 
602 	 0.0 	 2.18 
603 	 0.0 	 3.74 
604 	 0.0 	 2.73 
605 	 0.0 	 4.52 
606 	 0.0 	 1.95 
607 	 0.0 	 3.35 
608 	 0.0 	 2.96 
609 	 0.0 	 3.12 
610 	 0.0 	 2.34 
611 	 0.0 	 3.43 
612 	 0.0 	 -0.23 
613 	 0.0 	 2.03 
614 	 0.0 	 2.57 
615 	 0.0 	 3.51 
616 	 0.0 	 3.90 
617 	 0.0 	 4.45 
618 	 0.0 	 5.69 
619 	 0.0 	 -3.67 
620 	 0.0 	 -0.31 
621 	 0.0 	 3.59 
622 	 0.0 	 3.51 
623 	 0.0 	 2.11 
624 	 0.0 	 2.18 
625 	 0.0 	 0.94 
626 	 0.0 	 2.26 
627 	 0.0 	 1.09 
628 	 0.0 	 4.37 
629 	 0.0 	 4.76 
630 	 0.0 	 3.59 
631 	 0.0 	 2.57 
632 	 0.0 	 3.43 
633 	 0.0 	 1.01 
634 	 0.0 	 -1.48 
635 	 0.0 	 5.15 
636 	 0.0 	 2.65 
637 	 0.0 	 1.56 
638 	 0.0 	 3.12 
639 	 0.0 	 3.35 
640 	 0.0 	 2.34 
641 	 0.0 	 2.65 
642 	 0.0 	 2.96 
643 	 0.0 	 4.29 
644 	 0.0 	 2.50 
645 	 0.0 	 3.04 
646 	 0.0 	 3.82 
647 	 0.0 	 3.51 
648 	 0.0 	 2.11 
649 	 0.0 	 2.03 
650 	 0.0 	 2.65 
651 	 0.0 	 2.65 
652 	 0.0 	 2.42 
653 	 0.0 	 2.50 
654 	 0.0 	 3.12 
655 	 0.0 	 2.11 
656 	 0.0 	 0.94 
657 	 0.0 	 3.98 
658 	 0.0 	 2.73 
659 	 0.0 	 2.96 
660 	 0.0 	 2.18 
661 	 0.0 	 1.79 
662 	 0.0 	 3.35 
663 	 0.0 	 1.09 
664 	 0.0 	 0.62 
665 	 0.0 	 2.34 
666 	 0.0 	 2.96 
667 	 0.0 	 3.12 
668 	 0.0 	 2.81 
669 	 0.0 	 3.74 
670 	 0.0 	 1.87 
671 	 0.0 	 2.81 
672 	 0.0 	 3.04 
673 	 0.0 	 2.89 
674 	 0.0 	 2.73 
675 	 0.0 	 2.73 
676 	 0.0 	 2.73 
677 	 0.0 	 0.78 
678 	 0.0 	 1.87 
679 	 0.0 	 3.20 
680 	 0.0 	 5.77 
681 	 0.0 	 3.35 
682 	 0.0 	 5.62 
683 	 0.0 	 4.52 
684 	 0.0 	 4.13 
685 	 0.0 	 3.51 
686 	 0.0 	 3.12 
687 	 0.0 	 3.51 
688 	 0.0 	 2.89 
689 	 0.0 	 1.72 
690 	 0.0 	 4.21 
691 	 0.0 	 3.82 
692 	 0.0 	 3.20 
693 	 0.0 	 4.60 
694 	 0.0 	 0.94 
695 	 0.0 	 2.11 
696 	 0.0 	 2.50 
697 	 0.0 	 1.95 
698 	 0.0 	 3.90 
699 	 0.0 	 2.42 
700 	 0.0 	 -1.56 
701 	 0.0 	 -0.78 
702 	 0.0 	 3.51 
703 	 0.0 	 5.46 
704 	 0.0 	 2.42 
705 	 0.0 	 4.29 
706 	 0.0 	 3.20 
707 	 0.0 	 3.59 
708 	 0.0 	 4.68 
709 	 0.0 	 2.57 
710 	 0.0 	 3.74 
711 	 0.0 	 2.73 
712 	 0.0 	 -0.62 
713 	 0.0 	 3.20 
714 	 0.0 	 2.11 
715 	 0.0 	 2.34 
716 	 0.0 	 4.37 
717 	 0.0 	 1.95 
718 	 0.0 	 3.67 
719 	 0.0 	 5.07 
720 	 0.0 	 4.06 
721 	 0.0 	 2.89 
722 	 0.0 	 1.87 
723 	 0.0 	 1.25 
724 	 0.0 	 3.12 
725 	 0.0 	 2.03 
726 	 0.0 	 2.34 
727 	 0.0 	 2.57 
728 	 0.0 	 2.73 
729 	 0.0 	 2.42 
730 	 0.0 	 3.35 
731 	 0.0 	 1.01 
732 	 0.0 	 2.42 
733 	 0.0 	 0.00 
734 	 0.0 	 5.23 
735 	 0.0 	 3.74 
736 	 0.0 	 2.50 
737 	 0.0 	 2.34 
738 	 0.0 	 -0.55 
739 	 0.0 	 1.25 
740 	 0.0 	 0.86 
741 	 0.0 	 3.67 
742 	 0.0 	 3.59 
743 	 0.0 	 0.70 
744 	 0.0 	 -0.62 
745 	 0.0 	 0.55 
746 	 0.0 	 2.03 
747 	 0.0 	 -0.23 
748 	 0.0 	 4.13 
749 	 0.0 	 4.91 
750 	 0.0 	 1.33 
751 	 0.0 	 1.56 
752 	 0.0 	 1.09 
753 	 0.0 	 -2.50 
754 	 0.0 	 1.25 
755 	 0.0 	 1.33 
756 	 0.0 	 0.55 
757 	 0.0 	 4.52 
758 	 0.0 	 1.25 
759 	 0.0 	 2.34 
760 	 0.0 	 2.03 
761 	 0.0 	 2.57 
762 	 0.0 	 2.73 
763 	 0.0 	 3.20 
764 	 0.0 	 1.79 
765 	 0.0 	 3.12 
766 	 0.0 	 2.81 
767 	 0.0 	 0.94 
768 	 0.0 	 2.57 
769 	 0.0 	 3.20 
770 	 0.0 	 3.51 
771 	 0.0 	 -0.47 
772 	 0.0 	 3.43 
773 	 0.0 	 3.04 
774 	 0.0 	 2.34 
775 	 0.0 	 0.86 
776 	 0.0 	 1.48 
777 	 0.0 	 2.57 
778 	 0.0 	 4.29 
779 	 0.0 	 3.67 
780 	 0.0 	 -1.56 
781 	 0.0 	 1.56 
782 	 0.0 	 3.59 
783 	 0.0 	 2.57 
784 	 0.0 	 2.03 
785 	 0.0 	 2.96 
786 	 0.0 	 1.87 
787 	 0.0 	 6.32 
788 	 0.0 	 6.55 
789 	 0.0 	 3.04 
790 	 0.0 	 -0.16 
791 	 0.0 	 1.95 
792 	 0.0 	 3.67 
793 	 0.0 	 -0.23 
794 	 0.0 	 0.31 
795 	 0.0 	 3.12 
796 	 0.0 	 1.33 
797 	 0.0 	 2.11 
798 	 0.0 	 3.59 
799 	 0.0 	 3.28 
800 	 0.0 	 1.87 
801 	 0.0 	 2.65 
802 	 0.0 	 1.64 
803 	 0.0 	 1.95 
804 	 0.0 	 3.59 
805 	 0.0 	 2.26 
806 	 0.0 	 1.48 
807 	 0.0 	 3.51 
808 	 0.0 	 2.34 
809 	 0.0 	 2.73 
810 	 0.0 	 2.50 
811 	 0.0 	 4.84 
812 	 0.0 	 4.21 
813 	 0.0 	 8.58 
814 	 0.0 	 4.68 
815 	 0.0 	 2.50 
816 	 0.0 	 2.89 
817 	 0.0 	 3.12 
818 	 0.0 	 1.95 
819 	 0.0 	 1.17 
820 	 0.0 	 2.26 
821 	 0.0 	 1.95 
822 	 0.0 	 5.30 
823 	 0.0 	 2.57 
824 	 0.0 	 5.23 
825 	 0.0 	 2.65 
826 	 0.0 	 2.81 
827 	 0.0 	 3.59 
828 	 0.0 	 1.33 
829 	 0.0 	 5.54 
830 	 0.0 	 0.47 
831 	 0.0 	 2.26 
832 	 0.0 	 2.81 
833 	 0.0 	 0.31 
834 	 0.0 	 0.23 
835 	 0.0 	 4.84 
836 	 0.0 	 0.00 
837 	 0.0 	 1.40 
838 	 0.0 	 1.09 
839 	 0.0 	 2.11 
840 	 0.0 	 2.57 
841 	 0.0 	 3.90 
842 	 0.0 	 2.26 
843 	 0.0 	 3.59 
844 	 0.0 	 4.45 
845 	 0.0 	 1.64 
846 	 0.0 	 2.26 
847 	 0.0 	 5.85 
848 	 0.0 	 3.20 
849 	 0.0 	 7.72 
850 	 0.0 	 1.01 
851 	 0.0 	 3.04 
852 	 0.0 	 1.64 
853 	 0.0 	 -0.08 
854 	 0.0 	 2.73 
855 	 0.0 	 2.57 
856 	 0.0 	 5.15 
857 	 0.0 	 4.13 
858 	 0.0 	 3.67 
859 	 0.0 	 2.42 
860 	 0.0 	 3.35 
861 	 0.0 	 5.30 
862 	 0.0 	 1.17 
863 	 0.0 	 -0.62 
864 	 0.0 	 -0.23 
865 	 0.0 	 8.35 
866 	 0.0 	 4.52 
867 	 0.0 	 2.89 
868 	 0.0 	 2.34 
869 	 0.0 	 1.79 
870 	 0.0 	 1.25 
871 	 0.0 	 2.26 
872 	 0.0 	 3.98 
873 	 0.0 	 2.26 
874 	 0.0 	 2.73 
875 	 0.0 	 2.57 
876 	 0.0 	 1.01 
877 	 0.0 	 3.28 
878 	 0.0 	 2.42 
879 	 0.0 	 4.84 
880 	 0.0 	 4.52 
881 	 0.0 	 3.98 
882 	 0.0 	 1.56 
883 	 0.0 	 3.20 
884 	 0.0 	 4.84 
885 	 0.0 	 3.43 
886 	 0.0 	 3.04 
887 	 0.0 	 2.73 
888 	 0.0 	 4.52 
889 	 0.0 	 3.20 
890 	 0.0 	 2.50 
891 	 0.0 	 4.29 
892 	 0.0 	 3.20 
893 	 0.0 	 6.47 
894 	 0.0 	 -1.72 
895 	 0.0 	 1.56 
896 	 0.0 	 1.48 
897 	 0.0 	 0.94 
898 	 0.0 	 2.26 
899 	 0.0 	 2.34 
900 	 0.0 	 3.98 
901 	 0.0 	 2.26 
902 	 0.0 	 1.40 
903 	 0.0 	 8.66 
904 	 0.0 	 0.62 
905 	 0.0 	 2.03 
906 	 0.0 	 4.91 
907 	 0.0 	 3.98 
908 	 0.0 	 2.89 
909 	 0.0 	 2.42 
910 	 0.0 	 2.18 
911 	 0.0 	 2.18 
912 	 0.0 	 5.30 
913 	 0.0 	 3.90 
914 	 0.0 	 2.57 
915 	 0.0 	 0.23 
916 	 0.0 	 4.37 
917 	 0.0 	 1.79 
918 	 0.0 	 -0.86 
919 	 0.0 	 0.00 
920 	 0.0 	 1.64 
921 	 0.0 	 1.40 
922 	 0.0 	 2.11 
923 	 0.0 	 0.94 
924 	 0.0 	 1.72 
925 	 0.0 	 2.34 
926 	 0.0 	 2.34 
927 	 0.0 	 2.26 
928 	 0.0 	 6.94 
929 	 0.0 	 2.81 
930 	 0.0 	 2.65 
931 	 0.0 	 3.82 
932 	 0.0 	 1.09 
933 	 0.0 	 2.65 
934 	 0.0 	 1.25 
935 	 0.0 	 2.03 
936 	 0.0 	 3.82 
937 	 0.0 	 2.11 
938 	 0.0 	 4.21 
939 	 0.0 	 4.13 
940 	 0.0 	 2.50 
941 	 0.0 	 -3.12 
942 	 0.0 	 6.79 
943 	 0.0 	 -2.26 
944 	 0.0 	 -2.81 
945 	 0.0 	 2.73 
946 	 0.0 	 0.00 
947 	 0.0 	 -6.01 
948 	 0.0 	 1.56 
949 	 0.0 	 1.33 
950 	 0.0 	 4.21 
951 	 0.0 	 -2.50 
952 	 0.0 	 2.42 
953 	 0.0 	 3.20 
954 	 0.0 	 1.95 
955 	 0.0 	 6.01 
956 	 0.0 	 2.03 
957 	 0.0 	 2.96 
958 	 0.0 	 2.65 
959 	 0.0 	 2.73 
960 	 0.0 	 3.28 
961 	 0.0 	 0.16 
962 	 0.0 	 3.04 
963 	 0.0 	 2.26 
964 	 0.0 	 2.11 
965 	 0.0 	 2.18 
966 	 0.0 	 0.16 
967 	 0.0 	 3.82 
968 	 0.0 	 1.09 
969 	 0.0 	 1.25 
970 	 0.0 	 0.94 
971 	 0.0 	 2.81 
972 	 0.0 	 2.26 
973 	 0.0 	 1.48 
974 	 0.0 	 3.20 
975 	 0.0 	 0.94 
976 	 0.0 	 2.11 
977 	 0.0 	 2.50 
978 	 0.0 	 0.08 
979 	 0.0 	 3.98 
980 	 0.0 	 0.39 
981 	 0.0 	 2.26 
982 	 0.0 	 5.93 
983 	 0.0 	 1.87 
984 	 0.0 	 1.01 
985 	 0.0 	 3.28 
986 	 0.0 	 1.48 
987 	 0.0 	 2.81 
988 	 0.0 	 1.64 
989 	 0.0 	 -0.23 
990 	 0.0 	 -0.16 
991 	 0.0 	 -1.09 
992 	 0.0 	 5.54 
993 	 0.0 	 -0.47 
994 	 0.0 	 2.81 
995 	 0.0 	 3.20 
996 	 0.0 	 2.89 
997 	 0.0 	 3.04 
998 	 0.0 	 -0.31 
999 	 0.0 	 1.56 
1000 	 0.0 	 2.50 
1001 	 0.0 	 3.04 
1002 	 0.0 	 1.95 
1003 	 0.0 	 3.90 
1004 	 0.0 	 3.43 
1005 	 0.0 	 1.56 
1006 	 0.0 	 2.57 
1007 	 0.0 	 3.51 
1008 	 0.0 	 3.67 
1009 	 0.0 	 2.11 
1010 	 0.0 	 2.81 
1011 	 0.0 	 2.03 
1012 	 0.0 	 4.37 
1013 	 0.0 	 2.42 
1014 	 0.0 	 2.42 
1015 	 0.0 	 2.89 
1016 	 0.0 	 0.47 
1017 	 0.0 	 5.69 
1018 	 0.0 	 0.94 
1019 	 0.0 	 2.26 
1020 	 0.0 	 2.26 
1021 	 0.0 	 2.26 
1022 	 0.0 	 2.11 
1023 	 0.0 	 2.26 
1024 	 0.0 	 2.18 
1025 	 0.0 	 2.18 
1026 	 0.0 	 2.26 
1027 	 0.0 	 2.34 
1028 	 0.0 	 2.42 
1029 	 0.0 	 2.18 
1030 	 0.0 	 2.11 
1031 	 0.0 	 2.11 
1032 	 0.0 	 2.26 
1033 	 0.0 	 2.34 
1034 	 0.0 	 2.11 
1035 	 0.0 	 2.26 
1036 	 0.0 	 2.26 
1037 	 0.0 	 3.12 
1038 	 0.0 	 2.34 
1039 	 0.0 	 6.24 
1040 	 0.0 	 4.99 
1041 	 0.0 	 2.96 
1042 	 0.0 	 3.43 
1043 	 0.0 	 3.51 
1044 	 0.0 	 1.64 
1045 	 0.0 	 3.12 
1046 	 0.0 	 3.35 
1047 	 0.0 	 0.86 
1048 	 0.0 	 0.78 
1049 	 0.0 	 4.06 
1050 	 0.0 	 4.76 
1051 	 0.0 	 2.65 
1052 	 0.0 	 0.08 
1053 	 0.0 	 2.42 
1054 	 0.0 	 3.20 
1055 	 0.0 	 2.73 
1056 	 0.0 	 2.73 
1057 	 0.0 	 4.37 
1058 	 0.0 	 1.33 
1059 	 0.0 	 2.57 
1060 	 0.0 	 -2.26 
1061 	 0.0 	 3.20 
1062 	 0.0 	 1.09 
1063 	 0.0 	 1.64 
1064 	 0.0 	 2.73 
1065 	 0.0 	 0.78 
1066 	 0.0 	 6.40 
1067 	 0.0 	 3.35 
1068 	 0.0 	 2.89 
1069 	 0.0 	 3.74 
1070 	 0.0 	 2.50 
1071 	 0.0 	 6.79 
1072 	 0.0 	 2.57 
1073 	 0.0 	 2.26 
1074 	 0.0 	 3.28 
1075 	 0.0 	 2.11 
1076 	 0.0 	 4.06 
1077 	 0.0 	 2.57 
1078 	 0.0 	 5.93 
1079 	 0.0 	 4.68 
1080 	 0.0 	 1.01 
1081 	 0.0 	 2.18 
1082 	 0.0 	 2.03 
1083 	 0.0 	 4.21 
1084 	 0.0 	 0.16 
1085 	 0.0 	 0.47 
1086 	 0.0 	 1.72 
1087 	 0.0 	 2.26 
1088 	 0.0 	 2.73 
1089 	 0.0 	 3.20 
1090 	 0.0 	 2.65 
1091 	 0.0 	 1.72 
1092 	 0.0 	 2.81 
1093 	 0.0 	 3.59 
1094 	 0.0 	 -0.70 
1095 	 0.0 	 1.33 
1096 	 0.0 	 2.26 
1097 	 0.0 	 0.86 
1098 	 0.0 	 2.34 
1099 	 0.0 	 1.25 
1100 	 0.0 	 2.11 
1101 	 0.0 	 0.16 
1102 	 0.0 	 2.57 
1103 	 0.0 	 4.13 
1104 	 0.0 	 1.79 
1105 	 0.0 	 4.29 
1106 	 0.0 	 3.20 
1107 	 0.0 	 3.74 
1108 	 0.0 	 6.71 
1109 	 0.0 	 1.72 
1110 	 0.0 	 1.72 
1111 	 0.0 	 6.32 
1112 	 0.0 	 -0.16 
1113 	 0.0 	 2.03 
1114 	 0.0 	 0.08 
1115 	 0.0 	 6.32 
1116 	 0.0 	 5.30 
1117 	 0.0 	 6.55 
1118 	 0.0 	 5.30 
1119 	 0.0 	 2.34 
1120 	 0.0 	 3.82 
1121 	 0.0 	 3.90 
1122 	 0.0 	 4.91 
1123 	 0.0 	 1.87 
1124 	 0.0 	 4.06 
1125 	 0.0 	 -0.62 
1126 	 0.0 	 1.17 
1127 	 0.0 	 2.26 
1128 	 0.0 	 0.08 
1129 	 0.0 	 2.81 
1130 	 0.0 	 1.87 
1131 	 0.0 	 1.48 
1132 	 0.0 	 1.87 
1133 	 0.0 	 3.98 
1134 	 0.0 	 0.23 
1135 	 0.0 	 1.72 
1136 	 0.0 	 2.11 
1137 	 0.0 	 2.42 
1138 	 0.0 	 3.90 
1139 	 0.0 	 5.69 
1140 	 0.0 	 2.65 
1141 	 0.0 	 2.81 
1142 	 0.0 	 0.78 
1143 	 0.0 	 2.26 
1144 	 0.0 	 0.47 
1145 	 0.0 	 2.65 
1146 	 0.0 	 1.64 
1147 	 0.0 	 1.17 
1148 	 0.0 	 2.34 
1149 	 0.0 	 3.04 
1150 	 0.0 	 2.57 
1151 	 0.0 	 2.11 
1152 	 0.0 	 3.43 
1153 	 0.0 	 3.59 
1154 	 0.0 	 2.81 
1155 	 0.0 	 -2.34 
1156 	 0.0 	 3.90 
1157 	 0.0 	 1.79 
1158 	 0.0 	 1.56 
1159 	 0.0 	 2.57 
1160 	 0.0 	 2.11 
1161 	 0.0 	 1.56 
1162 	 0.0 	 0.70 
1163 	 0.0 	 0.94 
1164 	 0.0 	 7.80 
1165 	 0.0 	 3.12 
1166 	 0.0 	 3.20 
1167 	 0.0 	 2.96 
1168 	 0.0 	 1.48 
1169 	 0.0 	 1.33 
1170 	 0.0 	 3.12 
1171 	 0.0 	 4.68 
1172 	 0.0 	 3.04 
1173 	 0.0 	 3.20 
1174 	 0.0 	 4.91 
1175 	 0.0 	 2.11 
1176 	 0.0 	 1.56 
1177 	 0.0 	 4.68 
1178 	 0.0 	 1.33 
1179 	 0.0 	 2.81 
1180 	 0.0 	 3.20 
1181 	 0.0 	 1.72 
1182 	 0.0 	 3.20 
1183 	 0.0 	 4.06 
1184 	 0.0 	 0.55 
1185 	 0.0 	 2.11 
1186 	 0.0 	 1.17 
1187 	 0.0 	 3.04 
1188 	 0.0 	 1.56 
1189 	 0.0 	 3.51 
1190 	 0.0 	 1.79 
1191 	 0.0 	 2.42 
1192 	 0.0 	 2.73 
1193 	 0.0 	 2.81 
1194 	 0.0 	 1.48 
1195 	 0.0 	 3.98 
1196 	 0.0 	 2.50 
1197 	 0.0 	 -0.70 
1198 	 0.0 	 4.60 
1199 	 0.0 	 3.43 
1200 	 0.0 	 0.62 
1201 	 0.0 	 2.50 
1202 	 0.0 	 2.65 
1203 	 0.0 	 3.90 
1204 	 0.0 	 3.43 
1205 	 0.0 	 4.13 
1206 	 0.0 	 2.42 
1207 	 0.0 	 2.57 
1208 	 0.0 	 2.03 
1209 	 0.0 	 5.30 
1210 	 0.0 	 2.18 
1211 	 0.0 	 3.35 
1212 	 0.0 	 3.51 
1213 	 0.0 	 1.48 
1214 	 0.0 	 1.09 
1215 	 0.0 	 3.74 
1216 	 0.0 	 3.43 
1217 	 0.0 	 2.81 
1218 	 0.0 	 2.81 
1219 	 0.0 	 2.81 
1220 	 0.0 	 2.42 
1221 	 0.0 	 2.26 
1222 	 0.0 	 1.79 
1223 	 0.0 	 2.50 
1224 	 0.0 	 2.42 
1225 	 0.0 	 2.34 
1226 	 0.0 	 2.42 
1227 	 0.0 	 2.42 
1228 	 0.0 	 2.42 
1229 	 0.0 	 2.34 
1230 	 0.0 	 2.34 
1231 	 0.0 	 2.34 
1232 	 0.0 	 2.50 
1233 	 0.0 	 2.26 
1234 	 0.0 	 2.57 
1235 	 0.0 	 1.87 
1236 	 0.0 	 3.43 
1237 	 0.0 	 1.01 
1238 	 0.0 	 2.50 
1239 	 0.0 	 3.67 
1240 	 0.0 	 1.40 
1241 	 0.0 	 3.04 
1242 	 0.0 	 2.89 
1243 	 0.0 	 2.50 
1244 	 0.0 	 2.89 
1245 	 0.0 	 3.59 
1246 	 0.0 	 1.87 
1247 	 0.0 	 3.12 
1248 	 0.0 	 3.82 
1249 	 0.0 	 3.20 
1250 	 0.0 	 2.57 
1251 	 0.0 	 2.81 
1252 	 0.0 	 2.26 
1253 	 0.0 	 4.45 
1254 	 0.0 	 2.65 
1255 	 0.0 	 1.09 
1256 	 0.0 	 2.65 
1257 	 0.0 	 2.11 
1258 	 0.0 	 3.28 
1259 	 0.0 	 2.73 
1260 	 0.0 	 2.03 
1261 	 0.0 	 2.50 
1262 	 0.0 	 3.20 
1263 	 0.0 	 1.95 
1264 	 0.0 	 2.81 
1265 	 0.0 	 3.12 
1266 	 0.0 	 3.12 
1267 	 0.0 	 3.35 
1268 	 0.0 	 1.95 
1269 	 0.0 	 4.60 
1270 	 0.0 	 3.04 
1271 	 0.0 	 2.81 
1272 	 0.0 	 3.43 
1273 	 0.0 	 3.12 
1274 	 0.0 	 3.74 
1275 	 0.0 	 4.13 
1276 	 0.0 	 0.00 
1277 	 0.0 	 3.43 
1278 	 0.0 	 2.03 
1279 	 0.0 	 3.28 
1280 	 0.0 	 1.64 
1281 	 0.0 	 5.07 
1282 	 0.0 	 4.91 
1283 	 0.0 	 4.84 
1284 	 0.0 	 4.37 
1285 	 0.0 	 2.50 
1286 	 0.0 	 3.28 
1287 	 0.0 	 2.57 
1288 	 0.0 	 4.68 
1289 	 0.0 	 3.35 
1290 	 0.0 	 2.96 
1291 	 0.0 	 2.11 
1292 	 0.0 	 4.45 
1293 	 0.0 	 2.11 
1294 	 0.0 	 3.35 
1295 	 0.0 	 3.90 
1296 	 0.0 	 2.89 
1297 	 0.0 	 2.81 
1298 	 0.0 	 1.79 
1299 	 0.0 	 3.20 
1300 	 0.0 	 2.81 
1301 	 0.0 	 2.96 
1302 	 0.0 	 3.43 
1303 	 0.0 	 3.43 
1304 	 0.0 	 2.65 
1305 	 0.0 	 2.34 
1306 	 0.0 	 3.51 
1307 	 0.0 	 3.67 
1308 	 0.0 	 2.89 
1309 	 0.0 	 2.73 
1310 	 0.0 	 3.98 
1311 	 0.0 	 3.74 
1312 	 0.0 	 3.51 
1313 	 0.0 	 2.81 
1314 	 0.0 	 4.45 
1315 	 0.0 	 4.13 
1316 	 0.0 	 2.81 
1317 	 0.0 	 2.96 
1318 	 0.0 	 3.12 
1319 	 0.0 	 3.59 
1320 	 0.0 	 2.73 
1321 	 0.0 	 3.04 
1322 	 0.0 	 4.91 
1323 	 0.0 	 2.03 
1324 	 0.0 	 2.89 
1325 	 0.0 	 2.03 
1326 	 0.0 	 2.65 
1327 	 0.0 	 4.13 
1328 	 0.0 	 3.28 
1329 	 0.0 	 3.43 
1330 	 0.0 	 3.51 
1331 	 0.0 	 2.11 
1332 	 0.0 	 2.42 
1333 	 0.0 	 1.33 
1334 	 0.0 	 3.98 
1335 	 0.0 	 1.95 
1336 	 0.0 	 2.42 
1337 	 0.0 	 1.64 
1338 	 0.0 	 4.52 
1339 	 0.0 	 2.89 
1340 	 0.0 	 3.04 
1341 	 0.0 	 5.77 
1342 	 0.0 	 2.11 
1343 	 0.0 	 3.28 
1344 	 0.0 	 2.57 
1345 	 0.0 	 2.73 
1346 	 0.0 	 2.73 
1347 	 0.0 	 3.67 
1348 	 0.0 	 2.81 
1349 	 0.0 	 1.95 
1350 	 0.0 	 3.67 
1351 	 0.0 	 2.42 
1352 	 0.0 	 2.81 
1353 	 0.0 	 3.04 
1354 	 0.0 	 2.81 
1355 	 0.0 	 2.50 
1356 	 0.0 	 2.65 
1357 	 0.0 	 3.04 
1358 	 0.0 	 3.82 
1359 	 0.0 	 1.72 
1360 	 0.0 	 1.17 
1361 	 0.0 	 3.12 
1362 	 0.0 	 3.51 
1363 	 0.0 	 3.12 
1364 	 0.0 	 2.81 
1365 	 0.0 	 3.82 
1366 	 0.0 	 2.89 
1367 	 0.0 	 2.96 
1368 	 0.0 	 2.89 
1369 	 0.0 	 2.50 
1370 	 0.0 	 2.96 
1371 	 0.0 	 2.81 
1372 	 0.0 	 3.67 
1373 	 0.0 	 1.87 
1374 	 0.0 	 3.04 
1375 	 0.0 	 3.35 
1376 	 0.0 	 1.95 
1377 	 0.0 	 3.04 
1378 	 0.0 	 2.96 
1379 	 0.0 	 3.28 
1380 	 0.0 	 2.03 
1381 	 0.0 	 2.34 
1382 	 0.0 	 2.50 
1383 	 0.0 	 3.43 
1384 	 0.0 	 3.04 
1385 	 0.0 	 2.81 
1386 	 0.0 	 4.13 
1387 	 0.0 	 3.20 
1388 	 0.0 	 2.50 
1389 	 0.0 	 2.81 
1390 	 0.0 	 1.72 
1391 	 0.0 	 3.04 
1392 	 0.0 	 2.26 
1393 	 0.0 	 2.81 
1394 	 0.0 	 2.42 
1395 	 0.0 	 2.18 
1396 	 0.0 	 2.57 
1397 	 0.0 	 2.50 
1398 	 0.0 	 2.89 
1399 	 0.0 	 2.73 
1400 	 0.0 	 2.65 
1401 	 0.0 	 2.81 
1402 	 0.0 	 2.57 
1403 	 0.0 	 3.67 
1404 	 0.0 	 2.34 
1405 	 0.0 	 2.73 
1406 	 0.0 	 3.20 
1407 	 0.0 	 4.76 
1408 	 0.0 	 2.42 
1409 	 0.0 	 1.95 
1410 	 0.0 	 2.81 
1411 	 0.0 	 2.18 
1412 	 0.0 	 2.18 
1413 	 0.0 	 2.73 
1414 	 0.0 	 2.65 
1415 	 0.0 	 2.34 
1416 	 0.0 	 1.79 
1417 	 0.0 	 2.89 
1418 	 0.0 	 2.42 
1419 	 0.0 	 2.26 
1420 	 0.0 	 3.51 
1421 	 0.0 	 2.42 
1422 	 0.0 	 2.50 
1423 	 0.0 	 2.42 
1424 	 0.0 	 3.74 
1425 	 0.0 	 3.51 
1426 	 0.0 	 3.59 
1427 	 0.0 	 2.57 
1428 	 0.0 	 2.65 
1429 	 0.0 	 3.74 
1430 	 0.0 	 3.51 
1431 	 0.0 	 2.73 
1432 	 0.0 	 3.35 
1433 	 0.0 	 2.96 
1434 	 0.0 	 2.81 
1435 	 0.0 	 2.50 
1436 	 0.0 	 2.89 
1437 	 0.0 	 3.90 
1438 	 0.0 	 3.90 
1439 	 0.0 	 2.57 
1440 	 0.0 	 3.82 
1441 	 0.0 	 3.74 
1442 	 0.0 	 4.13 
1443 	 0.0 	 3.20 
1444 	 0.0 	 3.20 
1445 	 0.0 	 3.04 
1446 	 0.0 	 3.43 
1447 	 0.0 	 3.12 
1448 	 0.0 	 3.51 
1449 	 0.0 	 2.57 
1450 	 0.0 	 2.81 
1451 	 0.0 	 4.76 
1452 	 0.0 	 3.12 
1453 	 0.0 	 3.12 
1454 	 0.0 	 2.73 
1455 	 0.0 	 2.42 
1456 	 0.0 	 2.18 
1457 	 0.0 	 2.89 
1458 	 0.0 	 3.35 
1459 	 0.0 	 2.65 
1460 	 0.0 	 3.43 
1461 	 0.0 	 3.98 
1462 	 0.0 	 2.57 
1463 	 0.0 	 2.81 
1464 	 0.0 	 2.57 
1465 	 0.0 	 2.26 
1466 	 0.0 	 2.50 
1467 	 0.0 	 2.73 
1468 	 0.0 	 2.42 
1469 	 0.0 	 2.34 
1470 	 0.0 	 2.96 
1471 	 0.0 	 3.90 
1472 	 0.0 	 4.21 
1473 	 0.0 	 2.42 
1474 	 0.0 	 3.35 
1475 	 0.0 	 2.57 
1476 	 0.0 	 3.82 
1477 	 0.0 	 2.81 
1478 	 0.0 	 2.96 
1479 	 0.0 	 2.57 
1480 	 0.0 	 3.20 
1481 	 0.0 	 2.73 
1482 	 0.0 	 3.51 
1483 	 0.0 	 3.59 
1484 	 0.0 	 2.34 
1485 	 0.0 	 2.81 
1486 	 0.0 	 4.45 
1487 	 0.0 	 3.67 
1488 	 0.0 	 3.43 
1489 	 0.0 	 3.12 
1490 	 0.0 	 3.04 
1491 	 0.0 	 1.87 
1492 	 0.0 	 3.90 
1493 	 0.0 	 2.50 
1494 	 0.0 	 3.67 
1495 	 0.0 	 2.96 
1496 	 0.0 	 2.57 
1497 	 0.0 	 3.12 
1498 	 0.0 	 2.73 
1499 	 0.0 	 2.65 
1500 	 0.0 	 2.42 
1501 	 0.0 	 2.50 
1502 	 0.0 	 1.72 
1503 	 0.0 	 2.03 
1504 	 0.0 	 2.42 
1505 	 0.0 	 2.50 
1506 	 0.0 	 2.42 
1507 	 0.0 	 2.03 
1508 	 0.0 	 2.65 
1509 	 0.0 	 2.81 
1510 	 0.0 	 1.72 
1511 	 0.0 	 3.20 
1512 	 0.0 	 2.34 
1513 	 0.0 	 2.81 
1514 	 0.0 	 2.34 
1515 	 0.0 	 3.51 
1516 	 0.0 	 3.12 
1517 	 0.0 	 2.03 
1518 	 0.0 	 2.50 
1519 	 0.0 	 3.20 
1520 	 0.0 	 2.57 
1521 	 0.0 	 3.67 
1522 	 0.0 	 2.96 
1523 	 0.0 	 4.52 
1524 	 0.0 	 0.23 
1525 	 0.0 	 -0.08 
1526 	 0.0 	 2.57 
1527 	 0.0 	 0.08 
1528 	 0.0 	 3.43 
1529 	 0.0 	 2.50 
1530 	 0.0 	 2.89 
1531 	 0.0 	 5.07 
1532 	 0.0 	 3.82 
1533 	 0.0 	 3.51 
1534 	 0.0 	 4.52 
1535 	 0.0 	 4.13 
1536 	 0.0 	 3.82 
1537 	 0.0 	 3.90 
1538 	 0.0 	 4.21 
1539 	 0.0 	 3.90 
1540 	 0.0 	 4.21 
1541 	 0.0 	 4.37 
1542 	 0.0 	 4.06 
1543 	 0.0 	 3.90 
1544 	 0.0 	 3.98 
1545 	 0.0 	 3.74 
1546 	 0.0 	 1.40 
1547 	 0.0 	 3.04 
1548 	 0.0 	 2.89 
1549 	 0.0 	 2.96 
1550 	 0.0 	 2.34 
1551 	 0.0 	 3.04 
