1 	 0.0 	 9.52 
2 	 0.0 	 9.67 
3 	 0.0 	 9.59 
4 	 0.0 	 9.67 
5 	 0.0 	 9.59 
6 	 0.0 	 9.59 
7 	 0.0 	 9.67 
8 	 0.0 	 9.59 
9 	 0.0 	 9.59 
10 	 0.0 	 9.52 
11 	 0.0 	 9.44 
12 	 0.0 	 9.59 
13 	 0.0 	 9.67 
14 	 0.0 	 9.67 
15 	 0.0 	 9.59 
16 	 0.0 	 9.67 
17 	 0.0 	 9.67 
18 	 0.0 	 9.59 
19 	 0.0 	 9.59 
20 	 0.0 	 9.59 
21 	 0.0 	 9.59 
22 	 0.0 	 9.59 
23 	 0.0 	 9.67 
24 	 0.0 	 9.52 
25 	 0.0 	 9.36 
26 	 0.0 	 9.36 
27 	 0.0 	 9.52 
28 	 0.0 	 9.59 
29 	 0.0 	 9.52 
30 	 0.0 	 9.67 
31 	 0.0 	 9.67 
32 	 0.0 	 9.52 
33 	 0.0 	 9.52 
34 	 0.0 	 9.20 
35 	 0.0 	 9.44 
36 	 0.0 	 8.97 
37 	 0.0 	 9.28 
38 	 0.0 	 9.67 
39 	 0.0 	 9.20 
40 	 0.0 	 9.52 
41 	 0.0 	 9.75 
42 	 0.0 	 9.52 
43 	 0.0 	 9.91 
44 	 0.0 	 9.75 
45 	 0.0 	 9.98 
46 	 0.0 	 11.15 
47 	 0.0 	 9.83 
48 	 0.0 	 10.92 
49 	 0.0 	 9.36 
50 	 0.0 	 9.67 
51 	 0.0 	 9.52 
52 	 0.0 	 10.61 
53 	 0.0 	 9.75 
54 	 0.0 	 9.52 
55 	 0.0 	 9.67 
56 	 0.0 	 10.30 
57 	 0.0 	 9.44 
58 	 0.0 	 9.75 
59 	 0.0 	 9.52 
60 	 0.0 	 9.28 
61 	 0.0 	 10.61 
62 	 0.0 	 10.30 
63 	 0.0 	 10.61 
64 	 0.0 	 11.93 
65 	 0.0 	 8.42 
66 	 0.0 	 9.59 
67 	 0.0 	 9.44 
68 	 0.0 	 8.97 
69 	 0.0 	 9.52 
70 	 0.0 	 9.91 
71 	 0.0 	 10.84 
72 	 0.0 	 9.36 
73 	 0.0 	 9.52 
74 	 0.0 	 9.59 
75 	 0.0 	 9.36 
76 	 0.0 	 9.44 
77 	 0.0 	 9.13 
78 	 0.0 	 9.44 
79 	 0.0 	 9.67 
80 	 0.0 	 9.91 
81 	 0.0 	 9.44 
82 	 0.0 	 9.59 
83 	 0.0 	 9.52 
84 	 0.0 	 9.59 
85 	 0.0 	 9.59 
86 	 0.0 	 9.05 
87 	 0.0 	 10.53 
88 	 0.0 	 9.28 
89 	 0.0 	 9.75 
90 	 0.0 	 11.93 
91 	 0.0 	 10.69 
92 	 0.0 	 10.69 
93 	 0.0 	 14.35 
94 	 0.0 	 9.28 
95 	 0.0 	 9.83 
96 	 0.0 	 9.75 
97 	 0.0 	 9.75 
98 	 0.0 	 8.35 
99 	 0.0 	 7.57 
100 	 0.0 	 9.05 
101 	 0.0 	 11.31 
102 	 0.0 	 10.53 
103 	 0.0 	 8.50 
104 	 0.0 	 10.69 
105 	 0.0 	 9.36 
106 	 0.0 	 9.98 
107 	 0.0 	 7.41 
108 	 0.0 	 9.44 
109 	 0.0 	 11.15 
110 	 0.0 	 8.50 
111 	 0.0 	 10.06 
112 	 0.0 	 9.13 
113 	 0.0 	 10.22 
114 	 0.0 	 9.36 
115 	 0.0 	 10.30 
116 	 0.0 	 14.20 
117 	 0.0 	 9.67 
118 	 0.0 	 9.36 
119 	 0.0 	 8.27 
120 	 0.0 	 7.88 
121 	 0.0 	 9.52 
122 	 0.0 	 12.01 
123 	 0.0 	 5.23 
124 	 0.0 	 5.30 
125 	 0.0 	 7.25 
126 	 0.0 	 8.58 
127 	 0.0 	 11.23 
128 	 0.0 	 12.87 
129 	 0.0 	 9.98 
130 	 0.0 	 9.13 
131 	 0.0 	 12.01 
132 	 0.0 	 9.20 
133 	 0.0 	 11.23 
134 	 0.0 	 7.41 
135 	 0.0 	 7.72 
136 	 0.0 	 10.14 
137 	 0.0 	 10.14 
138 	 0.0 	 10.84 
139 	 0.0 	 10.45 
140 	 0.0 	 10.76 
141 	 0.0 	 11.15 
142 	 0.0 	 10.22 
143 	 0.0 	 9.44 
144 	 0.0 	 8.35 
145 	 0.0 	 8.19 
146 	 0.0 	 8.50 
147 	 0.0 	 14.43 
148 	 0.0 	 3.74 
149 	 0.0 	 9.91 
150 	 0.0 	 12.79 
151 	 0.0 	 7.88 
152 	 0.0 	 8.58 
153 	 0.0 	 10.45 
154 	 0.0 	 9.28 
155 	 0.0 	 10.14 
156 	 0.0 	 9.28 
157 	 0.0 	 8.81 
158 	 0.0 	 9.59 
159 	 0.0 	 9.36 
160 	 0.0 	 9.59 
161 	 0.0 	 10.69 
162 	 0.0 	 9.13 
163 	 0.0 	 10.76 
164 	 0.0 	 10.14 
165 	 0.0 	 11.31 
166 	 0.0 	 8.74 
167 	 0.0 	 10.92 
168 	 0.0 	 9.36 
169 	 0.0 	 9.67 
170 	 0.0 	 11.23 
171 	 0.0 	 9.52 
172 	 0.0 	 10.37 
173 	 0.0 	 12.79 
174 	 0.0 	 6.94 
175 	 0.0 	 6.94 
176 	 0.0 	 9.75 
177 	 0.0 	 6.08 
178 	 0.0 	 11.15 
179 	 0.0 	 13.81 
180 	 0.0 	 5.30 
181 	 0.0 	 12.71 
182 	 0.0 	 7.57 
183 	 0.0 	 6.47 
184 	 0.0 	 7.72 
185 	 0.0 	 9.91 
186 	 0.0 	 15.05 
187 	 0.0 	 9.36 
188 	 0.0 	 9.13 
189 	 0.0 	 10.84 
190 	 0.0 	 12.95 
191 	 0.0 	 11.47 
192 	 0.0 	 6.47 
193 	 0.0 	 5.93 
194 	 0.0 	 16.15 
195 	 0.0 	 7.57 
196 	 0.0 	 10.14 
197 	 0.0 	 8.74 
198 	 0.0 	 10.22 
199 	 0.0 	 12.71 
200 	 0.0 	 9.98 
201 	 0.0 	 8.50 
202 	 0.0 	 10.30 
203 	 0.0 	 7.57 
204 	 0.0 	 9.20 
205 	 0.0 	 7.96 
206 	 0.0 	 6.86 
207 	 0.0 	 11.70 
208 	 0.0 	 9.52 
209 	 0.0 	 10.37 
210 	 0.0 	 8.27 
211 	 0.0 	 8.89 
212 	 0.0 	 11.62 
213 	 0.0 	 10.61 
214 	 0.0 	 6.86 
215 	 0.0 	 9.75 
216 	 0.0 	 10.14 
217 	 0.0 	 9.67 
218 	 0.0 	 9.67 
219 	 0.0 	 9.59 
220 	 0.0 	 9.59 
221 	 0.0 	 9.59 
222 	 0.0 	 9.67 
223 	 0.0 	 9.52 
224 	 0.0 	 9.59 
225 	 0.0 	 9.28 
226 	 0.0 	 9.75 
227 	 0.0 	 9.52 
228 	 0.0 	 9.59 
229 	 0.0 	 9.36 
230 	 0.0 	 9.75 
231 	 0.0 	 9.98 
232 	 0.0 	 10.06 
233 	 0.0 	 10.22 
234 	 0.0 	 8.97 
235 	 0.0 	 8.50 
236 	 0.0 	 9.67 
237 	 0.0 	 9.91 
238 	 0.0 	 8.03 
239 	 0.0 	 9.83 
240 	 0.0 	 4.52 
241 	 0.0 	 5.62 
242 	 0.0 	 9.44 
243 	 0.0 	 13.18 
244 	 0.0 	 15.13 
245 	 0.0 	 10.76 
246 	 0.0 	 9.44 
247 	 0.0 	 12.79 
248 	 0.0 	 11.08 
249 	 0.0 	 9.59 
250 	 0.0 	 9.36 
251 	 0.0 	 7.64 
252 	 0.0 	 7.64 
253 	 0.0 	 7.88 
254 	 0.0 	 13.65 
255 	 0.0 	 7.88 
256 	 0.0 	 9.36 
257 	 0.0 	 8.27 
258 	 0.0 	 10.69 
259 	 0.0 	 14.12 
260 	 0.0 	 8.74 
261 	 0.0 	 7.57 
262 	 0.0 	 8.81 
263 	 0.0 	 17.00 
264 	 0.0 	 9.36 
265 	 0.0 	 11.93 
266 	 0.0 	 9.44 
267 	 0.0 	 7.72 
268 	 0.0 	 7.57 
269 	 0.0 	 9.05 
270 	 0.0 	 9.28 
271 	 0.0 	 8.89 
272 	 0.0 	 10.61 
273 	 0.0 	 6.08 
274 	 0.0 	 7.10 
275 	 0.0 	 9.67 
276 	 0.0 	 13.65 
277 	 0.0 	 8.89 
278 	 0.0 	 9.52 
279 	 0.0 	 9.52 
280 	 0.0 	 9.28 
281 	 0.0 	 9.83 
282 	 0.0 	 8.74 
283 	 0.0 	 7.25 
284 	 0.0 	 12.71 
285 	 0.0 	 8.89 
286 	 0.0 	 10.30 
287 	 0.0 	 9.98 
288 	 0.0 	 8.74 
289 	 0.0 	 12.48 
290 	 0.0 	 7.88 
291 	 0.0 	 13.03 
292 	 0.0 	 8.74 
293 	 0.0 	 11.47 
294 	 0.0 	 8.27 
295 	 0.0 	 9.75 
296 	 0.0 	 13.34 
297 	 0.0 	 0.62 
298 	 0.0 	 8.19 
299 	 0.0 	 7.64 
300 	 0.0 	 8.11 
301 	 0.0 	 7.88 
302 	 0.0 	 7.96 
303 	 0.0 	 10.45 
304 	 0.0 	 9.05 
305 	 0.0 	 11.70 
306 	 0.0 	 16.30 
307 	 0.0 	 7.57 
308 	 0.0 	 4.21 
309 	 0.0 	 11.31 
310 	 0.0 	 12.48 
311 	 0.0 	 10.69 
312 	 0.0 	 8.19 
313 	 0.0 	 10.61 
314 	 0.0 	 9.83 
315 	 0.0 	 6.24 
316 	 0.0 	 11.86 
317 	 0.0 	 9.13 
318 	 0.0 	 6.71 
319 	 0.0 	 8.50 
320 	 0.0 	 7.57 
321 	 0.0 	 7.64 
322 	 0.0 	 8.66 
323 	 0.0 	 8.81 
324 	 0.0 	 9.20 
325 	 0.0 	 9.44 
326 	 0.0 	 9.91 
327 	 0.0 	 23.24 
328 	 0.0 	 7.02 
329 	 0.0 	 12.01 
330 	 0.0 	 8.03 
331 	 0.0 	 14.20 
332 	 0.0 	 13.49 
333 	 0.0 	 16.15 
334 	 0.0 	 11.31 
335 	 0.0 	 8.58 
336 	 0.0 	 14.59 
337 	 0.0 	 11.23 
338 	 0.0 	 7.18 
339 	 0.0 	 8.42 
340 	 0.0 	 9.20 
341 	 0.0 	 9.36 
342 	 0.0 	 8.89 
343 	 0.0 	 11.47 
344 	 0.0 	 10.45 
345 	 0.0 	 9.59 
346 	 0.0 	 12.64 
347 	 0.0 	 10.06 
348 	 0.0 	 6.63 
349 	 0.0 	 9.83 
350 	 0.0 	 9.67 
351 	 0.0 	 9.67 
352 	 0.0 	 9.67 
353 	 0.0 	 9.20 
354 	 0.0 	 7.64 
355 	 0.0 	 9.59 
356 	 0.0 	 7.96 
357 	 0.0 	 6.63 
358 	 0.0 	 6.63 
359 	 0.0 	 3.28 
360 	 0.0 	 8.27 
361 	 0.0 	 8.35 
362 	 0.0 	 10.30 
363 	 0.0 	 7.49 
364 	 0.0 	 9.67 
365 	 0.0 	 8.89 
366 	 0.0 	 10.45 
367 	 0.0 	 8.27 
368 	 0.0 	 9.20 
369 	 0.0 	 9.52 
370 	 0.0 	 8.81 
371 	 0.0 	 9.83 
372 	 0.0 	 9.36 
373 	 0.0 	 10.06 
374 	 0.0 	 10.53 
375 	 0.0 	 7.49 
376 	 0.0 	 10.92 
377 	 0.0 	 9.83 
378 	 0.0 	 11.08 
379 	 0.0 	 8.42 
380 	 0.0 	 9.67 
381 	 0.0 	 10.45 
382 	 0.0 	 9.36 
383 	 0.0 	 9.20 
384 	 0.0 	 9.52 
385 	 0.0 	 14.90 
386 	 0.0 	 9.91 
387 	 0.0 	 8.50 
388 	 0.0 	 11.15 
389 	 0.0 	 12.87 
390 	 0.0 	 10.53 
391 	 0.0 	 8.35 
392 	 0.0 	 10.61 
393 	 0.0 	 11.15 
394 	 0.0 	 11.15 
395 	 0.0 	 10.92 
396 	 0.0 	 10.45 
397 	 0.0 	 9.13 
398 	 0.0 	 6.40 
399 	 0.0 	 8.66 
400 	 0.0 	 9.36 
401 	 0.0 	 9.44 
402 	 0.0 	 9.36 
403 	 0.0 	 8.81 
404 	 0.0 	 9.91 
405 	 0.0 	 11.47 
406 	 0.0 	 9.52 
407 	 0.0 	 8.89 
408 	 0.0 	 9.05 
409 	 0.0 	 10.22 
410 	 0.0 	 11.86 
411 	 0.0 	 10.45 
412 	 0.0 	 7.72 
413 	 0.0 	 8.97 
414 	 0.0 	 9.98 
415 	 0.0 	 14.90 
416 	 0.0 	 7.72 
417 	 0.0 	 7.96 
418 	 0.0 	 8.19 
419 	 0.0 	 6.24 
420 	 0.0 	 8.74 
421 	 0.0 	 12.17 
422 	 0.0 	 9.98 
423 	 0.0 	 11.39 
424 	 0.0 	 10.06 
425 	 0.0 	 8.81 
426 	 0.0 	 8.27 
427 	 0.0 	 5.77 
428 	 0.0 	 9.05 
429 	 0.0 	 11.39 
430 	 0.0 	 9.59 
431 	 0.0 	 11.54 
432 	 0.0 	 11.47 
433 	 0.0 	 9.44 
434 	 0.0 	 9.98 
435 	 0.0 	 9.28 
436 	 0.0 	 9.75 
437 	 0.0 	 10.22 
438 	 0.0 	 9.59 
439 	 0.0 	 9.67 
440 	 0.0 	 9.52 
441 	 0.0 	 9.59 
442 	 0.0 	 9.52 
443 	 0.0 	 9.52 
444 	 0.0 	 9.59 
445 	 0.0 	 9.59 
446 	 0.0 	 9.59 
447 	 0.0 	 9.44 
448 	 0.0 	 9.52 
449 	 0.0 	 9.52 
450 	 0.0 	 9.52 
451 	 0.0 	 9.59 
452 	 0.0 	 9.52 
453 	 0.0 	 8.74 
454 	 0.0 	 8.74 
455 	 0.0 	 9.67 
456 	 0.0 	 9.59 
457 	 0.0 	 9.67 
458 	 0.0 	 9.44 
459 	 0.0 	 8.27 
460 	 0.0 	 6.79 
461 	 0.0 	 9.28 
462 	 0.0 	 10.22 
463 	 0.0 	 10.14 
464 	 0.0 	 9.36 
465 	 0.0 	 8.35 
466 	 0.0 	 8.81 
467 	 0.0 	 6.86 
468 	 0.0 	 10.14 
469 	 0.0 	 9.91 
470 	 0.0 	 10.37 
471 	 0.0 	 8.97 
472 	 0.0 	 7.02 
473 	 0.0 	 10.76 
474 	 0.0 	 10.84 
475 	 0.0 	 9.20 
476 	 0.0 	 8.35 
477 	 0.0 	 8.66 
478 	 0.0 	 12.87 
479 	 0.0 	 7.10 
480 	 0.0 	 9.75 
481 	 0.0 	 8.42 
482 	 0.0 	 7.33 
483 	 0.0 	 8.27 
484 	 0.0 	 8.11 
485 	 0.0 	 10.84 
486 	 0.0 	 9.75 
487 	 0.0 	 9.98 
488 	 0.0 	 9.44 
489 	 0.0 	 9.52 
490 	 0.0 	 9.59 
491 	 0.0 	 9.52 
492 	 0.0 	 9.59 
493 	 0.0 	 9.44 
494 	 0.0 	 9.91 
495 	 0.0 	 10.61 
496 	 0.0 	 8.89 
497 	 0.0 	 9.91 
498 	 0.0 	 12.48 
499 	 0.0 	 9.20 
500 	 0.0 	 9.52 
501 	 0.0 	 9.59 
502 	 0.0 	 9.91 
503 	 0.0 	 8.89 
504 	 0.0 	 8.74 
505 	 0.0 	 10.06 
506 	 0.0 	 6.94 
507 	 0.0 	 9.13 
508 	 0.0 	 11.47 
509 	 0.0 	 13.88 
510 	 0.0 	 6.86 
511 	 0.0 	 9.05 
512 	 0.0 	 12.48 
513 	 0.0 	 9.59 
514 	 0.0 	 8.50 
515 	 0.0 	 6.01 
516 	 0.0 	 9.98 
517 	 0.0 	 11.54 
518 	 0.0 	 10.69 
519 	 0.0 	 9.83 
520 	 0.0 	 13.10 
521 	 0.0 	 8.11 
522 	 0.0 	 10.92 
523 	 0.0 	 9.13 
524 	 0.0 	 11.54 
525 	 0.0 	 8.27 
526 	 0.0 	 9.75 
527 	 0.0 	 7.72 
528 	 0.0 	 10.22 
529 	 0.0 	 8.42 
530 	 0.0 	 8.50 
531 	 0.0 	 11.39 
532 	 0.0 	 10.14 
533 	 0.0 	 9.20 
534 	 0.0 	 9.44 
535 	 0.0 	 9.52 
536 	 0.0 	 9.52 
537 	 0.0 	 9.52 
538 	 0.0 	 9.59 
539 	 0.0 	 9.52 
540 	 0.0 	 9.44 
541 	 0.0 	 9.36 
542 	 0.0 	 9.36 
543 	 0.0 	 9.91 
544 	 0.0 	 8.89 
545 	 0.0 	 9.52 
546 	 0.0 	 8.81 
547 	 0.0 	 10.30 
548 	 0.0 	 11.31 
549 	 0.0 	 9.44 
550 	 0.0 	 9.52 
551 	 0.0 	 9.59 
552 	 0.0 	 10.69 
553 	 0.0 	 7.80 
554 	 0.0 	 8.89 
555 	 0.0 	 11.86 
556 	 0.0 	 11.47 
557 	 0.0 	 10.14 
558 	 0.0 	 8.11 
559 	 0.0 	 10.45 
560 	 0.0 	 8.97 
561 	 0.0 	 9.13 
562 	 0.0 	 9.67 
563 	 0.0 	 9.36 
564 	 0.0 	 9.91 
565 	 0.0 	 9.36 
566 	 0.0 	 9.28 
567 	 0.0 	 9.44 
568 	 0.0 	 9.36 
569 	 0.0 	 9.36 
570 	 0.0 	 9.44 
571 	 0.0 	 9.44 
572 	 0.0 	 9.28 
573 	 0.0 	 9.28 
574 	 0.0 	 9.36 
575 	 0.0 	 9.44 
576 	 0.0 	 9.36 
577 	 0.0 	 9.44 
578 	 0.0 	 9.44 
579 	 0.0 	 9.28 
580 	 0.0 	 9.44 
581 	 0.0 	 9.13 
582 	 0.0 	 9.44 
583 	 0.0 	 9.28 
584 	 0.0 	 8.97 
585 	 0.0 	 10.22 
586 	 0.0 	 11.78 
587 	 0.0 	 11.31 
588 	 0.0 	 10.30 
589 	 0.0 	 10.22 
590 	 0.0 	 8.66 
591 	 0.0 	 9.52 
592 	 0.0 	 9.67 
593 	 0.0 	 7.96 
594 	 0.0 	 9.36 
595 	 0.0 	 9.98 
596 	 0.0 	 10.84 
597 	 0.0 	 10.53 
598 	 0.0 	 8.58 
599 	 0.0 	 9.05 
600 	 0.0 	 9.20 
601 	 0.0 	 8.89 
602 	 0.0 	 9.28 
603 	 0.0 	 11.00 
604 	 0.0 	 13.42 
605 	 0.0 	 9.59 
606 	 0.0 	 9.36 
607 	 0.0 	 8.19 
608 	 0.0 	 9.83 
609 	 0.0 	 12.71 
610 	 0.0 	 9.59 
611 	 0.0 	 9.13 
612 	 0.0 	 11.86 
613 	 0.0 	 9.91 
614 	 0.0 	 9.28 
615 	 0.0 	 9.98 
616 	 0.0 	 9.75 
617 	 0.0 	 8.74 
618 	 0.0 	 9.28 
619 	 0.0 	 9.98 
620 	 0.0 	 10.30 
621 	 0.0 	 6.47 
622 	 0.0 	 8.19 
623 	 0.0 	 10.84 
624 	 0.0 	 11.15 
625 	 0.0 	 9.75 
626 	 0.0 	 7.88 
627 	 0.0 	 8.50 
628 	 0.0 	 12.32 
629 	 0.0 	 8.66 
630 	 0.0 	 8.19 
631 	 0.0 	 9.75 
632 	 0.0 	 9.20 
633 	 0.0 	 9.36 
634 	 0.0 	 8.97 
635 	 0.0 	 8.81 
636 	 0.0 	 10.22 
637 	 0.0 	 9.44 
638 	 0.0 	 9.28 
639 	 0.0 	 9.13 
640 	 0.0 	 9.91 
641 	 0.0 	 10.06 
642 	 0.0 	 8.97 
643 	 0.0 	 9.52 
644 	 0.0 	 9.13 
645 	 0.0 	 9.59 
646 	 0.0 	 8.11 
647 	 0.0 	 11.47 
648 	 0.0 	 10.22 
649 	 0.0 	 9.91 
650 	 0.0 	 10.14 
651 	 0.0 	 9.52 
652 	 0.0 	 9.67 
653 	 0.0 	 8.35 
654 	 0.0 	 10.61 
655 	 0.0 	 10.30 
656 	 0.0 	 8.89 
657 	 0.0 	 9.13 
658 	 0.0 	 8.35 
659 	 0.0 	 10.45 
660 	 0.0 	 10.61 
661 	 0.0 	 9.67 
662 	 0.0 	 10.06 
663 	 0.0 	 8.74 
664 	 0.0 	 9.75 
665 	 0.0 	 9.75 
666 	 0.0 	 9.36 
667 	 0.0 	 9.36 
668 	 0.0 	 9.59 
669 	 0.0 	 9.05 
670 	 0.0 	 9.67 
671 	 0.0 	 9.44 
672 	 0.0 	 9.98 
673 	 0.0 	 9.44 
674 	 0.0 	 9.44 
675 	 0.0 	 9.44 
676 	 0.0 	 9.36 
677 	 0.0 	 10.22 
678 	 0.0 	 8.66 
679 	 0.0 	 8.19 
680 	 0.0 	 8.66 
681 	 0.0 	 7.41 
682 	 0.0 	 9.98 
683 	 0.0 	 7.41 
684 	 0.0 	 12.25 
685 	 0.0 	 6.55 
686 	 0.0 	 11.47 
687 	 0.0 	 7.72 
688 	 0.0 	 9.98 
689 	 0.0 	 11.23 
690 	 0.0 	 9.20 
691 	 0.0 	 11.78 
692 	 0.0 	 8.74 
693 	 0.0 	 9.13 
694 	 0.0 	 7.72 
695 	 0.0 	 8.42 
696 	 0.0 	 10.22 
697 	 0.0 	 10.92 
698 	 0.0 	 9.20 
699 	 0.0 	 9.28 
700 	 0.0 	 10.76 
701 	 0.0 	 11.15 
702 	 0.0 	 9.98 
703 	 0.0 	 8.89 
704 	 0.0 	 8.11 
705 	 0.0 	 10.37 
706 	 0.0 	 9.28 
707 	 0.0 	 10.45 
708 	 0.0 	 6.86 
709 	 0.0 	 9.52 
710 	 0.0 	 12.01 
711 	 0.0 	 9.83 
712 	 0.0 	 10.69 
713 	 0.0 	 9.44 
714 	 0.0 	 8.81 
715 	 0.0 	 7.57 
716 	 0.0 	 8.50 
717 	 0.0 	 13.10 
718 	 0.0 	 9.28 
719 	 0.0 	 9.75 
720 	 0.0 	 7.49 
721 	 0.0 	 8.74 
722 	 0.0 	 11.39 
723 	 0.0 	 10.30 
724 	 0.0 	 10.30 
725 	 0.0 	 9.36 
726 	 0.0 	 8.89 
727 	 0.0 	 9.05 
728 	 0.0 	 8.58 
729 	 0.0 	 8.11 
730 	 0.0 	 8.58 
731 	 0.0 	 11.70 
732 	 0.0 	 11.31 
733 	 0.0 	 6.40 
734 	 0.0 	 8.42 
735 	 0.0 	 15.52 
736 	 0.0 	 11.15 
737 	 0.0 	 12.95 
738 	 0.0 	 13.10 
739 	 0.0 	 4.21 
740 	 0.0 	 8.35 
741 	 0.0 	 10.45 
742 	 0.0 	 7.72 
743 	 0.0 	 10.14 
744 	 0.0 	 11.00 
745 	 0.0 	 8.66 
746 	 0.0 	 10.37 
747 	 0.0 	 10.30 
748 	 0.0 	 8.97 
749 	 0.0 	 10.30 
750 	 0.0 	 10.06 
751 	 0.0 	 8.27 
752 	 0.0 	 5.38 
753 	 0.0 	 9.05 
754 	 0.0 	 10.45 
755 	 0.0 	 7.57 
756 	 0.0 	 11.31 
757 	 0.0 	 9.91 
758 	 0.0 	 9.36 
759 	 0.0 	 11.70 
760 	 0.0 	 9.67 
761 	 0.0 	 9.44 
762 	 0.0 	 10.06 
763 	 0.0 	 8.89 
764 	 0.0 	 10.76 
765 	 0.0 	 10.76 
766 	 0.0 	 9.20 
767 	 0.0 	 11.23 
768 	 0.0 	 9.05 
769 	 0.0 	 6.86 
770 	 0.0 	 11.47 
771 	 0.0 	 9.52 
772 	 0.0 	 8.74 
773 	 0.0 	 9.67 
774 	 0.0 	 8.97 
775 	 0.0 	 9.52 
776 	 0.0 	 9.36 
777 	 0.0 	 9.67 
778 	 0.0 	 8.27 
779 	 0.0 	 11.08 
780 	 0.0 	 9.91 
781 	 0.0 	 8.66 
782 	 0.0 	 9.20 
783 	 0.0 	 7.96 
784 	 0.0 	 7.25 
785 	 0.0 	 9.36 
786 	 0.0 	 9.98 
787 	 0.0 	 10.06 
788 	 0.0 	 7.33 
789 	 0.0 	 8.81 
790 	 0.0 	 11.86 
791 	 0.0 	 9.05 
792 	 0.0 	 13.65 
793 	 0.0 	 8.50 
794 	 0.0 	 11.93 
795 	 0.0 	 12.56 
796 	 0.0 	 9.67 
797 	 0.0 	 9.67 
798 	 0.0 	 10.45 
799 	 0.0 	 6.86 
800 	 0.0 	 7.64 
801 	 0.0 	 10.45 
802 	 0.0 	 10.30 
803 	 0.0 	 10.45 
804 	 0.0 	 8.50 
805 	 0.0 	 8.35 
806 	 0.0 	 7.64 
807 	 0.0 	 9.67 
808 	 0.0 	 9.59 
809 	 0.0 	 7.80 
810 	 0.0 	 9.36 
811 	 0.0 	 8.27 
812 	 0.0 	 8.19 
813 	 0.0 	 18.02 
814 	 0.0 	 12.79 
815 	 0.0 	 11.15 
816 	 0.0 	 9.75 
817 	 0.0 	 8.66 
818 	 0.0 	 8.03 
819 	 0.0 	 9.05 
820 	 0.0 	 7.25 
821 	 0.0 	 8.97 
822 	 0.0 	 8.11 
823 	 0.0 	 8.89 
824 	 0.0 	 9.13 
825 	 0.0 	 11.23 
826 	 0.0 	 12.25 
827 	 0.0 	 12.79 
828 	 0.0 	 7.41 
829 	 0.0 	 8.81 
830 	 0.0 	 11.31 
831 	 0.0 	 9.36 
832 	 0.0 	 8.27 
833 	 0.0 	 6.79 
834 	 0.0 	 11.78 
835 	 0.0 	 8.42 
836 	 0.0 	 9.83 
837 	 0.0 	 15.21 
838 	 0.0 	 8.03 
839 	 0.0 	 10.30 
840 	 0.0 	 10.22 
841 	 0.0 	 8.35 
842 	 0.0 	 9.59 
843 	 0.0 	 9.13 
844 	 0.0 	 14.12 
845 	 0.0 	 9.75 
846 	 0.0 	 8.19 
847 	 0.0 	 8.35 
848 	 0.0 	 7.88 
849 	 0.0 	 9.83 
850 	 0.0 	 12.95 
851 	 0.0 	 10.53 
852 	 0.0 	 10.61 
853 	 0.0 	 8.27 
854 	 0.0 	 9.75 
855 	 0.0 	 9.91 
856 	 0.0 	 9.05 
857 	 0.0 	 11.39 
858 	 0.0 	 10.53 
859 	 0.0 	 12.17 
860 	 0.0 	 9.05 
861 	 0.0 	 11.08 
862 	 0.0 	 9.20 
863 	 0.0 	 5.07 
864 	 0.0 	 16.15 
865 	 0.0 	 11.31 
866 	 0.0 	 10.45 
867 	 0.0 	 8.81 
868 	 0.0 	 8.11 
869 	 0.0 	 9.91 
870 	 0.0 	 6.94 
871 	 0.0 	 11.78 
872 	 0.0 	 9.05 
873 	 0.0 	 7.41 
874 	 0.0 	 12.01 
875 	 0.0 	 10.53 
876 	 0.0 	 10.06 
877 	 0.0 	 9.05 
878 	 0.0 	 9.28 
879 	 0.0 	 6.86 
880 	 0.0 	 12.40 
881 	 0.0 	 8.42 
882 	 0.0 	 9.91 
883 	 0.0 	 8.89 
884 	 0.0 	 11.39 
885 	 0.0 	 6.55 
886 	 0.0 	 8.89 
887 	 0.0 	 9.75 
888 	 0.0 	 10.84 
889 	 0.0 	 12.71 
890 	 0.0 	 14.27 
891 	 0.0 	 7.41 
892 	 0.0 	 6.94 
893 	 0.0 	 10.37 
894 	 0.0 	 9.52 
895 	 0.0 	 11.54 
896 	 0.0 	 9.91 
897 	 0.0 	 8.81 
898 	 0.0 	 9.44 
899 	 0.0 	 7.33 
900 	 0.0 	 14.20 
901 	 0.0 	 8.74 
902 	 0.0 	 5.77 
903 	 0.0 	 16.54 
904 	 0.0 	 12.48 
905 	 0.0 	 8.27 
906 	 0.0 	 11.47 
907 	 0.0 	 11.23 
908 	 0.0 	 8.42 
909 	 0.0 	 10.37 
910 	 0.0 	 7.96 
911 	 0.0 	 4.84 
912 	 0.0 	 11.62 
913 	 0.0 	 12.17 
914 	 0.0 	 4.21 
915 	 0.0 	 8.35 
916 	 0.0 	 8.42 
917 	 0.0 	 13.18 
918 	 0.0 	 16.85 
919 	 0.0 	 9.36 
920 	 0.0 	 12.40 
921 	 0.0 	 7.41 
922 	 0.0 	 8.50 
923 	 0.0 	 3.43 
924 	 0.0 	 9.44 
925 	 0.0 	 12.32 
926 	 0.0 	 8.81 
927 	 0.0 	 8.35 
928 	 0.0 	 6.71 
929 	 0.0 	 8.03 
930 	 0.0 	 7.33 
931 	 0.0 	 8.19 
932 	 0.0 	 8.27 
933 	 0.0 	 10.30 
934 	 0.0 	 5.62 
935 	 0.0 	 7.57 
936 	 0.0 	 16.46 
937 	 0.0 	 11.70 
938 	 0.0 	 9.36 
939 	 0.0 	 9.52 
940 	 0.0 	 7.25 
941 	 0.0 	 10.76 
942 	 0.0 	 6.55 
943 	 0.0 	 5.77 
944 	 0.0 	 8.19 
945 	 0.0 	 8.03 
946 	 0.0 	 13.18 
947 	 0.0 	 17.32 
948 	 0.0 	 10.84 
949 	 0.0 	 7.80 
950 	 0.0 	 10.69 
951 	 0.0 	 11.93 
952 	 0.0 	 10.61 
953 	 0.0 	 7.57 
954 	 0.0 	 11.23 
955 	 0.0 	 7.33 
956 	 0.0 	 9.52 
957 	 0.0 	 8.03 
958 	 0.0 	 8.50 
959 	 0.0 	 8.58 
960 	 0.0 	 9.67 
961 	 0.0 	 7.41 
962 	 0.0 	 11.47 
963 	 0.0 	 13.73 
964 	 0.0 	 9.52 
965 	 0.0 	 6.86 
966 	 0.0 	 9.36 
967 	 0.0 	 11.78 
968 	 0.0 	 10.53 
969 	 0.0 	 10.45 
970 	 0.0 	 11.08 
971 	 0.0 	 9.36 
972 	 0.0 	 11.00 
973 	 0.0 	 9.67 
974 	 0.0 	 9.13 
975 	 0.0 	 8.35 
976 	 0.0 	 10.06 
977 	 0.0 	 5.69 
978 	 0.0 	 11.39 
979 	 0.0 	 10.76 
980 	 0.0 	 9.98 
981 	 0.0 	 8.97 
982 	 0.0 	 14.98 
983 	 0.0 	 9.36 
984 	 0.0 	 10.37 
985 	 0.0 	 12.95 
986 	 0.0 	 9.52 
987 	 0.0 	 12.48 
988 	 0.0 	 4.29 
989 	 0.0 	 9.05 
990 	 0.0 	 10.14 
991 	 0.0 	 7.33 
992 	 0.0 	 8.89 
993 	 0.0 	 10.30 
994 	 0.0 	 9.75 
995 	 0.0 	 10.61 
996 	 0.0 	 8.42 
997 	 0.0 	 9.98 
998 	 0.0 	 10.14 
999 	 0.0 	 10.84 
1000 	 0.0 	 10.22 
1001 	 0.0 	 11.93 
1002 	 0.0 	 10.37 
1003 	 0.0 	 11.08 
1004 	 0.0 	 8.66 
1005 	 0.0 	 10.53 
1006 	 0.0 	 9.67 
1007 	 0.0 	 9.36 
1008 	 0.0 	 13.26 
1009 	 0.0 	 11.15 
1010 	 0.0 	 10.92 
1011 	 0.0 	 10.22 
1012 	 0.0 	 7.72 
1013 	 0.0 	 8.66 
1014 	 0.0 	 9.52 
1015 	 0.0 	 8.89 
1016 	 0.0 	 9.83 
1017 	 0.0 	 10.06 
1018 	 0.0 	 9.91 
1019 	 0.0 	 11.93 
1020 	 0.0 	 10.92 
1021 	 0.0 	 9.91 
1022 	 0.0 	 9.67 
1023 	 0.0 	 9.67 
1024 	 0.0 	 9.67 
1025 	 0.0 	 9.67 
1026 	 0.0 	 9.67 
1027 	 0.0 	 9.59 
1028 	 0.0 	 9.59 
1029 	 0.0 	 9.67 
1030 	 0.0 	 9.67 
1031 	 0.0 	 9.59 
1032 	 0.0 	 9.67 
1033 	 0.0 	 9.67 
1034 	 0.0 	 9.67 
1035 	 0.0 	 9.67 
1036 	 0.0 	 9.75 
1037 	 0.0 	 7.96 
1038 	 0.0 	 10.45 
1039 	 0.0 	 10.45 
1040 	 0.0 	 7.25 
1041 	 0.0 	 8.03 
1042 	 0.0 	 8.27 
1043 	 0.0 	 14.12 
1044 	 0.0 	 9.91 
1045 	 0.0 	 9.83 
1046 	 0.0 	 8.27 
1047 	 0.0 	 9.28 
1048 	 0.0 	 9.75 
1049 	 0.0 	 14.90 
1050 	 0.0 	 9.91 
1051 	 0.0 	 7.88 
1052 	 0.0 	 10.92 
1053 	 0.0 	 10.22 
1054 	 0.0 	 9.98 
1055 	 0.0 	 9.67 
1056 	 0.0 	 8.66 
1057 	 0.0 	 9.67 
1058 	 0.0 	 7.57 
1059 	 0.0 	 10.06 
1060 	 0.0 	 10.69 
1061 	 0.0 	 6.40 
1062 	 0.0 	 12.95 
1063 	 0.0 	 7.96 
1064 	 0.0 	 10.37 
1065 	 0.0 	 8.42 
1066 	 0.0 	 8.81 
1067 	 0.0 	 13.42 
1068 	 0.0 	 10.37 
1069 	 0.0 	 9.83 
1070 	 0.0 	 6.79 
1071 	 0.0 	 7.10 
1072 	 0.0 	 9.59 
1073 	 0.0 	 9.36 
1074 	 0.0 	 9.13 
1075 	 0.0 	 10.84 
1076 	 0.0 	 10.84 
1077 	 0.0 	 9.52 
1078 	 0.0 	 9.83 
1079 	 0.0 	 8.74 
1080 	 0.0 	 9.67 
1081 	 0.0 	 8.42 
1082 	 0.0 	 10.45 
1083 	 0.0 	 9.83 
1084 	 0.0 	 9.75 
1085 	 0.0 	 11.08 
1086 	 0.0 	 8.97 
1087 	 0.0 	 9.20 
1088 	 0.0 	 10.69 
1089 	 0.0 	 9.20 
1090 	 0.0 	 8.89 
1091 	 0.0 	 9.75 
1092 	 0.0 	 9.59 
1093 	 0.0 	 9.20 
1094 	 0.0 	 9.52 
1095 	 0.0 	 10.76 
1096 	 0.0 	 9.52 
1097 	 0.0 	 9.67 
1098 	 0.0 	 10.22 
1099 	 0.0 	 10.22 
1100 	 0.0 	 9.83 
1101 	 0.0 	 8.42 
1102 	 0.0 	 10.30 
1103 	 0.0 	 10.76 
1104 	 0.0 	 7.64 
1105 	 0.0 	 7.96 
1106 	 0.0 	 8.66 
1107 	 0.0 	 9.52 
1108 	 0.0 	 12.56 
1109 	 0.0 	 8.35 
1110 	 0.0 	 10.06 
1111 	 0.0 	 9.36 
1112 	 0.0 	 8.27 
1113 	 0.0 	 6.79 
1114 	 0.0 	 1.72 
1115 	 0.0 	 9.44 
1116 	 0.0 	 10.92 
1117 	 0.0 	 14.51 
1118 	 0.0 	 14.12 
1119 	 0.0 	 11.78 
1120 	 0.0 	 13.73 
1121 	 0.0 	 10.30 
1122 	 0.0 	 11.54 
1123 	 0.0 	 9.52 
1124 	 0.0 	 11.39 
1125 	 0.0 	 8.50 
1126 	 0.0 	 6.01 
1127 	 0.0 	 8.97 
1128 	 0.0 	 7.64 
1129 	 0.0 	 5.77 
1130 	 0.0 	 10.14 
1131 	 0.0 	 7.33 
1132 	 0.0 	 8.89 
1133 	 0.0 	 8.50 
1134 	 0.0 	 11.08 
1135 	 0.0 	 13.81 
1136 	 0.0 	 9.44 
1137 	 0.0 	 7.18 
1138 	 0.0 	 12.48 
1139 	 0.0 	 13.18 
1140 	 0.0 	 5.69 
1141 	 0.0 	 8.11 
1142 	 0.0 	 6.16 
1143 	 0.0 	 9.13 
1144 	 0.0 	 8.03 
1145 	 0.0 	 10.69 
1146 	 0.0 	 8.27 
1147 	 0.0 	 7.80 
1148 	 0.0 	 9.83 
1149 	 0.0 	 10.14 
1150 	 0.0 	 8.58 
1151 	 0.0 	 9.98 
1152 	 0.0 	 8.97 
1153 	 0.0 	 9.91 
1154 	 0.0 	 8.66 
1155 	 0.0 	 12.09 
1156 	 0.0 	 12.56 
1157 	 0.0 	 7.72 
1158 	 0.0 	 8.89 
1159 	 0.0 	 10.14 
1160 	 0.0 	 7.72 
1161 	 0.0 	 8.27 
1162 	 0.0 	 10.06 
1163 	 0.0 	 10.76 
1164 	 0.0 	 7.02 
1165 	 0.0 	 8.50 
1166 	 0.0 	 14.27 
1167 	 0.0 	 9.36 
1168 	 0.0 	 12.32 
1169 	 0.0 	 9.28 
1170 	 0.0 	 8.11 
1171 	 0.0 	 9.67 
1172 	 0.0 	 11.54 
1173 	 0.0 	 11.00 
1174 	 0.0 	 12.17 
1175 	 0.0 	 5.69 
1176 	 0.0 	 7.88 
1177 	 0.0 	 11.23 
1178 	 0.0 	 10.61 
1179 	 0.0 	 2.34 
1180 	 0.0 	 11.86 
1181 	 0.0 	 8.89 
1182 	 0.0 	 8.66 
1183 	 0.0 	 11.39 
1184 	 0.0 	 8.19 
1185 	 0.0 	 11.39 
1186 	 0.0 	 9.52 
1187 	 0.0 	 7.02 
1188 	 0.0 	 10.37 
1189 	 0.0 	 9.83 
1190 	 0.0 	 10.45 
1191 	 0.0 	 13.81 
1192 	 0.0 	 8.97 
1193 	 0.0 	 9.59 
1194 	 0.0 	 12.09 
1195 	 0.0 	 8.03 
1196 	 0.0 	 11.15 
1197 	 0.0 	 8.11 
1198 	 0.0 	 11.08 
1199 	 0.0 	 9.36 
1200 	 0.0 	 8.66 
1201 	 0.0 	 13.18 
1202 	 0.0 	 10.06 
1203 	 0.0 	 8.58 
1204 	 0.0 	 9.13 
1205 	 0.0 	 8.11 
1206 	 0.0 	 8.74 
1207 	 0.0 	 10.14 
1208 	 0.0 	 11.00 
1209 	 0.0 	 19.34 
1210 	 0.0 	 7.41 
1211 	 0.0 	 9.52 
1212 	 0.0 	 9.13 
1213 	 0.0 	 10.53 
1214 	 0.0 	 9.67 
1215 	 0.0 	 8.81 
1216 	 0.0 	 8.66 
1217 	 0.0 	 9.05 
1218 	 0.0 	 9.36 
1219 	 0.0 	 8.50 
1220 	 0.0 	 9.98 
1221 	 0.0 	 10.84 
1222 	 0.0 	 9.44 
1223 	 0.0 	 9.13 
1224 	 0.0 	 9.13 
1225 	 0.0 	 9.20 
1226 	 0.0 	 9.13 
1227 	 0.0 	 9.05 
1228 	 0.0 	 9.05 
1229 	 0.0 	 9.13 
1230 	 0.0 	 9.13 
1231 	 0.0 	 9.13 
1232 	 0.0 	 9.13 
1233 	 0.0 	 8.97 
1234 	 0.0 	 8.97 
1235 	 0.0 	 9.91 
1236 	 0.0 	 9.28 
1237 	 0.0 	 9.28 
1238 	 0.0 	 9.05 
1239 	 0.0 	 10.06 
1240 	 0.0 	 9.52 
1241 	 0.0 	 10.45 
1242 	 0.0 	 7.02 
1243 	 0.0 	 8.97 
1244 	 0.0 	 8.81 
1245 	 0.0 	 8.35 
1246 	 0.0 	 9.75 
1247 	 0.0 	 9.75 
1248 	 0.0 	 9.20 
1249 	 0.0 	 8.81 
1250 	 0.0 	 10.30 
1251 	 0.0 	 10.14 
1252 	 0.0 	 10.45 
1253 	 0.0 	 10.76 
1254 	 0.0 	 9.20 
1255 	 0.0 	 8.03 
1256 	 0.0 	 9.44 
1257 	 0.0 	 8.58 
1258 	 0.0 	 9.05 
1259 	 0.0 	 10.61 
1260 	 0.0 	 9.05 
1261 	 0.0 	 11.78 
1262 	 0.0 	 10.22 
1263 	 0.0 	 10.14 
1264 	 0.0 	 9.20 
1265 	 0.0 	 9.36 
1266 	 0.0 	 9.75 
1267 	 0.0 	 9.98 
1268 	 0.0 	 10.14 
1269 	 0.0 	 9.20 
1270 	 0.0 	 9.83 
1271 	 0.0 	 11.23 
1272 	 0.0 	 7.80 
1273 	 0.0 	 6.79 
1274 	 0.0 	 8.66 
1275 	 0.0 	 9.52 
1276 	 0.0 	 10.37 
1277 	 0.0 	 9.44 
1278 	 0.0 	 7.80 
1279 	 0.0 	 12.09 
1280 	 0.0 	 10.45 
1281 	 0.0 	 7.49 
1282 	 0.0 	 8.03 
1283 	 0.0 	 9.98 
1284 	 0.0 	 10.22 
1285 	 0.0 	 9.59 
1286 	 0.0 	 9.05 
1287 	 0.0 	 9.52 
1288 	 0.0 	 10.06 
1289 	 0.0 	 9.75 
1290 	 0.0 	 8.89 
1291 	 0.0 	 9.75 
1292 	 0.0 	 8.81 
1293 	 0.0 	 8.03 
1294 	 0.0 	 11.00 
1295 	 0.0 	 10.06 
1296 	 0.0 	 9.05 
1297 	 0.0 	 9.20 
1298 	 0.0 	 8.89 
1299 	 0.0 	 9.28 
1300 	 0.0 	 9.05 
1301 	 0.0 	 10.45 
1302 	 0.0 	 9.13 
1303 	 0.0 	 8.66 
1304 	 0.0 	 8.97 
1305 	 0.0 	 9.91 
1306 	 0.0 	 9.13 
1307 	 0.0 	 9.67 
1308 	 0.0 	 9.52 
1309 	 0.0 	 9.05 
1310 	 0.0 	 9.75 
1311 	 0.0 	 9.36 
1312 	 0.0 	 8.97 
1313 	 0.0 	 9.36 
1314 	 0.0 	 9.28 
1315 	 0.0 	 9.44 
1316 	 0.0 	 9.05 
1317 	 0.0 	 8.97 
1318 	 0.0 	 8.97 
1319 	 0.0 	 9.13 
1320 	 0.0 	 9.91 
1321 	 0.0 	 8.42 
1322 	 0.0 	 8.81 
1323 	 0.0 	 8.97 
1324 	 0.0 	 9.28 
1325 	 0.0 	 9.36 
1326 	 0.0 	 9.05 
1327 	 0.0 	 9.28 
1328 	 0.0 	 9.83 
1329 	 0.0 	 8.81 
1330 	 0.0 	 9.13 
1331 	 0.0 	 7.64 
1332 	 0.0 	 9.75 
1333 	 0.0 	 8.97 
1334 	 0.0 	 9.52 
1335 	 0.0 	 8.66 
1336 	 0.0 	 8.97 
1337 	 0.0 	 10.06 
1338 	 0.0 	 9.20 
1339 	 0.0 	 9.59 
1340 	 0.0 	 9.28 
1341 	 0.0 	 8.66 
1342 	 0.0 	 9.05 
1343 	 0.0 	 8.35 
1344 	 0.0 	 9.36 
1345 	 0.0 	 8.89 
1346 	 0.0 	 9.28 
1347 	 0.0 	 9.67 
1348 	 0.0 	 9.44 
1349 	 0.0 	 8.66 
1350 	 0.0 	 9.44 
1351 	 0.0 	 9.28 
1352 	 0.0 	 9.44 
1353 	 0.0 	 9.59 
1354 	 0.0 	 9.44 
1355 	 0.0 	 9.05 
1356 	 0.0 	 9.44 
1357 	 0.0 	 9.20 
1358 	 0.0 	 8.74 
1359 	 0.0 	 9.52 
1360 	 0.0 	 9.36 
1361 	 0.0 	 9.44 
1362 	 0.0 	 9.28 
1363 	 0.0 	 8.50 
1364 	 0.0 	 9.59 
1365 	 0.0 	 9.44 
1366 	 0.0 	 9.20 
1367 	 0.0 	 9.83 
1368 	 0.0 	 10.92 
1369 	 0.0 	 9.83 
1370 	 0.0 	 10.45 
1371 	 0.0 	 9.36 
1372 	 0.0 	 9.13 
1373 	 0.0 	 9.75 
1374 	 0.0 	 9.44 
1375 	 0.0 	 8.97 
1376 	 0.0 	 9.13 
1377 	 0.0 	 9.67 
1378 	 0.0 	 9.13 
1379 	 0.0 	 10.61 
1380 	 0.0 	 10.69 
1381 	 0.0 	 10.06 
1382 	 0.0 	 9.36 
1383 	 0.0 	 9.91 
1384 	 0.0 	 9.36 
1385 	 0.0 	 9.05 
1386 	 0.0 	 8.74 
1387 	 0.0 	 10.69 
1388 	 0.0 	 8.97 
1389 	 0.0 	 8.89 
1390 	 0.0 	 9.83 
1391 	 0.0 	 9.98 
1392 	 0.0 	 8.89 
1393 	 0.0 	 9.67 
1394 	 0.0 	 8.50 
1395 	 0.0 	 9.44 
1396 	 0.0 	 10.06 
1397 	 0.0 	 7.64 
1398 	 0.0 	 9.52 
1399 	 0.0 	 9.59 
1400 	 0.0 	 8.81 
1401 	 0.0 	 9.13 
1402 	 0.0 	 9.67 
1403 	 0.0 	 9.98 
1404 	 0.0 	 9.05 
1405 	 0.0 	 9.59 
1406 	 0.0 	 9.20 
1407 	 0.0 	 8.27 
1408 	 0.0 	 9.20 
1409 	 0.0 	 9.98 
1410 	 0.0 	 9.13 
1411 	 0.0 	 9.36 
1412 	 0.0 	 9.67 
1413 	 0.0 	 8.81 
1414 	 0.0 	 7.41 
1415 	 0.0 	 9.36 
1416 	 0.0 	 9.75 
1417 	 0.0 	 8.81 
1418 	 0.0 	 8.97 
1419 	 0.0 	 8.74 
1420 	 0.0 	 10.53 
1421 	 0.0 	 7.49 
1422 	 0.0 	 9.91 
1423 	 0.0 	 7.96 
1424 	 0.0 	 8.97 
1425 	 0.0 	 10.30 
1426 	 0.0 	 11.47 
1427 	 0.0 	 9.20 
1428 	 0.0 	 11.39 
1429 	 0.0 	 9.05 
1430 	 0.0 	 10.61 
1431 	 0.0 	 9.36 
1432 	 0.0 	 8.58 
1433 	 0.0 	 8.97 
1434 	 0.0 	 9.91 
1435 	 0.0 	 4.84 
1436 	 0.0 	 9.20 
1437 	 0.0 	 9.36 
1438 	 0.0 	 10.37 
1439 	 0.0 	 9.28 
1440 	 0.0 	 8.42 
1441 	 0.0 	 9.83 
1442 	 0.0 	 9.36 
1443 	 0.0 	 7.41 
1444 	 0.0 	 9.20 
1445 	 0.0 	 9.44 
1446 	 0.0 	 9.28 
1447 	 0.0 	 9.13 
1448 	 0.0 	 9.67 
1449 	 0.0 	 9.91 
1450 	 0.0 	 10.37 
1451 	 0.0 	 7.41 
1452 	 0.0 	 8.97 
1453 	 0.0 	 9.75 
1454 	 0.0 	 9.59 
1455 	 0.0 	 9.13 
1456 	 0.0 	 9.52 
1457 	 0.0 	 9.44 
1458 	 0.0 	 9.05 
1459 	 0.0 	 9.44 
1460 	 0.0 	 9.05 
1461 	 0.0 	 8.74 
1462 	 0.0 	 9.20 
1463 	 0.0 	 10.45 
1464 	 0.0 	 10.30 
1465 	 0.0 	 10.14 
1466 	 0.0 	 9.28 
1467 	 0.0 	 9.91 
1468 	 0.0 	 8.50 
1469 	 0.0 	 9.44 
1470 	 0.0 	 9.28 
1471 	 0.0 	 9.05 
1472 	 0.0 	 10.22 
1473 	 0.0 	 9.83 
1474 	 0.0 	 9.13 
1475 	 0.0 	 9.36 
1476 	 0.0 	 9.98 
1477 	 0.0 	 9.52 
1478 	 0.0 	 8.50 
1479 	 0.0 	 9.28 
1480 	 0.0 	 9.05 
1481 	 0.0 	 10.22 
1482 	 0.0 	 8.89 
1483 	 0.0 	 7.80 
1484 	 0.0 	 8.74 
1485 	 0.0 	 9.75 
1486 	 0.0 	 4.06 
1487 	 0.0 	 7.80 
1488 	 0.0 	 8.81 
1489 	 0.0 	 10.61 
1490 	 0.0 	 9.13 
1491 	 0.0 	 8.27 
1492 	 0.0 	 8.03 
1493 	 0.0 	 8.19 
1494 	 0.0 	 9.98 
1495 	 0.0 	 9.52 
1496 	 0.0 	 9.52 
1497 	 0.0 	 11.62 
1498 	 0.0 	 9.52 
1499 	 0.0 	 9.20 
1500 	 0.0 	 9.91 
1501 	 0.0 	 9.36 
1502 	 0.0 	 9.44 
1503 	 0.0 	 10.30 
1504 	 0.0 	 8.97 
1505 	 0.0 	 9.67 
1506 	 0.0 	 9.75 
1507 	 0.0 	 8.97 
1508 	 0.0 	 9.98 
1509 	 0.0 	 9.44 
1510 	 0.0 	 10.06 
1511 	 0.0 	 9.28 
1512 	 0.0 	 10.37 
1513 	 0.0 	 9.05 
1514 	 0.0 	 9.83 
1515 	 0.0 	 10.30 
1516 	 0.0 	 10.30 
1517 	 0.0 	 9.83 
1518 	 0.0 	 9.05 
1519 	 0.0 	 8.74 
1520 	 0.0 	 10.22 
1521 	 0.0 	 9.20 
1522 	 0.0 	 9.67 
1523 	 0.0 	 9.28 
1524 	 0.0 	 10.06 
1525 	 0.0 	 9.05 
1526 	 0.0 	 8.81 
1527 	 0.0 	 11.93 
1528 	 0.0 	 9.28 
1529 	 0.0 	 9.28 
1530 	 0.0 	 9.75 
1531 	 0.0 	 12.95 
1532 	 0.0 	 10.22 
1533 	 0.0 	 8.42 
1534 	 0.0 	 9.05 
1535 	 0.0 	 8.81 
1536 	 0.0 	 8.97 
1537 	 0.0 	 8.97 
1538 	 0.0 	 8.58 
1539 	 0.0 	 9.20 
1540 	 0.0 	 8.89 
1541 	 0.0 	 8.74 
1542 	 0.0 	 8.97 
1543 	 0.0 	 8.74 
1544 	 0.0 	 9.20 
1545 	 0.0 	 9.83 
1546 	 0.0 	 8.42 
1547 	 0.0 	 9.28 
1548 	 0.0 	 9.36 
1549 	 0.0 	 9.36 
1550 	 0.0 	 9.75 
1551 	 0.0 	 9.36 
