1 	 0.0 	 0.47 
2 	 0.0 	 0.47 
3 	 0.0 	 1.40 
4 	 0.0 	 0.55 
5 	 0.0 	 0.00 
6 	 0.0 	 0.00 
7 	 0.0 	 -0.08 
8 	 0.0 	 -0.23 
9 	 0.0 	 0.94 
10 	 0.0 	 2.96 
11 	 0.0 	 1.95 
12 	 0.0 	 2.03 
13 	 0.0 	 1.33 
14 	 0.0 	 1.09 
15 	 0.0 	 1.48 
16 	 0.0 	 1.40 
17 	 0.0 	 1.25 
18 	 0.0 	 1.09 
19 	 0.0 	 1.64 
20 	 0.0 	 1.64 
21 	 0.0 	 1.33 
22 	 0.0 	 1.33 
23 	 0.0 	 1.72 
24 	 0.0 	 2.11 
25 	 0.0 	 3.20 
26 	 0.0 	 2.81 
27 	 0.0 	 2.42 
28 	 0.0 	 2.34 
29 	 0.0 	 2.50 
30 	 0.0 	 1.64 
31 	 0.0 	 2.03 
32 	 0.0 	 2.81 
33 	 0.0 	 2.81 
34 	 0.0 	 3.12 
35 	 0.0 	 3.51 
36 	 0.0 	 4.06 
37 	 0.0 	 2.73 
38 	 0.0 	 1.72 
39 	 0.0 	 2.18 
40 	 0.0 	 1.48 
41 	 0.0 	 1.56 
42 	 0.0 	 1.95 
43 	 0.0 	 2.50 
44 	 0.0 	 1.95 
45 	 0.0 	 2.26 
46 	 0.0 	 1.01 
47 	 0.0 	 1.33 
48 	 0.0 	 -0.62 
49 	 0.0 	 -0.23 
50 	 0.0 	 0.23 
51 	 0.0 	 1.09 
52 	 0.0 	 1.17 
53 	 0.0 	 1.01 
54 	 0.0 	 0.70 
55 	 0.0 	 -0.31 
56 	 0.0 	 1.40 
57 	 0.0 	 1.95 
58 	 0.0 	 1.95 
59 	 0.0 	 0.86 
60 	 0.0 	 0.94 
61 	 0.0 	 2.11 
62 	 0.0 	 1.01 
63 	 0.0 	 3.28 
64 	 0.0 	 2.11 
65 	 0.0 	 1.40 
66 	 0.0 	 0.78 
67 	 0.0 	 1.25 
68 	 0.0 	 1.25 
69 	 0.0 	 0.86 
70 	 0.0 	 1.56 
71 	 0.0 	 2.26 
72 	 0.0 	 1.72 
73 	 0.0 	 2.03 
74 	 0.0 	 1.79 
75 	 0.0 	 2.65 
76 	 0.0 	 2.89 
77 	 0.0 	 3.59 
78 	 0.0 	 1.09 
79 	 0.0 	 1.25 
80 	 0.0 	 1.25 
81 	 0.0 	 2.89 
82 	 0.0 	 1.72 
83 	 0.0 	 1.56 
84 	 0.0 	 1.64 
85 	 0.0 	 1.09 
86 	 0.0 	 3.20 
87 	 0.0 	 0.47 
88 	 0.0 	 1.01 
89 	 0.0 	 1.09 
90 	 0.0 	 2.26 
91 	 0.0 	 1.33 
92 	 0.0 	 0.94 
93 	 0.0 	 1.09 
94 	 0.0 	 2.03 
95 	 0.0 	 1.64 
96 	 0.0 	 1.56 
97 	 0.0 	 1.72 
98 	 0.0 	 2.34 
99 	 0.0 	 0.70 
100 	 0.0 	 1.33 
101 	 0.0 	 1.40 
102 	 0.0 	 1.48 
103 	 0.0 	 1.56 
104 	 0.0 	 2.42 
105 	 0.0 	 0.47 
106 	 0.0 	 1.40 
107 	 0.0 	 1.33 
108 	 0.0 	 0.00 
109 	 0.0 	 0.70 
110 	 0.0 	 0.86 
111 	 0.0 	 2.65 
112 	 0.0 	 1.17 
113 	 0.0 	 2.42 
114 	 0.0 	 -0.39 
115 	 0.0 	 0.62 
116 	 0.0 	 1.09 
117 	 0.0 	 1.33 
118 	 0.0 	 -0.23 
119 	 0.0 	 1.87 
120 	 0.0 	 2.89 
121 	 0.0 	 0.00 
122 	 0.0 	 1.95 
123 	 0.0 	 1.33 
124 	 0.0 	 0.55 
125 	 0.0 	 2.11 
126 	 0.0 	 0.16 
127 	 0.0 	 1.33 
128 	 0.0 	 2.50 
129 	 0.0 	 1.48 
130 	 0.0 	 1.40 
131 	 0.0 	 2.42 
132 	 0.0 	 0.23 
133 	 0.0 	 1.56 
134 	 0.0 	 1.95 
135 	 0.0 	 1.17 
136 	 0.0 	 1.95 
137 	 0.0 	 1.87 
138 	 0.0 	 1.25 
139 	 0.0 	 -0.47 
140 	 0.0 	 1.40 
141 	 0.0 	 1.01 
142 	 0.0 	 2.26 
143 	 0.0 	 1.25 
144 	 0.0 	 1.25 
145 	 0.0 	 3.51 
146 	 0.0 	 2.96 
147 	 0.0 	 -1.17 
148 	 0.0 	 0.31 
149 	 0.0 	 1.01 
150 	 0.0 	 0.78 
151 	 0.0 	 2.11 
152 	 0.0 	 0.47 
153 	 0.0 	 0.62 
154 	 0.0 	 1.64 
155 	 0.0 	 1.33 
156 	 0.0 	 1.25 
157 	 0.0 	 1.09 
158 	 0.0 	 1.01 
159 	 0.0 	 1.95 
160 	 0.0 	 1.33 
161 	 0.0 	 1.25 
162 	 0.0 	 1.01 
163 	 0.0 	 1.64 
164 	 0.0 	 1.09 
165 	 0.0 	 3.90 
166 	 0.0 	 1.72 
167 	 0.0 	 0.78 
168 	 0.0 	 1.48 
169 	 0.0 	 1.33 
170 	 0.0 	 2.50 
171 	 0.0 	 1.09 
172 	 0.0 	 0.39 
173 	 0.0 	 2.96 
174 	 0.0 	 1.09 
175 	 0.0 	 1.33 
176 	 0.0 	 0.94 
177 	 0.0 	 3.04 
178 	 0.0 	 3.35 
179 	 0.0 	 0.86 
180 	 0.0 	 0.47 
181 	 0.0 	 -0.70 
182 	 0.0 	 2.50 
183 	 0.0 	 1.01 
184 	 0.0 	 1.48 
185 	 0.0 	 1.56 
186 	 0.0 	 0.94 
187 	 0.0 	 -0.23 
188 	 0.0 	 1.95 
189 	 0.0 	 1.25 
190 	 0.0 	 3.20 
191 	 0.0 	 2.96 
192 	 0.0 	 0.94 
193 	 0.0 	 1.25 
194 	 0.0 	 1.95 
195 	 0.0 	 0.39 
196 	 0.0 	 2.42 
197 	 0.0 	 0.55 
198 	 0.0 	 2.26 
199 	 0.0 	 0.86 
200 	 0.0 	 1.33 
201 	 0.0 	 0.62 
202 	 0.0 	 0.00 
203 	 0.0 	 1.56 
204 	 0.0 	 1.33 
205 	 0.0 	 1.64 
206 	 0.0 	 2.57 
207 	 0.0 	 2.81 
208 	 0.0 	 -0.62 
209 	 0.0 	 1.95 
210 	 0.0 	 0.31 
211 	 0.0 	 2.73 
212 	 0.0 	 0.94 
213 	 0.0 	 2.34 
214 	 0.0 	 -0.08 
215 	 0.0 	 1.40 
216 	 0.0 	 0.86 
217 	 0.0 	 0.47 
218 	 0.0 	 1.56 
219 	 0.0 	 1.79 
220 	 0.0 	 1.72 
221 	 0.0 	 1.87 
222 	 0.0 	 1.64 
223 	 0.0 	 1.40 
224 	 0.0 	 1.25 
225 	 0.0 	 1.79 
226 	 0.0 	 1.72 
227 	 0.0 	 1.72 
228 	 0.0 	 1.64 
229 	 0.0 	 2.11 
230 	 0.0 	 1.64 
231 	 0.0 	 2.42 
232 	 0.0 	 0.78 
233 	 0.0 	 2.03 
234 	 0.0 	 1.79 
235 	 0.0 	 0.70 
236 	 0.0 	 0.94 
237 	 0.0 	 1.25 
238 	 0.0 	 1.95 
239 	 0.0 	 2.96 
240 	 0.0 	 1.87 
241 	 0.0 	 1.40 
242 	 0.0 	 1.33 
243 	 0.0 	 1.56 
244 	 0.0 	 2.34 
245 	 0.0 	 2.26 
246 	 0.0 	 1.09 
247 	 0.0 	 1.64 
248 	 0.0 	 -0.39 
249 	 0.0 	 1.09 
250 	 0.0 	 0.55 
251 	 0.0 	 0.08 
252 	 0.0 	 1.56 
253 	 0.0 	 1.01 
254 	 0.0 	 1.01 
255 	 0.0 	 1.09 
256 	 0.0 	 0.08 
257 	 0.0 	 1.01 
258 	 0.0 	 1.01 
259 	 0.0 	 2.42 
260 	 0.0 	 2.81 
261 	 0.0 	 0.55 
262 	 0.0 	 1.95 
263 	 0.0 	 1.40 
264 	 0.0 	 3.51 
265 	 0.0 	 1.87 
266 	 0.0 	 2.81 
267 	 0.0 	 1.48 
268 	 0.0 	 2.11 
269 	 0.0 	 0.62 
270 	 0.0 	 0.86 
271 	 0.0 	 0.47 
272 	 0.0 	 1.72 
273 	 0.0 	 1.56 
274 	 0.0 	 1.01 
275 	 0.0 	 1.01 
276 	 0.0 	 0.23 
277 	 0.0 	 -0.31 
278 	 0.0 	 0.62 
279 	 0.0 	 0.16 
280 	 0.0 	 2.42 
281 	 0.0 	 1.40 
282 	 0.0 	 0.23 
283 	 0.0 	 -0.39 
284 	 0.0 	 2.18 
285 	 0.0 	 3.28 
286 	 0.0 	 0.47 
287 	 0.0 	 0.23 
288 	 0.0 	 0.23 
289 	 0.0 	 1.40 
290 	 0.0 	 -0.94 
291 	 0.0 	 2.89 
292 	 0.0 	 2.34 
293 	 0.0 	 3.35 
294 	 0.0 	 1.56 
295 	 0.0 	 1.72 
296 	 0.0 	 1.87 
297 	 0.0 	 1.33 
298 	 0.0 	 2.42 
299 	 0.0 	 0.86 
300 	 0.0 	 0.86 
301 	 0.0 	 1.48 
302 	 0.0 	 3.04 
303 	 0.0 	 0.16 
304 	 0.0 	 3.20 
305 	 0.0 	 2.34 
306 	 0.0 	 -0.47 
307 	 0.0 	 1.09 
308 	 0.0 	 -2.89 
309 	 0.0 	 2.03 
310 	 0.0 	 1.79 
311 	 0.0 	 1.09 
312 	 0.0 	 2.11 
313 	 0.0 	 0.16 
314 	 0.0 	 1.64 
315 	 0.0 	 1.72 
316 	 0.0 	 1.72 
317 	 0.0 	 1.95 
318 	 0.0 	 1.72 
319 	 0.0 	 1.40 
320 	 0.0 	 0.86 
321 	 0.0 	 1.87 
322 	 0.0 	 -0.08 
323 	 0.0 	 1.01 
324 	 0.0 	 2.65 
325 	 0.0 	 3.04 
326 	 0.0 	 1.72 
327 	 0.0 	 0.00 
328 	 0.0 	 1.17 
329 	 0.0 	 2.26 
330 	 0.0 	 1.25 
331 	 0.0 	 2.50 
332 	 0.0 	 -0.62 
333 	 0.0 	 5.07 
334 	 0.0 	 0.08 
335 	 0.0 	 0.08 
336 	 0.0 	 2.11 
337 	 0.0 	 5.46 
338 	 0.0 	 -1.01 
339 	 0.0 	 1.72 
340 	 0.0 	 3.12 
341 	 0.0 	 3.59 
342 	 0.0 	 1.87 
343 	 0.0 	 1.09 
344 	 0.0 	 0.94 
345 	 0.0 	 1.95 
346 	 0.0 	 1.33 
347 	 0.0 	 -0.55 
348 	 0.0 	 -1.72 
349 	 0.0 	 1.48 
350 	 0.0 	 1.48 
351 	 0.0 	 1.79 
352 	 0.0 	 1.79 
353 	 0.0 	 2.57 
354 	 0.0 	 1.33 
355 	 0.0 	 2.42 
356 	 0.0 	 1.79 
357 	 0.0 	 1.79 
358 	 0.0 	 0.23 
359 	 0.0 	 1.72 
360 	 0.0 	 1.17 
361 	 0.0 	 0.94 
362 	 0.0 	 1.87 
363 	 0.0 	 1.95 
364 	 0.0 	 0.39 
365 	 0.0 	 0.31 
366 	 0.0 	 0.47 
367 	 0.0 	 1.33 
368 	 0.0 	 1.56 
369 	 0.0 	 2.50 
370 	 0.0 	 1.87 
371 	 0.0 	 1.33 
372 	 0.0 	 1.25 
373 	 0.0 	 0.70 
374 	 0.0 	 1.72 
375 	 0.0 	 1.79 
376 	 0.0 	 0.70 
377 	 0.0 	 1.17 
378 	 0.0 	 0.94 
379 	 0.0 	 0.55 
380 	 0.0 	 1.25 
381 	 0.0 	 1.87 
382 	 0.0 	 -0.08 
383 	 0.0 	 1.64 
384 	 0.0 	 -1.09 
385 	 0.0 	 -0.86 
386 	 0.0 	 2.34 
387 	 0.0 	 2.03 
388 	 0.0 	 -0.55 
389 	 0.0 	 1.95 
390 	 0.0 	 0.62 
391 	 0.0 	 2.96 
392 	 0.0 	 0.62 
393 	 0.0 	 2.50 
394 	 0.0 	 -0.23 
395 	 0.0 	 1.40 
396 	 0.0 	 1.79 
397 	 0.0 	 1.33 
398 	 0.0 	 2.34 
399 	 0.0 	 1.87 
400 	 0.0 	 0.94 
401 	 0.0 	 1.40 
402 	 0.0 	 2.57 
403 	 0.0 	 0.62 
404 	 0.0 	 1.64 
405 	 0.0 	 2.26 
406 	 0.0 	 2.26 
407 	 0.0 	 1.48 
408 	 0.0 	 0.78 
409 	 0.0 	 1.79 
410 	 0.0 	 2.65 
411 	 0.0 	 -0.08 
412 	 0.0 	 1.17 
413 	 0.0 	 0.70 
414 	 0.0 	 2.26 
415 	 0.0 	 2.89 
416 	 0.0 	 1.95 
417 	 0.0 	 1.33 
418 	 0.0 	 1.25 
419 	 0.0 	 1.09 
420 	 0.0 	 -0.16 
421 	 0.0 	 0.94 
422 	 0.0 	 1.17 
423 	 0.0 	 2.73 
424 	 0.0 	 1.72 
425 	 0.0 	 1.87 
426 	 0.0 	 1.79 
427 	 0.0 	 -0.39 
428 	 0.0 	 0.08 
429 	 0.0 	 0.47 
430 	 0.0 	 2.81 
431 	 0.0 	 2.42 
432 	 0.0 	 1.79 
433 	 0.0 	 1.48 
434 	 0.0 	 3.12 
435 	 0.0 	 0.47 
436 	 0.0 	 1.01 
437 	 0.0 	 1.64 
438 	 0.0 	 1.17 
439 	 0.0 	 1.56 
440 	 0.0 	 1.79 
441 	 0.0 	 1.79 
442 	 0.0 	 1.79 
443 	 0.0 	 1.64 
444 	 0.0 	 1.64 
445 	 0.0 	 1.64 
446 	 0.0 	 1.64 
447 	 0.0 	 1.17 
448 	 0.0 	 1.79 
449 	 0.0 	 1.79 
450 	 0.0 	 1.79 
451 	 0.0 	 1.79 
452 	 0.0 	 1.64 
453 	 0.0 	 0.78 
454 	 0.0 	 1.72 
455 	 0.0 	 0.86 
456 	 0.0 	 1.48 
457 	 0.0 	 0.00 
458 	 0.0 	 1.72 
459 	 0.0 	 1.09 
460 	 0.0 	 1.72 
461 	 0.0 	 1.56 
462 	 0.0 	 0.47 
463 	 0.0 	 0.86 
464 	 0.0 	 2.03 
465 	 0.0 	 1.72 
466 	 0.0 	 2.03 
467 	 0.0 	 1.25 
468 	 0.0 	 1.64 
469 	 0.0 	 1.87 
470 	 0.0 	 0.55 
471 	 0.0 	 1.01 
472 	 0.0 	 1.01 
473 	 0.0 	 0.94 
474 	 0.0 	 1.48 
475 	 0.0 	 0.86 
476 	 0.0 	 1.33 
477 	 0.0 	 0.62 
478 	 0.0 	 1.95 
479 	 0.0 	 0.86 
480 	 0.0 	 3.43 
481 	 0.0 	 1.87 
482 	 0.0 	 1.40 
483 	 0.0 	 2.81 
484 	 0.0 	 2.65 
485 	 0.0 	 -0.08 
486 	 0.0 	 1.25 
487 	 0.0 	 1.25 
488 	 0.0 	 1.33 
489 	 0.0 	 1.95 
490 	 0.0 	 1.72 
491 	 0.0 	 1.79 
492 	 0.0 	 2.03 
493 	 0.0 	 1.72 
494 	 0.0 	 1.01 
495 	 0.0 	 0.86 
496 	 0.0 	 2.65 
497 	 0.0 	 2.34 
498 	 0.0 	 0.39 
499 	 0.0 	 0.70 
500 	 0.0 	 1.79 
501 	 0.0 	 2.03 
502 	 0.0 	 0.70 
503 	 0.0 	 2.81 
504 	 0.0 	 0.55 
505 	 0.0 	 2.34 
506 	 0.0 	 2.42 
507 	 0.0 	 0.70 
508 	 0.0 	 1.72 
509 	 0.0 	 2.50 
510 	 0.0 	 1.17 
511 	 0.0 	 -0.23 
512 	 0.0 	 0.94 
513 	 0.0 	 1.95 
514 	 0.0 	 1.87 
515 	 0.0 	 1.64 
516 	 0.0 	 0.94 
517 	 0.0 	 0.78 
518 	 0.0 	 2.34 
519 	 0.0 	 0.62 
520 	 0.0 	 1.79 
521 	 0.0 	 2.50 
522 	 0.0 	 2.11 
523 	 0.0 	 1.25 
524 	 0.0 	 1.09 
525 	 0.0 	 2.26 
526 	 0.0 	 0.62 
527 	 0.0 	 1.79 
528 	 0.0 	 1.25 
529 	 0.0 	 1.64 
530 	 0.0 	 0.31 
531 	 0.0 	 1.01 
532 	 0.0 	 2.11 
533 	 0.0 	 3.82 
534 	 0.0 	 2.11 
535 	 0.0 	 1.95 
536 	 0.0 	 2.03 
537 	 0.0 	 1.95 
538 	 0.0 	 2.03 
539 	 0.0 	 2.18 
540 	 0.0 	 2.34 
541 	 0.0 	 2.89 
542 	 0.0 	 2.57 
543 	 0.0 	 1.95 
544 	 0.0 	 1.64 
545 	 0.0 	 1.40 
546 	 0.0 	 1.95 
547 	 0.0 	 0.94 
548 	 0.0 	 1.48 
549 	 0.0 	 1.72 
550 	 0.0 	 1.33 
551 	 0.0 	 2.57 
552 	 0.0 	 1.72 
553 	 0.0 	 1.72 
554 	 0.0 	 1.48 
555 	 0.0 	 1.25 
556 	 0.0 	 1.25 
557 	 0.0 	 2.81 
558 	 0.0 	 1.33 
559 	 0.0 	 1.25 
560 	 0.0 	 1.17 
561 	 0.0 	 0.39 
562 	 0.0 	 0.86 
563 	 0.0 	 2.18 
564 	 0.0 	 1.33 
565 	 0.0 	 2.03 
566 	 0.0 	 2.96 
567 	 0.0 	 2.42 
568 	 0.0 	 2.34 
569 	 0.0 	 2.26 
570 	 0.0 	 2.26 
571 	 0.0 	 2.26 
572 	 0.0 	 2.57 
573 	 0.0 	 2.65 
574 	 0.0 	 2.65 
575 	 0.0 	 2.42 
576 	 0.0 	 2.26 
577 	 0.0 	 2.26 
578 	 0.0 	 2.42 
579 	 0.0 	 2.50 
580 	 0.0 	 2.18 
581 	 0.0 	 3.12 
582 	 0.0 	 1.56 
583 	 0.0 	 0.47 
584 	 0.0 	 1.72 
585 	 0.0 	 1.09 
586 	 0.0 	 1.17 
587 	 0.0 	 1.48 
588 	 0.0 	 0.39 
589 	 0.0 	 1.48 
590 	 0.0 	 0.86 
591 	 0.0 	 2.50 
592 	 0.0 	 1.48 
593 	 0.0 	 0.70 
594 	 0.0 	 0.86 
595 	 0.0 	 1.87 
596 	 0.0 	 1.33 
597 	 0.0 	 0.78 
598 	 0.0 	 1.09 
599 	 0.0 	 1.56 
600 	 0.0 	 0.08 
601 	 0.0 	 2.50 
602 	 0.0 	 1.56 
603 	 0.0 	 0.78 
604 	 0.0 	 2.50 
605 	 0.0 	 1.17 
606 	 0.0 	 1.17 
607 	 0.0 	 1.56 
608 	 0.0 	 0.39 
609 	 0.0 	 1.25 
610 	 0.0 	 1.40 
611 	 0.0 	 2.34 
612 	 0.0 	 0.78 
613 	 0.0 	 1.40 
614 	 0.0 	 0.55 
615 	 0.0 	 0.62 
616 	 0.0 	 1.25 
617 	 0.0 	 2.18 
618 	 0.0 	 1.33 
619 	 0.0 	 0.78 
620 	 0.0 	 0.94 
621 	 0.0 	 1.17 
622 	 0.0 	 1.87 
623 	 0.0 	 0.31 
624 	 0.0 	 1.64 
625 	 0.0 	 1.40 
626 	 0.0 	 -0.08 
627 	 0.0 	 1.01 
628 	 0.0 	 1.01 
629 	 0.0 	 1.56 
630 	 0.0 	 0.39 
631 	 0.0 	 1.95 
632 	 0.0 	 2.57 
633 	 0.0 	 0.78 
634 	 0.0 	 1.48 
635 	 0.0 	 1.40 
636 	 0.0 	 1.48 
637 	 0.0 	 1.33 
638 	 0.0 	 2.03 
639 	 0.0 	 0.94 
640 	 0.0 	 1.56 
641 	 0.0 	 1.40 
642 	 0.0 	 1.01 
643 	 0.0 	 1.40 
644 	 0.0 	 0.70 
645 	 0.0 	 0.94 
646 	 0.0 	 1.40 
647 	 0.0 	 1.48 
648 	 0.0 	 1.33 
649 	 0.0 	 1.48 
650 	 0.0 	 1.79 
651 	 0.0 	 2.34 
652 	 0.0 	 1.48 
653 	 0.0 	 2.11 
654 	 0.0 	 1.56 
655 	 0.0 	 0.86 
656 	 0.0 	 2.03 
657 	 0.0 	 1.17 
658 	 0.0 	 1.33 
659 	 0.0 	 0.39 
660 	 0.0 	 1.40 
661 	 0.0 	 0.47 
662 	 0.0 	 1.40 
663 	 0.0 	 1.09 
664 	 0.0 	 0.78 
665 	 0.0 	 1.09 
666 	 0.0 	 2.18 
667 	 0.0 	 2.03 
668 	 0.0 	 1.72 
669 	 0.0 	 3.20 
670 	 0.0 	 2.18 
671 	 0.0 	 1.33 
672 	 0.0 	 1.40 
673 	 0.0 	 1.79 
674 	 0.0 	 1.87 
675 	 0.0 	 1.87 
676 	 0.0 	 1.79 
677 	 0.0 	 0.70 
678 	 0.0 	 0.94 
679 	 0.0 	 1.79 
680 	 0.0 	 1.64 
681 	 0.0 	 0.86 
682 	 0.0 	 1.87 
683 	 0.0 	 1.56 
684 	 0.0 	 0.39 
685 	 0.0 	 0.55 
686 	 0.0 	 2.18 
687 	 0.0 	 1.17 
688 	 0.0 	 2.26 
689 	 0.0 	 1.72 
690 	 0.0 	 0.70 
691 	 0.0 	 2.26 
692 	 0.0 	 1.48 
693 	 0.0 	 2.03 
694 	 0.0 	 2.42 
695 	 0.0 	 1.25 
696 	 0.0 	 1.33 
697 	 0.0 	 2.11 
698 	 0.0 	 1.40 
699 	 0.0 	 1.17 
700 	 0.0 	 0.08 
701 	 0.0 	 -0.23 
702 	 0.0 	 2.11 
703 	 0.0 	 0.23 
704 	 0.0 	 1.01 
705 	 0.0 	 0.78 
706 	 0.0 	 1.17 
707 	 0.0 	 1.48 
708 	 0.0 	 1.17 
709 	 0.0 	 1.95 
710 	 0.0 	 0.62 
711 	 0.0 	 2.57 
712 	 0.0 	 2.11 
713 	 0.0 	 1.87 
714 	 0.0 	 1.25 
715 	 0.0 	 2.42 
716 	 0.0 	 -0.23 
717 	 0.0 	 0.00 
718 	 0.0 	 1.01 
719 	 0.0 	 2.89 
720 	 0.0 	 1.56 
721 	 0.0 	 2.11 
722 	 0.0 	 2.26 
723 	 0.0 	 1.79 
724 	 0.0 	 1.09 
725 	 0.0 	 1.56 
726 	 0.0 	 1.48 
727 	 0.0 	 0.00 
728 	 0.0 	 1.48 
729 	 0.0 	 1.95 
730 	 0.0 	 2.18 
731 	 0.0 	 -0.55 
732 	 0.0 	 1.09 
733 	 0.0 	 0.23 
734 	 0.0 	 0.70 
735 	 0.0 	 2.57 
736 	 0.0 	 0.47 
737 	 0.0 	 2.57 
738 	 0.0 	 0.86 
739 	 0.0 	 0.78 
740 	 0.0 	 1.09 
741 	 0.0 	 1.01 
742 	 0.0 	 2.73 
743 	 0.0 	 3.28 
744 	 0.0 	 0.94 
745 	 0.0 	 0.08 
746 	 0.0 	 1.09 
747 	 0.0 	 1.17 
748 	 0.0 	 1.72 
749 	 0.0 	 2.11 
750 	 0.0 	 0.94 
751 	 0.0 	 1.56 
752 	 0.0 	 1.64 
753 	 0.0 	 1.33 
754 	 0.0 	 1.09 
755 	 0.0 	 0.55 
756 	 0.0 	 0.94 
757 	 0.0 	 1.40 
758 	 0.0 	 1.48 
759 	 0.0 	 0.86 
760 	 0.0 	 1.95 
761 	 0.0 	 2.18 
762 	 0.0 	 2.03 
763 	 0.0 	 1.25 
764 	 0.0 	 0.86 
765 	 0.0 	 1.72 
766 	 0.0 	 0.16 
767 	 0.0 	 0.31 
768 	 0.0 	 1.25 
769 	 0.0 	 2.11 
770 	 0.0 	 1.48 
771 	 0.0 	 1.25 
772 	 0.0 	 1.33 
773 	 0.0 	 0.94 
774 	 0.0 	 1.17 
775 	 0.0 	 0.55 
776 	 0.0 	 0.70 
777 	 0.0 	 1.17 
778 	 0.0 	 1.95 
779 	 0.0 	 1.40 
780 	 0.0 	 1.09 
781 	 0.0 	 1.56 
782 	 0.0 	 0.78 
783 	 0.0 	 1.72 
784 	 0.0 	 -0.08 
785 	 0.0 	 1.01 
786 	 0.0 	 1.01 
787 	 0.0 	 1.40 
788 	 0.0 	 0.78 
789 	 0.0 	 0.39 
790 	 0.0 	 1.09 
791 	 0.0 	 1.87 
792 	 0.0 	 1.87 
793 	 0.0 	 1.17 
794 	 0.0 	 0.86 
795 	 0.0 	 2.03 
796 	 0.0 	 0.86 
797 	 0.0 	 1.87 
798 	 0.0 	 1.17 
799 	 0.0 	 1.95 
800 	 0.0 	 2.42 
801 	 0.0 	 0.70 
802 	 0.0 	 1.79 
803 	 0.0 	 1.79 
804 	 0.0 	 2.65 
805 	 0.0 	 0.86 
806 	 0.0 	 2.26 
807 	 0.0 	 0.70 
808 	 0.0 	 1.48 
809 	 0.0 	 1.25 
810 	 0.0 	 2.11 
811 	 0.0 	 0.78 
812 	 0.0 	 1.01 
813 	 0.0 	 -0.08 
814 	 0.0 	 0.86 
815 	 0.0 	 1.33 
816 	 0.0 	 2.50 
817 	 0.0 	 2.18 
818 	 0.0 	 1.95 
819 	 0.0 	 1.79 
820 	 0.0 	 2.03 
821 	 0.0 	 1.09 
822 	 0.0 	 0.47 
823 	 0.0 	 1.17 
824 	 0.0 	 1.33 
825 	 0.0 	 0.70 
826 	 0.0 	 0.94 
827 	 0.0 	 2.50 
828 	 0.0 	 4.52 
829 	 0.0 	 1.87 
830 	 0.0 	 1.33 
831 	 0.0 	 1.17 
832 	 0.0 	 -0.47 
833 	 0.0 	 0.78 
834 	 0.0 	 -0.47 
835 	 0.0 	 1.56 
836 	 0.0 	 1.17 
837 	 0.0 	 1.40 
838 	 0.0 	 1.48 
839 	 0.0 	 1.48 
840 	 0.0 	 0.47 
841 	 0.0 	 2.26 
842 	 0.0 	 1.72 
843 	 0.0 	 1.01 
844 	 0.0 	 1.56 
845 	 0.0 	 0.62 
846 	 0.0 	 0.62 
847 	 0.0 	 0.16 
848 	 0.0 	 1.48 
849 	 0.0 	 0.94 
850 	 0.0 	 0.16 
851 	 0.0 	 0.78 
852 	 0.0 	 0.08 
853 	 0.0 	 1.56 
854 	 0.0 	 1.40 
855 	 0.0 	 1.33 
856 	 0.0 	 2.57 
857 	 0.0 	 1.87 
858 	 0.0 	 0.94 
859 	 0.0 	 0.62 
860 	 0.0 	 2.26 
861 	 0.0 	 0.31 
862 	 0.0 	 1.09 
863 	 0.0 	 -0.55 
864 	 0.0 	 0.47 
865 	 0.0 	 1.25 
866 	 0.0 	 1.25 
867 	 0.0 	 1.40 
868 	 0.0 	 2.18 
869 	 0.0 	 2.18 
870 	 0.0 	 1.09 
871 	 0.0 	 1.09 
872 	 0.0 	 1.48 
873 	 0.0 	 0.55 
874 	 0.0 	 -1.01 
875 	 0.0 	 2.11 
876 	 0.0 	 1.09 
877 	 0.0 	 2.03 
878 	 0.0 	 2.65 
879 	 0.0 	 1.33 
880 	 0.0 	 2.34 
881 	 0.0 	 0.86 
882 	 0.0 	 2.03 
883 	 0.0 	 1.64 
884 	 0.0 	 0.39 
885 	 0.0 	 0.94 
886 	 0.0 	 1.56 
887 	 0.0 	 1.17 
888 	 0.0 	 1.87 
889 	 0.0 	 0.94 
890 	 0.0 	 2.96 
891 	 0.0 	 2.26 
892 	 0.0 	 1.01 
893 	 0.0 	 2.18 
894 	 0.0 	 1.64 
895 	 0.0 	 1.09 
896 	 0.0 	 2.11 
897 	 0.0 	 1.72 
898 	 0.0 	 0.08 
899 	 0.0 	 1.25 
900 	 0.0 	 -1.17 
901 	 0.0 	 0.47 
902 	 0.0 	 1.17 
903 	 0.0 	 4.60 
904 	 0.0 	 4.99 
905 	 0.0 	 2.03 
906 	 0.0 	 2.11 
907 	 0.0 	 0.16 
908 	 0.0 	 2.65 
909 	 0.0 	 0.86 
910 	 0.0 	 -0.86 
911 	 0.0 	 1.40 
912 	 0.0 	 0.31 
913 	 0.0 	 2.11 
914 	 0.0 	 1.56 
915 	 0.0 	 1.33 
916 	 0.0 	 1.17 
917 	 0.0 	 0.86 
918 	 0.0 	 3.12 
919 	 0.0 	 2.03 
920 	 0.0 	 1.40 
921 	 0.0 	 0.78 
922 	 0.0 	 1.72 
923 	 0.0 	 0.31 
924 	 0.0 	 1.72 
925 	 0.0 	 3.12 
926 	 0.0 	 0.78 
927 	 0.0 	 1.09 
928 	 0.0 	 3.59 
929 	 0.0 	 1.95 
930 	 0.0 	 0.39 
931 	 0.0 	 2.50 
932 	 0.0 	 1.17 
933 	 0.0 	 0.86 
934 	 0.0 	 2.34 
935 	 0.0 	 3.04 
936 	 0.0 	 0.86 
937 	 0.0 	 1.33 
938 	 0.0 	 1.33 
939 	 0.0 	 0.08 
940 	 0.0 	 -0.16 
941 	 0.0 	 -0.47 
942 	 0.0 	 0.39 
943 	 0.0 	 0.39 
944 	 0.0 	 0.47 
945 	 0.0 	 2.34 
946 	 0.0 	 1.87 
947 	 0.0 	 -0.16 
948 	 0.0 	 -0.16 
949 	 0.0 	 3.12 
950 	 0.0 	 0.08 
951 	 0.0 	 1.01 
952 	 0.0 	 0.23 
953 	 0.0 	 0.86 
954 	 0.0 	 1.09 
955 	 0.0 	 0.23 
956 	 0.0 	 1.95 
957 	 0.0 	 1.72 
958 	 0.0 	 2.34 
959 	 0.0 	 1.64 
960 	 0.0 	 0.94 
961 	 0.0 	 2.03 
962 	 0.0 	 1.09 
963 	 0.0 	 0.31 
964 	 0.0 	 2.26 
965 	 0.0 	 1.25 
966 	 0.0 	 0.62 
967 	 0.0 	 0.70 
968 	 0.0 	 0.39 
969 	 0.0 	 1.64 
970 	 0.0 	 0.55 
971 	 0.0 	 0.78 
972 	 0.0 	 1.48 
973 	 0.0 	 2.03 
974 	 0.0 	 1.40 
975 	 0.0 	 -0.47 
976 	 0.0 	 0.16 
977 	 0.0 	 3.51 
978 	 0.0 	 2.11 
979 	 0.0 	 2.03 
980 	 0.0 	 1.64 
981 	 0.0 	 1.95 
982 	 0.0 	 0.23 
983 	 0.0 	 1.87 
984 	 0.0 	 1.40 
985 	 0.0 	 2.11 
986 	 0.0 	 1.48 
987 	 0.0 	 1.40 
988 	 0.0 	 -0.70 
989 	 0.0 	 0.16 
990 	 0.0 	 1.25 
991 	 0.0 	 0.94 
992 	 0.0 	 1.40 
993 	 0.0 	 1.09 
994 	 0.0 	 0.47 
995 	 0.0 	 1.33 
996 	 0.0 	 1.33 
997 	 0.0 	 1.17 
998 	 0.0 	 1.25 
999 	 0.0 	 0.78 
1000 	 0.0 	 1.17 
1001 	 0.0 	 1.17 
1002 	 0.0 	 1.72 
1003 	 0.0 	 1.01 
1004 	 0.0 	 2.26 
1005 	 0.0 	 0.78 
1006 	 0.0 	 1.79 
1007 	 0.0 	 1.64 
1008 	 0.0 	 1.33 
1009 	 0.0 	 0.47 
1010 	 0.0 	 1.01 
1011 	 0.0 	 1.72 
1012 	 0.0 	 1.25 
1013 	 0.0 	 0.78 
1014 	 0.0 	 2.11 
1015 	 0.0 	 1.01 
1016 	 0.0 	 2.26 
1017 	 0.0 	 0.08 
1018 	 0.0 	 1.56 
1019 	 0.0 	 1.64 
1020 	 0.0 	 1.64 
1021 	 0.0 	 1.56 
1022 	 0.0 	 2.26 
1023 	 0.0 	 1.87 
1024 	 0.0 	 1.87 
1025 	 0.0 	 1.87 
1026 	 0.0 	 1.79 
1027 	 0.0 	 1.87 
1028 	 0.0 	 1.72 
1029 	 0.0 	 2.03 
1030 	 0.0 	 2.26 
1031 	 0.0 	 2.11 
1032 	 0.0 	 2.03 
1033 	 0.0 	 1.95 
1034 	 0.0 	 1.95 
1035 	 0.0 	 1.72 
1036 	 0.0 	 1.48 
1037 	 0.0 	 2.03 
1038 	 0.0 	 1.01 
1039 	 0.0 	 0.00 
1040 	 0.0 	 -0.70 
1041 	 0.0 	 0.08 
1042 	 0.0 	 0.39 
1043 	 0.0 	 2.03 
1044 	 0.0 	 1.48 
1045 	 0.0 	 2.03 
1046 	 0.0 	 0.86 
1047 	 0.0 	 0.00 
1048 	 0.0 	 1.95 
1049 	 0.0 	 2.57 
1050 	 0.0 	 2.03 
1051 	 0.0 	 2.73 
1052 	 0.0 	 2.89 
1053 	 0.0 	 1.79 
1054 	 0.0 	 1.56 
1055 	 0.0 	 0.94 
1056 	 0.0 	 1.56 
1057 	 0.0 	 2.50 
1058 	 0.0 	 1.17 
1059 	 0.0 	 2.34 
1060 	 0.0 	 1.48 
1061 	 0.0 	 0.86 
1062 	 0.0 	 1.17 
1063 	 0.0 	 1.64 
1064 	 0.0 	 0.70 
1065 	 0.0 	 1.95 
1066 	 0.0 	 -0.31 
1067 	 0.0 	 1.48 
1068 	 0.0 	 1.95 
1069 	 0.0 	 1.72 
1070 	 0.0 	 1.48 
1071 	 0.0 	 1.40 
1072 	 0.0 	 1.72 
1073 	 0.0 	 1.40 
1074 	 0.0 	 1.25 
1075 	 0.0 	 1.79 
1076 	 0.0 	 0.94 
1077 	 0.0 	 1.09 
1078 	 0.0 	 1.01 
1079 	 0.0 	 1.48 
1080 	 0.0 	 -0.16 
1081 	 0.0 	 1.01 
1082 	 0.0 	 0.39 
1083 	 0.0 	 0.78 
1084 	 0.0 	 2.11 
1085 	 0.0 	 3.59 
1086 	 0.0 	 0.78 
1087 	 0.0 	 1.72 
1088 	 0.0 	 1.25 
1089 	 0.0 	 1.48 
1090 	 0.0 	 0.47 
1091 	 0.0 	 1.87 
1092 	 0.0 	 1.79 
1093 	 0.0 	 1.48 
1094 	 0.0 	 0.31 
1095 	 0.0 	 1.09 
1096 	 0.0 	 1.01 
1097 	 0.0 	 1.33 
1098 	 0.0 	 0.86 
1099 	 0.0 	 1.56 
1100 	 0.0 	 1.48 
1101 	 0.0 	 1.17 
1102 	 0.0 	 0.62 
1103 	 0.0 	 2.03 
1104 	 0.0 	 2.50 
1105 	 0.0 	 0.62 
1106 	 0.0 	 1.25 
1107 	 0.0 	 0.08 
1108 	 0.0 	 2.03 
1109 	 0.0 	 0.39 
1110 	 0.0 	 1.64 
1111 	 0.0 	 1.25 
1112 	 0.0 	 1.25 
1113 	 0.0 	 1.40 
1114 	 0.0 	 -0.86 
1115 	 0.0 	 3.28 
1116 	 0.0 	 1.01 
1117 	 0.0 	 3.35 
1118 	 0.0 	 2.18 
1119 	 0.0 	 0.47 
1120 	 0.0 	 1.01 
1121 	 0.0 	 0.78 
1122 	 0.0 	 0.94 
1123 	 0.0 	 1.87 
1124 	 0.0 	 1.17 
1125 	 0.0 	 0.86 
1126 	 0.0 	 0.31 
1127 	 0.0 	 0.70 
1128 	 0.0 	 0.39 
1129 	 0.0 	 0.94 
1130 	 0.0 	 1.56 
1131 	 0.0 	 0.94 
1132 	 0.0 	 1.33 
1133 	 0.0 	 1.72 
1134 	 0.0 	 0.78 
1135 	 0.0 	 1.79 
1136 	 0.0 	 2.03 
1137 	 0.0 	 1.01 
1138 	 0.0 	 1.87 
1139 	 0.0 	 1.40 
1140 	 0.0 	 0.23 
1141 	 0.0 	 1.25 
1142 	 0.0 	 1.09 
1143 	 0.0 	 1.17 
1144 	 0.0 	 0.94 
1145 	 0.0 	 1.25 
1146 	 0.0 	 0.62 
1147 	 0.0 	 1.79 
1148 	 0.0 	 1.64 
1149 	 0.0 	 1.33 
1150 	 0.0 	 1.33 
1151 	 0.0 	 1.79 
1152 	 0.0 	 2.34 
1153 	 0.0 	 1.87 
1154 	 0.0 	 1.87 
1155 	 0.0 	 1.09 
1156 	 0.0 	 2.65 
1157 	 0.0 	 1.40 
1158 	 0.0 	 0.39 
1159 	 0.0 	 0.47 
1160 	 0.0 	 0.31 
1161 	 0.0 	 1.09 
1162 	 0.0 	 1.64 
1163 	 0.0 	 1.01 
1164 	 0.0 	 1.72 
1165 	 0.0 	 0.86 
1166 	 0.0 	 2.42 
1167 	 0.0 	 1.17 
1168 	 0.0 	 1.79 
1169 	 0.0 	 1.33 
1170 	 0.0 	 1.17 
1171 	 0.0 	 1.64 
1172 	 0.0 	 -0.16 
1173 	 0.0 	 1.64 
1174 	 0.0 	 2.65 
1175 	 0.0 	 -0.31 
1176 	 0.0 	 2.57 
1177 	 0.0 	 2.03 
1178 	 0.0 	 2.18 
1179 	 0.0 	 1.09 
1180 	 0.0 	 1.56 
1181 	 0.0 	 1.09 
1182 	 0.0 	 0.70 
1183 	 0.0 	 0.94 
1184 	 0.0 	 2.18 
1185 	 0.0 	 2.11 
1186 	 0.0 	 1.87 
1187 	 0.0 	 -0.16 
1188 	 0.0 	 0.62 
1189 	 0.0 	 1.64 
1190 	 0.0 	 0.94 
1191 	 0.0 	 1.79 
1192 	 0.0 	 0.86 
1193 	 0.0 	 0.94 
1194 	 0.0 	 0.78 
1195 	 0.0 	 3.12 
1196 	 0.0 	 2.42 
1197 	 0.0 	 0.70 
1198 	 0.0 	 0.86 
1199 	 0.0 	 1.72 
1200 	 0.0 	 1.33 
1201 	 0.0 	 0.23 
1202 	 0.0 	 2.81 
1203 	 0.0 	 2.34 
1204 	 0.0 	 0.86 
1205 	 0.0 	 2.81 
1206 	 0.0 	 0.62 
1207 	 0.0 	 1.33 
1208 	 0.0 	 1.48 
1209 	 0.0 	 2.96 
1210 	 0.0 	 1.56 
1211 	 0.0 	 1.25 
1212 	 0.0 	 0.78 
1213 	 0.0 	 1.48 
1214 	 0.0 	 1.17 
1215 	 0.0 	 1.40 
1216 	 0.0 	 1.64 
1217 	 0.0 	 1.48 
1218 	 0.0 	 2.34 
1219 	 0.0 	 1.72 
1220 	 0.0 	 1.40 
1221 	 0.0 	 1.48 
1222 	 0.0 	 2.73 
1223 	 0.0 	 3.43 
1224 	 0.0 	 3.67 
1225 	 0.0 	 3.67 
1226 	 0.0 	 3.74 
1227 	 0.0 	 3.82 
1228 	 0.0 	 3.90 
1229 	 0.0 	 3.82 
1230 	 0.0 	 3.82 
1231 	 0.0 	 3.82 
1232 	 0.0 	 3.74 
1233 	 0.0 	 4.06 
1234 	 0.0 	 3.67 
1235 	 0.0 	 2.03 
1236 	 0.0 	 1.40 
1237 	 0.0 	 1.72 
1238 	 0.0 	 0.31 
1239 	 0.0 	 1.01 
1240 	 0.0 	 1.56 
1241 	 0.0 	 1.95 
1242 	 0.0 	 1.17 
1243 	 0.0 	 0.31 
1244 	 0.0 	 1.09 
1245 	 0.0 	 1.09 
1246 	 0.0 	 2.11 
1247 	 0.0 	 2.34 
1248 	 0.0 	 1.40 
1249 	 0.0 	 1.79 
1250 	 0.0 	 1.64 
1251 	 0.0 	 0.94 
1252 	 0.0 	 0.94 
1253 	 0.0 	 1.79 
1254 	 0.0 	 1.01 
1255 	 0.0 	 0.86 
1256 	 0.0 	 1.48 
1257 	 0.0 	 1.64 
1258 	 0.0 	 1.40 
1259 	 0.0 	 1.64 
1260 	 0.0 	 2.34 
1261 	 0.0 	 1.87 
1262 	 0.0 	 1.17 
1263 	 0.0 	 1.64 
1264 	 0.0 	 1.33 
1265 	 0.0 	 1.48 
1266 	 0.0 	 1.33 
1267 	 0.0 	 2.03 
1268 	 0.0 	 1.25 
1269 	 0.0 	 1.72 
1270 	 0.0 	 1.25 
1271 	 0.0 	 1.79 
1272 	 0.0 	 1.25 
1273 	 0.0 	 1.95 
1274 	 0.0 	 1.64 
1275 	 0.0 	 2.26 
1276 	 0.0 	 1.48 
1277 	 0.0 	 0.94 
1278 	 0.0 	 0.39 
1279 	 0.0 	 3.67 
1280 	 0.0 	 0.16 
1281 	 0.0 	 0.31 
1282 	 0.0 	 3.04 
1283 	 0.0 	 1.25 
1284 	 0.0 	 2.03 
1285 	 0.0 	 1.79 
1286 	 0.0 	 0.55 
1287 	 0.0 	 1.33 
1288 	 0.0 	 1.33 
1289 	 0.0 	 2.42 
1290 	 0.0 	 2.81 
1291 	 0.0 	 0.86 
1292 	 0.0 	 1.79 
1293 	 0.0 	 2.42 
1294 	 0.0 	 1.95 
1295 	 0.0 	 1.17 
1296 	 0.0 	 0.86 
1297 	 0.0 	 1.25 
1298 	 0.0 	 1.72 
1299 	 0.0 	 1.56 
1300 	 0.0 	 1.56 
1301 	 0.0 	 1.40 
1302 	 0.0 	 0.86 
1303 	 0.0 	 1.95 
1304 	 0.0 	 1.79 
1305 	 0.0 	 1.25 
1306 	 0.0 	 0.86 
1307 	 0.0 	 1.01 
1308 	 0.0 	 2.18 
1309 	 0.0 	 0.78 
1310 	 0.0 	 1.33 
1311 	 0.0 	 1.09 
1312 	 0.0 	 1.33 
1313 	 0.0 	 2.11 
1314 	 0.0 	 1.48 
1315 	 0.0 	 2.26 
1316 	 0.0 	 0.78 
1317 	 0.0 	 1.17 
1318 	 0.0 	 1.48 
1319 	 0.0 	 0.94 
1320 	 0.0 	 2.34 
1321 	 0.0 	 2.03 
1322 	 0.0 	 0.62 
1323 	 0.0 	 1.79 
1324 	 0.0 	 1.95 
1325 	 0.0 	 1.17 
1326 	 0.0 	 2.11 
1327 	 0.0 	 0.39 
1328 	 0.0 	 1.17 
1329 	 0.0 	 2.03 
1330 	 0.0 	 0.94 
1331 	 0.0 	 0.86 
1332 	 0.0 	 1.56 
1333 	 0.0 	 1.48 
1334 	 0.0 	 1.40 
1335 	 0.0 	 1.56 
1336 	 0.0 	 1.09 
1337 	 0.0 	 0.55 
1338 	 0.0 	 1.64 
1339 	 0.0 	 1.64 
1340 	 0.0 	 1.72 
1341 	 0.0 	 0.55 
1342 	 0.0 	 1.48 
1343 	 0.0 	 1.40 
1344 	 0.0 	 1.25 
1345 	 0.0 	 2.11 
1346 	 0.0 	 1.87 
1347 	 0.0 	 0.86 
1348 	 0.0 	 1.33 
1349 	 0.0 	 1.56 
1350 	 0.0 	 1.56 
1351 	 0.0 	 1.48 
1352 	 0.0 	 0.62 
1353 	 0.0 	 1.64 
1354 	 0.0 	 1.09 
1355 	 0.0 	 2.03 
1356 	 0.0 	 1.09 
1357 	 0.0 	 1.17 
1358 	 0.0 	 2.03 
1359 	 0.0 	 1.33 
1360 	 0.0 	 1.40 
1361 	 0.0 	 1.79 
1362 	 0.0 	 1.72 
1363 	 0.0 	 1.72 
1364 	 0.0 	 1.48 
1365 	 0.0 	 1.40 
1366 	 0.0 	 1.72 
1367 	 0.0 	 1.87 
1368 	 0.0 	 1.25 
1369 	 0.0 	 0.86 
1370 	 0.0 	 0.94 
1371 	 0.0 	 1.48 
1372 	 0.0 	 -0.39 
1373 	 0.0 	 1.17 
1374 	 0.0 	 1.40 
1375 	 0.0 	 1.64 
1376 	 0.0 	 1.17 
1377 	 0.0 	 1.17 
1378 	 0.0 	 1.48 
1379 	 0.0 	 1.56 
1380 	 0.0 	 0.86 
1381 	 0.0 	 1.56 
1382 	 0.0 	 1.64 
1383 	 0.0 	 1.17 
1384 	 0.0 	 1.48 
1385 	 0.0 	 1.09 
1386 	 0.0 	 0.62 
1387 	 0.0 	 1.01 
1388 	 0.0 	 0.94 
1389 	 0.0 	 0.55 
1390 	 0.0 	 0.78 
1391 	 0.0 	 1.01 
1392 	 0.0 	 1.40 
1393 	 0.0 	 1.17 
1394 	 0.0 	 0.94 
1395 	 0.0 	 1.01 
1396 	 0.0 	 1.64 
1397 	 0.0 	 0.62 
1398 	 0.0 	 1.40 
1399 	 0.0 	 1.33 
1400 	 0.0 	 0.78 
1401 	 0.0 	 1.48 
1402 	 0.0 	 1.56 
1403 	 0.0 	 1.09 
1404 	 0.0 	 1.09 
1405 	 0.0 	 1.09 
1406 	 0.0 	 1.17 
1407 	 0.0 	 0.47 
1408 	 0.0 	 1.48 
1409 	 0.0 	 1.56 
1410 	 0.0 	 1.48 
1411 	 0.0 	 1.17 
1412 	 0.0 	 1.01 
1413 	 0.0 	 1.01 
1414 	 0.0 	 1.56 
1415 	 0.0 	 1.40 
1416 	 0.0 	 1.25 
1417 	 0.0 	 3.98 
1418 	 0.0 	 4.13 
1419 	 0.0 	 2.65 
1420 	 0.0 	 2.89 
1421 	 0.0 	 1.25 
1422 	 0.0 	 1.01 
1423 	 0.0 	 2.11 
1424 	 0.0 	 1.25 
1425 	 0.0 	 1.25 
1426 	 0.0 	 0.86 
1427 	 0.0 	 0.78 
1428 	 0.0 	 3.74 
1429 	 0.0 	 3.35 
1430 	 0.0 	 3.43 
1431 	 0.0 	 2.89 
1432 	 0.0 	 4.13 
1433 	 0.0 	 2.81 
1434 	 0.0 	 2.96 
1435 	 0.0 	 2.81 
1436 	 0.0 	 2.65 
1437 	 0.0 	 2.26 
1438 	 0.0 	 4.06 
1439 	 0.0 	 1.56 
1440 	 0.0 	 3.90 
1441 	 0.0 	 3.43 
1442 	 0.0 	 3.12 
1443 	 0.0 	 3.12 
1444 	 0.0 	 2.96 
1445 	 0.0 	 2.50 
1446 	 0.0 	 2.57 
1447 	 0.0 	 2.65 
1448 	 0.0 	 1.79 
1449 	 0.0 	 1.79 
1450 	 0.0 	 2.34 
1451 	 0.0 	 -1.01 
1452 	 0.0 	 1.40 
1453 	 0.0 	 1.40 
1454 	 0.0 	 1.40 
1455 	 0.0 	 1.40 
1456 	 0.0 	 1.72 
1457 	 0.0 	 1.25 
1458 	 0.0 	 1.48 
1459 	 0.0 	 1.40 
1460 	 0.0 	 0.86 
1461 	 0.0 	 1.72 
1462 	 0.0 	 1.01 
1463 	 0.0 	 1.09 
1464 	 0.0 	 1.79 
1465 	 0.0 	 1.64 
1466 	 0.0 	 1.17 
1467 	 0.0 	 2.42 
1468 	 0.0 	 1.17 
1469 	 0.0 	 1.95 
1470 	 0.0 	 2.26 
1471 	 0.0 	 1.01 
1472 	 0.0 	 1.79 
1473 	 0.0 	 1.87 
1474 	 0.0 	 1.48 
1475 	 0.0 	 2.42 
1476 	 0.0 	 0.47 
1477 	 0.0 	 0.70 
1478 	 0.0 	 0.47 
1479 	 0.0 	 1.40 
1480 	 0.0 	 0.62 
1481 	 0.0 	 1.79 
1482 	 0.0 	 1.17 
1483 	 0.0 	 0.47 
1484 	 0.0 	 1.40 
1485 	 0.0 	 1.79 
1486 	 0.0 	 2.42 
1487 	 0.0 	 0.70 
1488 	 0.0 	 1.40 
1489 	 0.0 	 2.03 
1490 	 0.0 	 2.11 
1491 	 0.0 	 1.25 
1492 	 0.0 	 2.34 
1493 	 0.0 	 1.40 
1494 	 0.0 	 0.86 
1495 	 0.0 	 2.26 
1496 	 0.0 	 1.25 
1497 	 0.0 	 1.48 
1498 	 0.0 	 1.48 
1499 	 0.0 	 1.33 
1500 	 0.0 	 1.09 
1501 	 0.0 	 1.17 
1502 	 0.0 	 1.87 
1503 	 0.0 	 0.86 
1504 	 0.0 	 1.01 
1505 	 0.0 	 0.31 
1506 	 0.0 	 1.25 
1507 	 0.0 	 0.86 
1508 	 0.0 	 1.56 
1509 	 0.0 	 0.55 
1510 	 0.0 	 1.87 
1511 	 0.0 	 1.40 
1512 	 0.0 	 1.79 
1513 	 0.0 	 1.56 
1514 	 0.0 	 0.94 
1515 	 0.0 	 1.64 
1516 	 0.0 	 1.87 
1517 	 0.0 	 0.94 
1518 	 0.0 	 1.87 
1519 	 0.0 	 1.87 
1520 	 0.0 	 1.17 
1521 	 0.0 	 1.56 
1522 	 0.0 	 1.95 
1523 	 0.0 	 1.87 
1524 	 0.0 	 3.20 
1525 	 0.0 	 2.65 
1526 	 0.0 	 2.73 
1527 	 0.0 	 2.11 
1528 	 0.0 	 2.73 
1529 	 0.0 	 2.26 
1530 	 0.0 	 3.04 
1531 	 0.0 	 2.03 
1532 	 0.0 	 2.81 
1533 	 0.0 	 2.26 
1534 	 0.0 	 2.57 
1535 	 0.0 	 2.26 
1536 	 0.0 	 2.42 
1537 	 0.0 	 1.64 
1538 	 0.0 	 2.34 
1539 	 0.0 	 1.09 
1540 	 0.0 	 2.03 
1541 	 0.0 	 1.56 
1542 	 0.0 	 2.34 
1543 	 0.0 	 2.57 
1544 	 0.0 	 1.48 
1545 	 0.0 	 1.72 
1546 	 0.0 	 1.17 
1547 	 0.0 	 1.17 
1548 	 0.0 	 2.50 
1549 	 0.0 	 1.87 
1550 	 0.0 	 1.09 
1551 	 0.0 	 2.26 
