1 	 0.0 	 1.00 
2 	 0.0 	 1.00 
3 	 0.0 	 1.00 
4 	 0.0 	 1.00 
5 	 0.0 	 1.00 
6 	 0.0 	 1.00 
7 	 0.0 	 1.00 
8 	 0.0 	 1.00 
9 	 0.0 	 1.00 
10 	 0.0 	 1.00 
11 	 0.0 	 1.00 
12 	 0.0 	 1.00 
13 	 0.0 	 1.00 
14 	 0.0 	 1.00 
15 	 0.0 	 1.00 
16 	 0.0 	 1.00 
17 	 0.0 	 1.00 
18 	 0.0 	 1.00 
19 	 0.0 	 1.00 
20 	 0.0 	 1.00 
21 	 0.0 	 0.00 
22 	 0.0 	 0.00 
23 	 0.0 	 0.00 
24 	 0.0 	 0.00 
25 	 0.0 	 0.00 
26 	 0.0 	 0.00 
27 	 0.0 	 0.00 
28 	 0.0 	 0.00 
29 	 0.0 	 0.00 
30 	 0.0 	 0.00 
31 	 0.0 	 0.00 
32 	 0.0 	 0.00 
33 	 0.0 	 0.00 
34 	 0.0 	 0.00 
35 	 0.0 	 0.00 
36 	 0.0 	 0.00 
37 	 0.0 	 0.00 
38 	 0.0 	 0.00 
39 	 0.0 	 0.00 
40 	 0.0 	 0.00 
41 	 0.0 	 0.00 
42 	 0.0 	 0.00 
43 	 0.0 	 0.00 
44 	 0.0 	 0.00 
45 	 0.0 	 0.00 
46 	 0.0 	 0.00 
47 	 0.0 	 0.00 
48 	 0.0 	 0.00 
49 	 0.0 	 0.00 
50 	 0.0 	 0.00 
51 	 0.0 	 0.00 
52 	 0.0 	 0.00 
53 	 0.0 	 0.00 
54 	 0.0 	 0.00 
55 	 0.0 	 0.00 
56 	 0.0 	 1.00 
57 	 0.0 	 0.00 
58 	 0.0 	 0.00 
59 	 0.0 	 0.00 
60 	 0.0 	 0.00 
61 	 0.0 	 0.00 
62 	 0.0 	 0.00 
63 	 0.0 	 0.00 
64 	 0.0 	 0.00 
65 	 0.0 	 0.00 
66 	 0.0 	 0.00 
67 	 0.0 	 0.00 
68 	 0.0 	 0.00 
69 	 0.0 	 0.00 
70 	 0.0 	 0.00 
71 	 0.0 	 0.00 
72 	 0.0 	 0.00 
73 	 0.0 	 0.00 
74 	 0.0 	 0.00 
75 	 0.0 	 0.00 
76 	 0.0 	 0.00 
77 	 0.0 	 0.00 
78 	 0.0 	 1.00 
79 	 0.0 	 0.00 
80 	 0.0 	 0.00 
81 	 0.0 	 0.00 
82 	 0.0 	 0.00 
83 	 0.0 	 0.00 
84 	 0.0 	 0.00 
85 	 0.0 	 0.00 
86 	 0.0 	 0.00 
87 	 0.0 	 0.00 
88 	 0.0 	 1.00 
89 	 0.0 	 1.00 
90 	 0.0 	 0.00 
91 	 0.0 	 0.00 
92 	 0.0 	 0.00 
93 	 0.0 	 0.00 
94 	 0.0 	 0.00 
95 	 0.0 	 0.00 
96 	 0.0 	 0.00 
97 	 0.0 	 0.00 
98 	 0.0 	 0.00 
99 	 0.0 	 0.00 
100 	 0.0 	 0.00 
101 	 0.0 	 0.00 
102 	 0.0 	 1.00 
103 	 0.0 	 1.00 
104 	 0.0 	 0.00 
106 	 0.0 	 0.00 
108 	 0.0 	 0.00 
110 	 0.0 	 0.00 
112 	 0.0 	 0.00 
113 	 0.0 	 0.00 
115 	 0.0 	 0.00 
116 	 0.0 	 0.00 
117 	 0.0 	 1.00 
118 	 0.0 	 0.00 
120 	 0.0 	 1.00 
121 	 0.0 	 1.00 
122 	 0.0 	 1.00 
123 	 0.0 	 1.00 
124 	 0.0 	 1.00 
125 	 0.0 	 1.00 
126 	 0.0 	 1.00 
128 	 0.0 	 1.00 
130 	 0.0 	 0.00 
132 	 0.0 	 0.00 
133 	 0.0 	 0.00 
134 	 0.0 	 0.00 
136 	 0.0 	 0.00 
138 	 0.0 	 0.00 
140 	 0.0 	 0.00 
142 	 0.0 	 0.00 
143 	 0.0 	 0.00 
144 	 0.0 	 0.00 
145 	 0.0 	 0.00 
147 	 0.0 	 0.00 
148 	 0.0 	 0.00 
149 	 0.0 	 0.00 
150 	 0.0 	 0.00 
151 	 0.0 	 0.00 
153 	 0.0 	 0.00 
154 	 0.0 	 0.00 
155 	 0.0 	 0.00 
157 	 0.0 	 0.00 
159 	 0.0 	 0.00 
160 	 0.0 	 0.00 
161 	 0.0 	 0.00 
162 	 0.0 	 1.00 
163 	 0.0 	 1.00 
164 	 0.0 	 1.00 
165 	 0.0 	 1.00 
166 	 0.0 	 0.00 
167 	 0.0 	 0.00 
168 	 0.0 	 0.00 
170 	 0.0 	 0.00 
171 	 0.0 	 0.00 
172 	 0.0 	 0.00 
174 	 0.0 	 0.00 
175 	 0.0 	 0.00 
177 	 0.0 	 0.00 
178 	 0.0 	 0.00 
180 	 0.0 	 0.00 
182 	 0.0 	 0.00 
184 	 0.0 	 0.00 
186 	 0.0 	 0.00 
187 	 0.0 	 0.00 
188 	 0.0 	 0.00 
189 	 0.0 	 0.00 
190 	 0.0 	 0.00 
191 	 0.0 	 0.00 
193 	 0.0 	 0.00 
195 	 0.0 	 0.00 
196 	 0.0 	 0.00 
198 	 0.0 	 0.00 
199 	 0.0 	 0.00 
200 	 0.0 	 0.00 
201 	 0.0 	 0.00 
202 	 0.0 	 0.00 
203 	 0.0 	 0.00 
204 	 0.0 	 0.00 
205 	 0.0 	 0.00 
207 	 0.0 	 0.00 
209 	 0.0 	 0.00 
211 	 0.0 	 0.00 
213 	 0.0 	 0.00 
214 	 0.0 	 0.00 
215 	 0.0 	 0.00 
216 	 0.0 	 0.00 
217 	 0.0 	 0.00 
220 	 0.0 	 0.00 
221 	 0.0 	 0.00 
222 	 0.0 	 0.00 
224 	 0.0 	 0.00 
226 	 0.0 	 0.00 
228 	 0.0 	 0.00 
229 	 0.0 	 0.00 
230 	 0.0 	 0.00 
231 	 0.0 	 0.00 
232 	 0.0 	 0.00 
234 	 0.0 	 0.00 
236 	 0.0 	 0.00 
238 	 0.0 	 0.00 
240 	 0.0 	 0.00 
241 	 0.0 	 0.00 
242 	 0.0 	 0.00 
244 	 0.0 	 0.00 
245 	 0.0 	 0.00 
248 	 0.0 	 0.00 
249 	 0.0 	 0.00 
250 	 0.0 	 0.00 
251 	 0.0 	 0.00 
252 	 0.0 	 0.00 
254 	 0.0 	 0.00 
255 	 0.0 	 0.00 
256 	 0.0 	 1.00 
257 	 0.0 	 0.00 
260 	 0.0 	 0.00 
261 	 0.0 	 0.00 
262 	 0.0 	 0.00 
264 	 0.0 	 0.00 
265 	 0.0 	 1.00 
266 	 0.0 	 1.00 
267 	 0.0 	 1.00 
268 	 0.0 	 0.00 
269 	 0.0 	 0.00 
270 	 0.0 	 0.00 
271 	 0.0 	 0.00 
272 	 0.0 	 0.00 
273 	 0.0 	 0.00 
275 	 0.0 	 1.00 
276 	 0.0 	 1.00 
278 	 0.0 	 1.00 
280 	 0.0 	 0.00 
281 	 0.0 	 0.00 
283 	 0.0 	 0.00 
284 	 0.0 	 0.00 
285 	 0.0 	 0.00 
286 	 0.0 	 0.00 
288 	 0.0 	 0.00 
289 	 0.0 	 0.00 
290 	 0.0 	 0.00 
291 	 0.0 	 0.00 
292 	 0.0 	 0.00 
293 	 0.0 	 0.00 
295 	 0.0 	 0.00 
296 	 0.0 	 0.00 
297 	 0.0 	 0.00 
298 	 0.0 	 0.00 
299 	 0.0 	 1.00 
301 	 0.0 	 0.00 
303 	 0.0 	 0.00 
305 	 0.0 	 0.00 
306 	 0.0 	 0.00 
307 	 0.0 	 0.00 
308 	 0.0 	 0.00 
309 	 0.0 	 0.00 
312 	 0.0 	 0.00 
313 	 0.0 	 0.00 
315 	 0.0 	 0.00 
317 	 0.0 	 0.00 
319 	 0.0 	 0.00 
320 	 0.0 	 0.00 
321 	 0.0 	 0.00 
322 	 0.0 	 0.00 
323 	 0.0 	 0.00 
324 	 0.0 	 0.00 
325 	 0.0 	 0.00 
327 	 0.0 	 0.00 
329 	 0.0 	 0.00 
331 	 0.0 	 0.00 
332 	 0.0 	 0.00 
333 	 0.0 	 0.00 
334 	 0.0 	 0.00 
336 	 0.0 	 0.00 
337 	 0.0 	 0.00 
339 	 0.0 	 0.00 
341 	 0.0 	 0.00 
342 	 0.0 	 0.00 
343 	 0.0 	 0.00 
344 	 0.0 	 0.00 
345 	 0.0 	 0.00 
346 	 0.0 	 1.00 
348 	 0.0 	 0.00 
349 	 0.0 	 0.00 
350 	 0.0 	 0.00 
351 	 0.0 	 0.00 
352 	 0.0 	 0.00 
354 	 0.0 	 1.00 
356 	 0.0 	 0.00 
358 	 0.0 	 0.00 
360 	 0.0 	 1.00 
362 	 0.0 	 0.00 
364 	 0.0 	 0.00 
365 	 0.0 	 0.00 
366 	 0.0 	 0.00 
367 	 0.0 	 0.00 
368 	 0.0 	 0.00 
369 	 0.0 	 0.00 
370 	 0.0 	 0.00 
371 	 0.0 	 0.00 
372 	 0.0 	 0.00 
373 	 0.0 	 0.00 
374 	 0.0 	 0.00 
375 	 0.0 	 0.00 
377 	 0.0 	 0.00 
379 	 0.0 	 0.00 
380 	 0.0 	 0.00 
382 	 0.0 	 0.00 
383 	 0.0 	 0.00 
384 	 0.0 	 0.00 
385 	 0.0 	 0.00 
386 	 0.0 	 0.00 
387 	 0.0 	 0.00 
388 	 0.0 	 0.00 
389 	 0.0 	 0.00 
391 	 0.0 	 0.00 
392 	 0.0 	 0.00 
393 	 0.0 	 0.00 
394 	 0.0 	 0.00 
395 	 0.0 	 1.00 
396 	 0.0 	 1.00 
397 	 0.0 	 1.00 
399 	 0.0 	 1.00 
400 	 0.0 	 0.00 
402 	 0.0 	 1.00 
404 	 0.0 	 0.00 
405 	 0.0 	 0.00 
406 	 0.0 	 0.00 
408 	 0.0 	 0.00 
409 	 0.0 	 0.00 
410 	 0.0 	 0.00 
411 	 0.0 	 0.00 
412 	 0.0 	 0.00 
413 	 0.0 	 0.00 
414 	 0.0 	 0.00 
416 	 0.0 	 0.00 
417 	 0.0 	 0.00 
419 	 0.0 	 0.00 
420 	 0.0 	 0.00 
421 	 0.0 	 0.00 
423 	 0.0 	 0.00 
424 	 0.0 	 0.00 
425 	 0.0 	 0.00 
427 	 0.0 	 0.00 
429 	 0.0 	 0.00 
430 	 0.0 	 1.00 
431 	 0.0 	 0.00 
432 	 0.0 	 0.00 
433 	 0.0 	 0.00 
434 	 0.0 	 0.00 
435 	 0.0 	 0.00 
437 	 0.0 	 0.00 
438 	 0.0 	 0.00 
439 	 0.0 	 0.00 
440 	 0.0 	 0.00 
442 	 0.0 	 0.00 
443 	 0.0 	 0.00 
444 	 0.0 	 0.00 
446 	 0.0 	 0.00 
447 	 0.0 	 0.00 
448 	 0.0 	 0.00 
450 	 0.0 	 0.00 
451 	 0.0 	 0.00 
452 	 0.0 	 0.00 
454 	 0.0 	 0.00 
456 	 0.0 	 0.00 
458 	 0.0 	 0.00 
459 	 0.0 	 0.00 
460 	 0.0 	 0.00 
462 	 0.0 	 0.00 
464 	 0.0 	 0.00 
466 	 0.0 	 0.00 
468 	 0.0 	 0.00 
469 	 0.0 	 0.00 
470 	 0.0 	 0.00 
471 	 0.0 	 0.00 
472 	 0.0 	 0.00 
474 	 0.0 	 0.00 
475 	 0.0 	 0.00 
476 	 0.0 	 0.00 
477 	 0.0 	 0.00 
479 	 0.0 	 0.00 
481 	 0.0 	 0.00 
483 	 0.0 	 0.00 
485 	 0.0 	 0.00 
486 	 0.0 	 0.00 
487 	 0.0 	 0.00 
488 	 0.0 	 0.00 
489 	 0.0 	 0.00 
490 	 0.0 	 0.00 
491 	 0.0 	 0.00 
492 	 0.0 	 0.00 
493 	 0.0 	 0.00 
494 	 0.0 	 0.00 
496 	 0.0 	 0.00 
498 	 0.0 	 0.00 
500 	 0.0 	 0.00 
501 	 0.0 	 0.00 
502 	 0.0 	 0.00 
503 	 0.0 	 0.00 
504 	 0.0 	 0.00 
505 	 0.0 	 0.00 
506 	 0.0 	 0.00 
508 	 0.0 	 0.00 
509 	 0.0 	 0.00 
512 	 0.0 	 0.00 
514 	 0.0 	 0.00 
516 	 0.0 	 0.00 
517 	 0.0 	 0.00 
518 	 0.0 	 0.00 
519 	 0.0 	 0.00 
520 	 0.0 	 0.00 
521 	 0.0 	 0.00 
522 	 0.0 	 0.00 
523 	 0.0 	 0.00 
524 	 0.0 	 0.00 
525 	 0.0 	 0.00 
528 	 0.0 	 0.00 
529 	 0.0 	 0.00 
532 	 0.0 	 0.00 
533 	 0.0 	 0.00 
534 	 0.0 	 0.00 
535 	 0.0 	 0.00 
536 	 0.0 	 0.00 
537 	 0.0 	 0.00 
539 	 0.0 	 0.00 
541 	 0.0 	 0.00 
543 	 0.0 	 0.00 
544 	 0.0 	 0.00 
545 	 0.0 	 0.00 
546 	 0.0 	 0.00 
547 	 0.0 	 0.00 
548 	 0.0 	 0.00 
549 	 0.0 	 0.00 
550 	 0.0 	 0.00 
553 	 0.0 	 0.00 
554 	 0.0 	 0.00 
555 	 0.0 	 0.00 
556 	 0.0 	 0.00 
558 	 0.0 	 0.00 
560 	 0.0 	 0.00 
562 	 0.0 	 0.00 
564 	 0.0 	 0.00 
566 	 0.0 	 0.00 
567 	 0.0 	 0.00 
568 	 0.0 	 0.00 
569 	 0.0 	 0.00 
570 	 0.0 	 0.00 
571 	 0.0 	 0.00 
572 	 0.0 	 0.00 
573 	 0.0 	 0.00 
574 	 0.0 	 0.00 
575 	 0.0 	 0.00 
576 	 0.0 	 0.00 
578 	 0.0 	 0.00 
579 	 0.0 	 0.00 
581 	 0.0 	 0.00 
583 	 0.0 	 0.00 
585 	 0.0 	 0.00 
586 	 0.0 	 0.00 
587 	 0.0 	 0.00 
588 	 0.0 	 0.00 
589 	 0.0 	 0.00 
591 	 0.0 	 0.00 
592 	 0.0 	 0.00 
593 	 0.0 	 0.00 
594 	 0.0 	 0.00 
596 	 0.0 	 0.00 
598 	 0.0 	 0.00 
599 	 0.0 	 0.00 
600 	 0.0 	 0.00 
601 	 0.0 	 0.00 
602 	 0.0 	 0.00 
604 	 0.0 	 0.00 
606 	 0.0 	 0.00 
608 	 0.0 	 0.00 
610 	 0.0 	 0.00 
612 	 0.0 	 0.00 
613 	 0.0 	 0.00 
614 	 0.0 	 0.00 
615 	 0.0 	 0.00 
616 	 0.0 	 0.00 
618 	 0.0 	 0.00 
620 	 0.0 	 0.00 
622 	 0.0 	 0.00 
623 	 0.0 	 0.00 
624 	 0.0 	 0.00 
625 	 0.0 	 0.00 
626 	 0.0 	 0.00 
628 	 0.0 	 0.00 
629 	 0.0 	 0.00 
630 	 0.0 	 0.00 
631 	 0.0 	 0.00 
633 	 0.0 	 0.00 
634 	 0.0 	 0.00 
635 	 0.0 	 0.00 
637 	 0.0 	 1.00 
639 	 0.0 	 0.00 
641 	 0.0 	 1.00 
643 	 0.0 	 0.00 
645 	 0.0 	 0.00 
646 	 0.0 	 0.00 
647 	 0.0 	 0.00 
648 	 0.0 	 0.00 
649 	 0.0 	 0.00 
650 	 0.0 	 0.00 
651 	 0.0 	 0.00 
652 	 0.0 	 0.00 
654 	 0.0 	 0.00 
656 	 0.0 	 0.00 
658 	 0.0 	 0.00 
660 	 0.0 	 0.00 
662 	 0.0 	 0.00 
663 	 0.0 	 0.00 
664 	 0.0 	 0.00 
666 	 0.0 	 0.00 
668 	 0.0 	 0.00 
670 	 0.0 	 0.00 
672 	 0.0 	 0.00 
673 	 0.0 	 0.00 
674 	 0.0 	 0.00 
675 	 0.0 	 1.00 
676 	 0.0 	 1.00 
677 	 0.0 	 1.00 
678 	 0.0 	 1.00 
679 	 0.0 	 1.00 
680 	 0.0 	 1.00 
681 	 0.0 	 1.00 
682 	 0.0 	 1.00 
683 	 0.0 	 1.00 
685 	 0.0 	 0.00 
686 	 0.0 	 0.00 
687 	 0.0 	 0.00 
689 	 0.0 	 0.00 
691 	 0.0 	 0.00 
693 	 0.0 	 0.00 
694 	 0.0 	 0.00 
695 	 0.0 	 0.00 
697 	 0.0 	 0.00 
699 	 0.0 	 1.00 
701 	 0.0 	 1.00 
703 	 0.0 	 0.00 
704 	 0.0 	 0.00 
705 	 0.0 	 0.00 
706 	 0.0 	 0.00 
707 	 0.0 	 0.00 
708 	 0.0 	 0.00 
709 	 0.0 	 0.00 
711 	 0.0 	 1.00 
713 	 0.0 	 1.00 
715 	 0.0 	 0.00 
717 	 0.0 	 0.00 
719 	 0.0 	 0.00 
721 	 0.0 	 0.00 
723 	 0.0 	 0.00 
724 	 0.0 	 0.00 
726 	 0.0 	 0.00 
727 	 0.0 	 0.00 
728 	 0.0 	 0.00 
730 	 0.0 	 0.00 
732 	 0.0 	 1.00 
735 	 0.0 	 1.00 
736 	 0.0 	 1.00 
737 	 0.0 	 0.00 
738 	 0.0 	 0.00 
740 	 0.0 	 0.00 
742 	 0.0 	 0.00 
744 	 0.0 	 0.00 
745 	 0.0 	 0.00 
746 	 0.0 	 0.00 
747 	 0.0 	 0.00 
748 	 0.0 	 0.00 
749 	 0.0 	 0.00 
750 	 0.0 	 0.00 
751 	 0.0 	 0.00 
754 	 0.0 	 0.00 
755 	 0.0 	 0.00 
756 	 0.0 	 0.00 
757 	 0.0 	 0.00 
759 	 0.0 	 0.00 
760 	 0.0 	 0.00 
761 	 0.0 	 0.00 
763 	 0.0 	 0.00 
765 	 0.0 	 0.00 
766 	 0.0 	 0.00 
767 	 0.0 	 0.00 
769 	 0.0 	 0.00 
770 	 0.0 	 0.00 
771 	 0.0 	 0.00 
772 	 0.0 	 0.00 
773 	 0.0 	 0.00 
774 	 0.0 	 0.00 
775 	 0.0 	 0.00 
777 	 0.0 	 0.00 
780 	 0.0 	 1.00 
781 	 0.0 	 1.00 
783 	 0.0 	 1.00 
785 	 0.0 	 0.00 
786 	 0.0 	 0.00 
788 	 0.0 	 1.00 
789 	 0.0 	 0.00 
791 	 0.0 	 0.00 
793 	 0.0 	 0.00 
794 	 0.0 	 0.00 
796 	 0.0 	 0.00 
797 	 0.0 	 0.00 
798 	 0.0 	 0.00 
799 	 0.0 	 0.00 
801 	 0.0 	 0.00 
802 	 0.0 	 0.00 
803 	 0.0 	 0.00 
805 	 0.0 	 0.00 
806 	 0.0 	 0.00 
807 	 0.0 	 0.00 
809 	 0.0 	 0.00 
811 	 0.0 	 0.00 
813 	 0.0 	 0.00 
814 	 0.0 	 0.00 
815 	 0.0 	 0.00 
817 	 0.0 	 0.00 
818 	 0.0 	 0.00 
819 	 0.0 	 0.00 
820 	 0.0 	 0.00 
822 	 0.0 	 0.00 
826 	 0.0 	 0.00 
827 	 0.0 	 0.00 
828 	 0.0 	 0.00 
829 	 0.0 	 0.00 
830 	 0.0 	 0.00 
832 	 0.0 	 0.00 
834 	 0.0 	 0.00 
835 	 0.0 	 0.00 
838 	 0.0 	 0.00 
839 	 0.0 	 0.00 
840 	 0.0 	 0.00 
842 	 0.0 	 0.00 
843 	 0.0 	 0.00 
845 	 0.0 	 0.00 
846 	 0.0 	 0.00 
848 	 0.0 	 0.00 
850 	 0.0 	 0.00 
851 	 0.0 	 1.00 
852 	 0.0 	 0.00 
854 	 0.0 	 1.00 
856 	 0.0 	 0.00 
857 	 0.0 	 0.00 
858 	 0.0 	 0.00 
861 	 0.0 	 1.00 
862 	 0.0 	 1.00 
864 	 0.0 	 1.00 
866 	 0.0 	 1.00 
868 	 0.0 	 1.00 
870 	 0.0 	 1.00 
871 	 0.0 	 1.00 
872 	 0.0 	 1.00 
874 	 0.0 	 1.00 
875 	 0.0 	 1.00 
877 	 0.0 	 1.00 
878 	 0.0 	 1.00 
879 	 0.0 	 1.00 
881 	 0.0 	 1.00 
883 	 0.0 	 1.00 
884 	 0.0 	 1.00 
885 	 0.0 	 1.00 
887 	 0.0 	 1.00 
889 	 0.0 	 0.00 
890 	 0.0 	 0.00 
891 	 0.0 	 0.00 
892 	 0.0 	 0.00 
893 	 0.0 	 0.00 
894 	 0.0 	 0.00 
895 	 0.0 	 0.00 
896 	 0.0 	 0.00 
898 	 0.0 	 0.00 
900 	 0.0 	 0.00 
902 	 0.0 	 0.00 
904 	 0.0 	 0.00 
906 	 0.0 	 0.00 
907 	 0.0 	 0.00 
908 	 0.0 	 0.00 
910 	 0.0 	 0.00 
911 	 0.0 	 0.00 
912 	 0.0 	 0.00 
914 	 0.0 	 0.00 
916 	 0.0 	 0.00 
917 	 0.0 	 0.00 
918 	 0.0 	 0.00 
919 	 0.0 	 0.00 
920 	 0.0 	 0.00 
921 	 0.0 	 0.00 
922 	 0.0 	 0.00 
923 	 0.0 	 0.00 
925 	 0.0 	 0.00 
926 	 0.0 	 0.00 
929 	 0.0 	 0.00 
931 	 0.0 	 0.00 
933 	 0.0 	 0.00 
935 	 0.0 	 0.00 
937 	 0.0 	 0.00 
939 	 0.0 	 0.00 
941 	 0.0 	 0.00 
943 	 0.0 	 0.00 
945 	 0.0 	 0.00 
947 	 0.0 	 0.00 
949 	 0.0 	 0.00 
950 	 0.0 	 0.00 
951 	 0.0 	 0.00 
953 	 0.0 	 0.00 
954 	 0.0 	 0.00 
955 	 0.0 	 0.00 
958 	 0.0 	 1.00 
960 	 0.0 	 1.00 
961 	 0.0 	 1.00 
962 	 0.0 	 1.00 
963 	 0.0 	 1.00 
964 	 0.0 	 1.00 
966 	 0.0 	 1.00 
967 	 0.0 	 1.00 
968 	 0.0 	 1.00 
970 	 0.0 	 1.00 
971 	 0.0 	 1.00 
972 	 0.0 	 0.00 
974 	 0.0 	 0.00 
975 	 0.0 	 1.00 
977 	 0.0 	 0.00 
978 	 0.0 	 0.00 
979 	 0.0 	 0.00 
980 	 0.0 	 0.00 
982 	 0.0 	 0.00 
983 	 0.0 	 0.00 
986 	 0.0 	 0.00 
987 	 0.0 	 0.00 
988 	 0.0 	 0.00 
990 	 0.0 	 0.00 
992 	 0.0 	 0.00 
994 	 0.0 	 0.00 
995 	 0.0 	 0.00 
996 	 0.0 	 0.00 
998 	 0.0 	 0.00 
999 	 0.0 	 0.00 
1000 	 0.0 	 0.00 
1002 	 0.0 	 0.00 
1003 	 0.0 	 0.00 
1004 	 0.0 	 0.00 
1005 	 0.0 	 0.00 
1007 	 0.0 	 0.00 
1008 	 0.0 	 0.00 
1009 	 0.0 	 0.00 
1011 	 0.0 	 0.00 
1013 	 0.0 	 0.00 
1015 	 0.0 	 0.00 
1016 	 0.0 	 0.00 
1017 	 0.0 	 0.00 
1019 	 0.0 	 0.00 
1020 	 0.0 	 0.00 
1021 	 0.0 	 0.00 
1023 	 0.0 	 0.00 
1024 	 0.0 	 0.00 
1025 	 0.0 	 0.00 
1026 	 0.0 	 0.00 
1027 	 0.0 	 0.00 
1028 	 0.0 	 0.00 
1030 	 0.0 	 0.00 
1032 	 0.0 	 0.00 
1034 	 0.0 	 0.00 
1036 	 0.0 	 0.00 
1037 	 0.0 	 0.00 
1038 	 0.0 	 0.00 
1039 	 0.0 	 0.00 
1040 	 0.0 	 0.00 
1041 	 0.0 	 0.00 
1042 	 0.0 	 0.00 
1043 	 0.0 	 0.00 
1045 	 0.0 	 0.00 
1046 	 0.0 	 0.00 
1047 	 0.0 	 0.00 
1049 	 0.0 	 0.00 
1051 	 0.0 	 1.00 
1053 	 0.0 	 1.00 
1054 	 0.0 	 1.00 
1055 	 0.0 	 1.00 
1057 	 0.0 	 1.00 
1058 	 0.0 	 0.00 
1060 	 0.0 	 0.00 
1062 	 0.0 	 0.00 
1065 	 0.0 	 0.00 
1066 	 0.0 	 0.00 
1068 	 0.0 	 0.00 
1069 	 0.0 	 0.00 
1070 	 0.0 	 0.00 
1072 	 0.0 	 0.00 
1074 	 0.0 	 0.00 
1075 	 0.0 	 0.00 
1076 	 0.0 	 1.00 
1078 	 0.0 	 0.00 
1080 	 0.0 	 0.00 
1082 	 0.0 	 0.00 
1084 	 0.0 	 0.00 
1086 	 0.0 	 0.00 
1087 	 0.0 	 0.00 
1088 	 0.0 	 0.00 
1089 	 0.0 	 0.00 
1090 	 0.0 	 0.00 
1091 	 0.0 	 0.00 
1092 	 0.0 	 0.00 
1093 	 0.0 	 0.00 
1094 	 0.0 	 0.00 
1095 	 0.0 	 0.00 
1096 	 0.0 	 0.00 
1097 	 0.0 	 0.00 
1099 	 0.0 	 0.00 
1101 	 0.0 	 0.00 
1103 	 0.0 	 0.00 
1104 	 0.0 	 0.00 
1105 	 0.0 	 0.00 
1107 	 0.0 	 0.00 
1108 	 0.0 	 0.00 
1109 	 0.0 	 0.00 
1110 	 0.0 	 0.00 
1111 	 0.0 	 0.00 
1112 	 0.0 	 0.00 
1114 	 0.0 	 1.00 
1115 	 0.0 	 1.00 
1116 	 0.0 	 1.00 
1117 	 0.0 	 0.00 
1118 	 0.0 	 0.00 
1120 	 0.0 	 0.00 
1122 	 0.0 	 1.00 
1124 	 0.0 	 0.00 
1125 	 0.0 	 0.00 
1126 	 0.0 	 0.00 
1127 	 0.0 	 0.00 
1128 	 0.0 	 0.00 
1129 	 0.0 	 0.00 
1131 	 0.0 	 0.00 
1132 	 0.0 	 0.00 
1133 	 0.0 	 0.00 
1134 	 0.0 	 0.00 
1135 	 0.0 	 0.00 
1137 	 0.0 	 0.00 
1138 	 0.0 	 0.00 
1140 	 0.0 	 0.00 
1141 	 0.0 	 0.00 
1143 	 0.0 	 1.00 
1145 	 0.0 	 0.00 
1146 	 0.0 	 0.00 
1148 	 0.0 	 0.00 
1149 	 0.0 	 0.00 
1150 	 0.0 	 0.00 
1151 	 0.0 	 0.00 
1153 	 0.0 	 0.00 
1154 	 0.0 	 0.00 
1155 	 0.0 	 0.00 
1157 	 0.0 	 0.00 
1159 	 0.0 	 0.00 
1160 	 0.0 	 0.00 
1161 	 0.0 	 0.00 
1162 	 0.0 	 0.00 
1163 	 0.0 	 0.00 
1165 	 0.0 	 0.00 
1167 	 0.0 	 0.00 
1169 	 0.0 	 0.00 
1171 	 0.0 	 0.00 
1173 	 0.0 	 0.00 
1174 	 0.0 	 0.00 
1175 	 0.0 	 0.00 
1177 	 0.0 	 0.00 
1178 	 0.0 	 0.00 
1179 	 0.0 	 0.00 
1180 	 0.0 	 0.00 
1181 	 0.0 	 0.00 
1182 	 0.0 	 0.00 
1183 	 0.0 	 0.00 
1184 	 0.0 	 0.00 
1185 	 0.0 	 0.00 
1186 	 0.0 	 0.00 
1187 	 0.0 	 0.00 
1188 	 0.0 	 0.00 
1189 	 0.0 	 0.00 
1190 	 0.0 	 0.00 
1191 	 0.0 	 0.00 
1192 	 0.0 	 0.00 
1194 	 0.0 	 0.00 
1196 	 0.0 	 0.00 
1197 	 0.0 	 0.00 
1198 	 0.0 	 0.00 
1200 	 0.0 	 0.00 
1201 	 0.0 	 0.00 
1202 	 0.0 	 0.00 
1203 	 0.0 	 0.00 
1204 	 0.0 	 0.00 
1205 	 0.0 	 0.00 
1206 	 0.0 	 0.00 
1207 	 0.0 	 0.00 
1208 	 0.0 	 0.00 
1209 	 0.0 	 0.00 
1211 	 0.0 	 0.00 
1213 	 0.0 	 0.00 
1215 	 0.0 	 0.00 
1217 	 0.0 	 0.00 
1219 	 0.0 	 1.00 
1221 	 0.0 	 1.00 
1223 	 0.0 	 0.00 
1224 	 0.0 	 0.00 
1225 	 0.0 	 0.00 
1226 	 0.0 	 0.00 
1227 	 0.0 	 0.00 
1228 	 0.0 	 0.00 
1229 	 0.0 	 0.00 
1230 	 0.0 	 0.00 
1231 	 0.0 	 0.00 
1232 	 0.0 	 0.00 
1234 	 0.0 	 0.00 
1235 	 0.0 	 0.00 
1236 	 0.0 	 0.00 
1237 	 0.0 	 0.00 
1239 	 0.0 	 0.00 
1240 	 0.0 	 0.00 
1241 	 0.0 	 1.00 
1243 	 0.0 	 0.00 
1244 	 0.0 	 0.00 
1246 	 0.0 	 0.00 
1248 	 0.0 	 0.00 
1250 	 0.0 	 0.00 
1252 	 0.0 	 0.00 
1253 	 0.0 	 0.00 
1254 	 0.0 	 0.00 
1255 	 0.0 	 0.00 
1256 	 0.0 	 0.00 
1257 	 0.0 	 0.00 
1258 	 0.0 	 0.00 
1259 	 0.0 	 0.00 
1260 	 0.0 	 0.00 
1261 	 0.0 	 0.00 
1262 	 0.0 	 0.00 
1263 	 0.0 	 0.00 
1264 	 0.0 	 0.00 
1265 	 0.0 	 0.00 
1267 	 0.0 	 0.00 
1269 	 0.0 	 0.00 
1270 	 0.0 	 0.00 
1271 	 0.0 	 0.00 
1272 	 0.0 	 0.00 
1273 	 0.0 	 0.00 
1274 	 0.0 	 0.00 
1276 	 0.0 	 0.00 
1278 	 0.0 	 0.00 
1279 	 0.0 	 0.00 
1280 	 0.0 	 0.00 
1282 	 0.0 	 0.00 
1284 	 0.0 	 0.00 
1286 	 0.0 	 0.00 
1288 	 0.0 	 0.00 
1290 	 0.0 	 0.00 
1291 	 0.0 	 0.00 
1292 	 0.0 	 0.00 
1293 	 0.0 	 0.00 
1294 	 0.0 	 0.00 
1296 	 0.0 	 0.00 
1297 	 0.0 	 0.00 
1298 	 0.0 	 0.00 
1299 	 0.0 	 0.00 
1300 	 0.0 	 0.00 
1301 	 0.0 	 0.00 
1302 	 0.0 	 0.00 
1303 	 0.0 	 0.00 
1304 	 0.0 	 0.00 
1305 	 0.0 	 0.00 
1307 	 0.0 	 0.00 
1308 	 0.0 	 0.00 
1310 	 0.0 	 0.00 
1311 	 0.0 	 0.00 
1313 	 0.0 	 0.00 
1315 	 0.0 	 0.00 
1317 	 0.0 	 0.00 
1319 	 0.0 	 0.00 
1320 	 0.0 	 0.00 
1321 	 0.0 	 0.00 
1323 	 0.0 	 0.00 
1325 	 0.0 	 0.00 
1327 	 0.0 	 1.00 
1328 	 0.0 	 1.00 
1329 	 0.0 	 1.00 
1331 	 0.0 	 1.00 
1333 	 0.0 	 1.00 
1335 	 0.0 	 1.00 
1337 	 0.0 	 0.00 
1338 	 0.0 	 0.00 
1339 	 0.0 	 0.00 
1340 	 0.0 	 0.00 
1341 	 0.0 	 1.00 
1342 	 0.0 	 1.00 
1343 	 0.0 	 1.00 
1344 	 0.0 	 1.00 
1345 	 0.0 	 1.00 
1347 	 0.0 	 1.00 
1348 	 0.0 	 1.00 
1349 	 0.0 	 1.00 
1352 	 0.0 	 1.00 
1353 	 0.0 	 0.00 
1354 	 0.0 	 0.00 
1356 	 0.0 	 0.00 
1358 	 0.0 	 0.00 
1359 	 0.0 	 0.00 
1360 	 0.0 	 0.00 
1362 	 0.0 	 0.00 
1363 	 0.0 	 0.00 
1364 	 0.0 	 0.00 
1365 	 0.0 	 0.00 
1366 	 0.0 	 0.00 
1367 	 0.0 	 0.00 
1369 	 0.0 	 0.00 
1370 	 0.0 	 0.00 
1371 	 0.0 	 0.00 
1372 	 0.0 	 0.00 
1373 	 0.0 	 0.00 
1375 	 0.0 	 0.00 
1377 	 0.0 	 0.00 
1379 	 0.0 	 0.00 
1381 	 0.0 	 0.00 
1382 	 0.0 	 0.00 
1383 	 0.0 	 0.00 
1385 	 0.0 	 0.00 
1386 	 0.0 	 0.00 
1387 	 0.0 	 0.00 
1389 	 0.0 	 0.00 
1391 	 0.0 	 0.00 
1392 	 0.0 	 0.00 
1393 	 0.0 	 0.00 
1394 	 0.0 	 0.00 
1396 	 0.0 	 1.00 
1397 	 0.0 	 1.00 
1398 	 0.0 	 0.00 
1400 	 0.0 	 0.00 
1401 	 0.0 	 0.00 
1402 	 0.0 	 0.00 
1404 	 0.0 	 0.00 
1406 	 0.0 	 0.00 
1408 	 0.0 	 0.00 
1409 	 0.0 	 0.00 
1410 	 0.0 	 0.00 
1412 	 0.0 	 0.00 
1414 	 0.0 	 0.00 
1416 	 0.0 	 0.00 
1418 	 0.0 	 0.00 
1420 	 0.0 	 0.00 
1422 	 0.0 	 0.00 
1423 	 0.0 	 0.00 
1424 	 0.0 	 0.00 
1426 	 0.0 	 0.00 
1427 	 0.0 	 0.00 
1428 	 0.0 	 0.00 
1429 	 0.0 	 0.00 
1430 	 0.0 	 0.00 
1431 	 0.0 	 0.00 
1433 	 0.0 	 0.00 
1434 	 0.0 	 0.00 
1435 	 0.0 	 0.00 
1437 	 0.0 	 0.00 
1439 	 0.0 	 0.00 
1441 	 0.0 	 0.00 
1442 	 0.0 	 0.00 
1443 	 0.0 	 0.00 
1445 	 0.0 	 0.00 
1446 	 0.0 	 0.00 
1447 	 0.0 	 1.00 
1448 	 0.0 	 1.00 
1449 	 0.0 	 1.00 
1451 	 0.0 	 0.00 
1453 	 0.0 	 0.00 
1455 	 0.0 	 0.00 
1457 	 0.0 	 0.00 
1459 	 0.0 	 0.00 
1460 	 0.0 	 0.00 
1461 	 0.0 	 0.00 
1462 	 0.0 	 0.00 
1464 	 0.0 	 0.00 
1465 	 0.0 	 0.00 
1466 	 0.0 	 0.00 
1467 	 0.0 	 0.00 
1468 	 0.0 	 0.00 
1469 	 0.0 	 0.00 
1470 	 0.0 	 0.00 
1472 	 0.0 	 0.00 
1474 	 0.0 	 0.00 
1476 	 0.0 	 0.00 
1478 	 0.0 	 0.00 
1479 	 0.0 	 0.00 
1480 	 0.0 	 0.00 
1481 	 0.0 	 0.00 
1482 	 0.0 	 0.00 
1483 	 0.0 	 0.00 
1484 	 0.0 	 0.00 
1485 	 0.0 	 0.00 
1487 	 0.0 	 0.00 
1489 	 0.0 	 0.00 
1490 	 0.0 	 0.00 
1491 	 0.0 	 0.00 
1492 	 0.0 	 0.00 
1493 	 0.0 	 1.00 
1495 	 0.0 	 1.00 
1497 	 0.0 	 1.00 
1498 	 0.0 	 1.00 
1499 	 0.0 	 1.00 
1500 	 0.0 	 1.00 
1501 	 0.0 	 0.00 
1502 	 0.0 	 0.00 
1503 	 0.0 	 0.00 
1504 	 0.0 	 0.00 
1505 	 0.0 	 0.00 
1506 	 0.0 	 0.00 
1508 	 0.0 	 0.00 
1509 	 0.0 	 0.00 
1510 	 0.0 	 0.00 
1512 	 0.0 	 0.00 
1514 	 0.0 	 0.00 
1515 	 0.0 	 0.00 
1516 	 0.0 	 0.00 
1517 	 0.0 	 0.00 
1518 	 0.0 	 1.00 
1519 	 0.0 	 1.00 
1520 	 0.0 	 1.00 
1522 	 0.0 	 1.00 
1523 	 0.0 	 1.00 
1524 	 0.0 	 1.00 
1526 	 0.0 	 1.00 
1528 	 0.0 	 0.00 
1529 	 0.0 	 0.00 
1530 	 0.0 	 0.00 
1532 	 0.0 	 0.00 
1534 	 0.0 	 0.00 
1536 	 0.0 	 0.00 
1537 	 0.0 	 0.00 
1538 	 0.0 	 0.00 
1539 	 0.0 	 0.00 
1540 	 0.0 	 0.00 
1541 	 0.0 	 0.00 
1542 	 0.0 	 0.00 
1543 	 0.0 	 0.00 
1545 	 0.0 	 0.00 
1547 	 0.0 	 0.00 
1549 	 0.0 	 1.00 
1550 	 0.0 	 1.00 
1551 	 0.0 	 1.00 
1553 	 0.0 	 0.00 
1555 	 0.0 	 0.00 
1556 	 0.0 	 0.00 
1558 	 0.0 	 1.00 
1559 	 0.0 	 1.00 
1560 	 0.0 	 0.00 
1562 	 0.0 	 0.00 
1563 	 0.0 	 0.00 
1564 	 0.0 	 0.00 
1566 	 0.0 	 1.00 
1567 	 0.0 	 1.00 
1568 	 0.0 	 0.00 
1569 	 0.0 	 0.00 
1571 	 0.0 	 0.00 
1572 	 0.0 	 0.00 
1573 	 0.0 	 0.00 
1575 	 0.0 	 1.00 
1577 	 0.0 	 0.00 
1579 	 0.0 	 0.00 
1580 	 0.0 	 0.00 
1581 	 0.0 	 0.00 
1582 	 0.0 	 0.00 
1583 	 0.0 	 0.00 
1584 	 0.0 	 0.00 
1585 	 0.0 	 0.00 
1586 	 0.0 	 0.00 
1588 	 0.0 	 0.00 
1589 	 0.0 	 0.00 
1592 	 0.0 	 1.00 
1593 	 0.0 	 1.00 
1594 	 0.0 	 1.00 
1595 	 0.0 	 1.00 
1596 	 0.0 	 0.00 
1597 	 0.0 	 0.00 
1599 	 0.0 	 1.00 
1600 	 0.0 	 1.00 
1602 	 0.0 	 0.00 
1604 	 0.0 	 0.00 
1605 	 0.0 	 1.00 
1606 	 0.0 	 0.00 
1608 	 0.0 	 0.00 
1610 	 0.0 	 0.00 
1612 	 0.0 	 0.00 
1613 	 0.0 	 0.00 
1614 	 0.0 	 0.00 
1616 	 0.0 	 0.00 
1618 	 0.0 	 0.00 
1620 	 0.0 	 0.00 
1621 	 0.0 	 0.00 
1622 	 0.0 	 0.00 
1624 	 0.0 	 0.00 
1625 	 0.0 	 0.00 
1628 	 0.0 	 0.00 
1630 	 0.0 	 0.00 
1632 	 0.0 	 0.00 
1634 	 0.0 	 0.00 
1636 	 0.0 	 0.00 
1638 	 0.0 	 0.00 
1639 	 0.0 	 0.00 
1640 	 0.0 	 0.00 
1641 	 0.0 	 0.00 
1642 	 0.0 	 0.00 
1643 	 0.0 	 0.00 
1645 	 0.0 	 0.00 
1647 	 0.0 	 0.00 
1649 	 0.0 	 0.00 
1650 	 0.0 	 0.00 
1651 	 0.0 	 0.00 
1652 	 0.0 	 0.00 
1653 	 0.0 	 0.00 
1654 	 0.0 	 0.00 
1655 	 0.0 	 0.00 
1657 	 0.0 	 0.00 
1659 	 0.0 	 0.00 
1660 	 0.0 	 0.00 
1661 	 0.0 	 0.00 
1662 	 0.0 	 0.00 
1663 	 0.0 	 0.00 
1665 	 0.0 	 0.00 
1666 	 0.0 	 0.00 
1668 	 0.0 	 0.00 
1669 	 0.0 	 0.00 
1671 	 0.0 	 0.00 
1673 	 0.0 	 0.00 
1674 	 0.0 	 0.00 
1677 	 0.0 	 0.00 
1678 	 0.0 	 0.00 
1679 	 0.0 	 1.00 
1681 	 0.0 	 1.00 
1682 	 0.0 	 0.00 
1683 	 0.0 	 0.00 
1685 	 0.0 	 0.00 
1687 	 0.0 	 0.00 
1689 	 0.0 	 0.00 
1690 	 0.0 	 1.00 
1691 	 0.0 	 1.00 
1693 	 0.0 	 0.00 
1694 	 0.0 	 1.00 
1695 	 0.0 	 0.00 
1696 	 0.0 	 0.00 
1698 	 0.0 	 0.00 
1699 	 0.0 	 1.00 
1702 	 0.0 	 0.00 
1704 	 0.0 	 0.00 
1706 	 0.0 	 0.00 
1707 	 0.0 	 0.00 
1708 	 0.0 	 1.00 
1710 	 0.0 	 0.00 
1712 	 0.0 	 0.00 
1714 	 0.0 	 0.00 
1715 	 0.0 	 1.00 
1716 	 0.0 	 1.00 
1717 	 0.0 	 1.00 
1718 	 0.0 	 0.00 
1719 	 0.0 	 0.00 
1721 	 0.0 	 0.00 
1723 	 0.0 	 0.00 
1725 	 0.0 	 0.00 
1727 	 0.0 	 0.00 
1729 	 0.0 	 1.00 
1731 	 0.0 	 1.00 
1732 	 0.0 	 0.00 
1733 	 0.0 	 0.00 
1734 	 0.0 	 0.00 
1735 	 0.0 	 0.00 
1736 	 0.0 	 0.00 
1737 	 0.0 	 0.00 
1738 	 0.0 	 0.00 
1740 	 0.0 	 0.00 
1741 	 0.0 	 0.00 
1743 	 0.0 	 0.00 
1744 	 0.0 	 0.00 
1746 	 0.0 	 0.00 
1748 	 0.0 	 0.00 
1749 	 0.0 	 1.00 
1750 	 0.0 	 1.00 
1752 	 0.0 	 0.00 
1753 	 0.0 	 0.00 
1754 	 0.0 	 0.00 
1755 	 0.0 	 0.00 
1756 	 0.0 	 0.00 
1757 	 0.0 	 0.00 
1759 	 0.0 	 0.00 
1761 	 0.0 	 1.00 
1763 	 0.0 	 0.00 
1765 	 0.0 	 0.00 
1766 	 0.0 	 0.00 
1767 	 0.0 	 0.00 
1769 	 0.0 	 0.00 
1771 	 0.0 	 0.00 
1773 	 0.0 	 0.00 
1775 	 0.0 	 0.00 
1776 	 0.0 	 0.00 
1777 	 0.0 	 0.00 
1778 	 0.0 	 0.00 
1779 	 0.0 	 0.00 
1780 	 0.0 	 0.00 
1781 	 0.0 	 0.00 
1782 	 0.0 	 0.00 
1783 	 0.0 	 0.00 
1784 	 0.0 	 0.00 
1786 	 0.0 	 0.00 
1788 	 0.0 	 0.00 
1790 	 0.0 	 0.00 
1791 	 0.0 	 0.00 
1792 	 0.0 	 0.00 
1794 	 0.0 	 0.00 
1796 	 0.0 	 0.00 
1798 	 0.0 	 0.00 
1799 	 0.0 	 0.00 
1800 	 0.0 	 0.00 
1801 	 0.0 	 0.00 
1802 	 0.0 	 1.00 
1803 	 0.0 	 1.00 
1804 	 0.0 	 1.00 
1805 	 0.0 	 1.00 
1806 	 0.0 	 1.00 
1807 	 0.0 	 1.00 
1808 	 0.0 	 0.00 
1810 	 0.0 	 0.00 
1811 	 0.0 	 0.00 
1813 	 0.0 	 0.00 
1815 	 0.0 	 0.00 
1817 	 0.0 	 0.00 
1818 	 0.0 	 0.00 
1819 	 0.0 	 0.00 
1821 	 0.0 	 0.00 
1823 	 0.0 	 0.00 
1824 	 0.0 	 0.00 
1825 	 0.0 	 0.00 
1826 	 0.0 	 0.00 
1827 	 0.0 	 0.00 
1829 	 0.0 	 0.00 
1831 	 0.0 	 0.00 
1833 	 0.0 	 0.00 
1835 	 0.0 	 0.00 
1836 	 0.0 	 0.00 
1837 	 0.0 	 0.00 
1838 	 0.0 	 0.00 
1839 	 0.0 	 0.00 
1840 	 0.0 	 0.00 
1841 	 0.0 	 0.00 
1842 	 0.0 	 0.00 
1843 	 0.0 	 0.00 
1844 	 0.0 	 0.00 
1846 	 0.0 	 0.00 
1848 	 0.0 	 0.00 
1850 	 0.0 	 0.00 
1852 	 0.0 	 0.00 
1853 	 0.0 	 0.00 
1854 	 0.0 	 0.00 
1856 	 0.0 	 0.00 
1858 	 0.0 	 0.00 
1859 	 0.0 	 0.00 
1860 	 0.0 	 0.00 
1861 	 0.0 	 0.00 
1863 	 0.0 	 0.00 
1864 	 0.0 	 0.00 
1865 	 0.0 	 0.00 
1866 	 0.0 	 0.00 
1867 	 0.0 	 0.00 
1869 	 0.0 	 0.00 
1871 	 0.0 	 0.00 
1872 	 0.0 	 0.00 
1873 	 0.0 	 0.00 
1874 	 0.0 	 0.00 
1875 	 0.0 	 0.00 
1876 	 0.0 	 0.00 
1877 	 0.0 	 0.00 
1878 	 0.0 	 0.00 
1879 	 0.0 	 0.00 
1880 	 0.0 	 0.00 
1882 	 0.0 	 0.00 
1883 	 0.0 	 0.00 
1884 	 0.0 	 0.00 
1886 	 0.0 	 0.00 
1888 	 0.0 	 0.00 
1890 	 0.0 	 0.00 
1892 	 0.0 	 0.00 
1894 	 0.0 	 0.00 
1895 	 0.0 	 0.00 
1897 	 0.0 	 0.00 
1898 	 0.0 	 0.00 
1899 	 0.0 	 0.00 
1900 	 0.0 	 0.00 
1902 	 0.0 	 0.00 
1904 	 0.0 	 0.00 
1906 	 0.0 	 0.00 
1908 	 0.0 	 0.00 
1909 	 0.0 	 0.00 
1910 	 0.0 	 0.00 
1911 	 0.0 	 0.00 
1913 	 0.0 	 0.00 
1914 	 0.0 	 0.00 
1915 	 0.0 	 0.00 
1916 	 0.0 	 0.00 
1918 	 0.0 	 0.00 
1920 	 0.0 	 0.00 
1921 	 0.0 	 0.00 
1922 	 0.0 	 0.00 
1924 	 0.0 	 0.00 
1925 	 0.0 	 0.00 
1926 	 0.0 	 0.00 
1927 	 0.0 	 0.00 
1928 	 0.0 	 1.00 
1929 	 0.0 	 1.00 
1930 	 0.0 	 1.00 
1931 	 0.0 	 0.00 
1932 	 0.0 	 1.00 
1933 	 0.0 	 1.00 
1934 	 0.0 	 1.00 
1935 	 0.0 	 1.00 
1936 	 0.0 	 1.00 
1939 	 0.0 	 1.00 
1940 	 0.0 	 1.00 
1941 	 0.0 	 0.00 
1943 	 0.0 	 0.00 
1945 	 0.0 	 0.00 
1946 	 0.0 	 0.00 
1947 	 0.0 	 0.00 
1949 	 0.0 	 1.00 
1950 	 0.0 	 1.00 
1951 	 0.0 	 1.00 
1952 	 0.0 	 1.00 
1954 	 0.0 	 1.00 
1956 	 0.0 	 1.00 
1957 	 0.0 	 1.00 
1960 	 0.0 	 1.00 
1962 	 0.0 	 0.00 
1964 	 0.0 	 0.00 
1967 	 0.0 	 0.00 
1968 	 0.0 	 0.00 
1970 	 0.0 	 0.00 
1972 	 0.0 	 0.00 
1973 	 0.0 	 0.00 
1976 	 0.0 	 0.00 
1977 	 0.0 	 0.00 
1978 	 0.0 	 0.00 
1980 	 0.0 	 0.00 
1981 	 0.0 	 0.00 
1982 	 0.0 	 0.00 
1984 	 0.0 	 0.00 
1985 	 0.0 	 0.00 
1986 	 0.0 	 0.00 
1987 	 0.0 	 0.00 
1988 	 0.0 	 0.00 
1989 	 0.0 	 0.00 
1990 	 0.0 	 0.00 
1991 	 0.0 	 0.00 
1993 	 0.0 	 0.00 
1994 	 0.0 	 0.00 
1995 	 0.0 	 0.00 
1997 	 0.0 	 0.00 
1999 	 0.0 	 0.00 
2001 	 0.0 	 1.00 
2003 	 0.0 	 1.00 
2005 	 0.0 	 1.00 
2006 	 0.0 	 1.00 
2007 	 0.0 	 1.00 
2009 	 0.0 	 0.00 
2010 	 0.0 	 0.00 
2011 	 0.0 	 0.00 
2013 	 0.0 	 0.00 
2015 	 0.0 	 0.00 
2017 	 0.0 	 0.00 
2019 	 0.0 	 0.00 
2020 	 0.0 	 0.00 
2021 	 0.0 	 0.00 
2023 	 0.0 	 1.00 
2024 	 0.0 	 1.00 
2025 	 0.0 	 1.00 
2027 	 0.0 	 0.00 
2028 	 0.0 	 0.00 
2029 	 0.0 	 0.00 
2030 	 0.0 	 1.00 
2031 	 0.0 	 1.00 
2032 	 0.0 	 1.00 
2034 	 0.0 	 0.00 
2036 	 0.0 	 0.00 
2038 	 0.0 	 0.00 
2039 	 0.0 	 1.00 
2040 	 0.0 	 0.00 
2041 	 0.0 	 1.00 
2042 	 0.0 	 0.00 
2043 	 0.0 	 0.00 
2044 	 0.0 	 0.00 
2045 	 0.0 	 0.00 
2047 	 0.0 	 0.00 
2048 	 0.0 	 0.00 
2049 	 0.0 	 0.00 
2051 	 0.0 	 0.00 
2052 	 0.0 	 0.00 
2055 	 0.0 	 1.00 
2056 	 0.0 	 1.00 
2057 	 0.0 	 1.00 
2059 	 0.0 	 1.00 
2060 	 0.0 	 1.00 
2063 	 0.0 	 1.00 
2065 	 0.0 	 1.00 
2067 	 0.0 	 0.00 
2068 	 0.0 	 0.00 
2069 	 0.0 	 0.00 
2071 	 0.0 	 0.00 
2073 	 0.0 	 0.00 
2074 	 0.0 	 0.00 
2075 	 0.0 	 0.00 
2077 	 0.0 	 0.00 
2079 	 0.0 	 0.00 
2080 	 0.0 	 0.00 
2081 	 0.0 	 0.00 
2082 	 0.0 	 0.00 
2083 	 0.0 	 0.00 
2084 	 0.0 	 0.00 
2085 	 0.0 	 0.00 
2086 	 0.0 	 0.00 
2087 	 0.0 	 0.00 
2089 	 0.0 	 0.00 
2091 	 0.0 	 0.00 
2093 	 0.0 	 0.00 
2095 	 0.0 	 0.00 
2097 	 0.0 	 0.00 
2099 	 0.0 	 0.00 
2100 	 0.0 	 0.00 
2103 	 0.0 	 0.00 
2105 	 0.0 	 1.00 
2107 	 0.0 	 0.00 
2109 	 0.0 	 1.00 
2111 	 0.0 	 1.00 
2112 	 0.0 	 0.00 
2113 	 0.0 	 0.00 
2115 	 0.0 	 0.00 
2116 	 0.0 	 0.00 
2118 	 0.0 	 0.00 
2119 	 0.0 	 1.00 
2120 	 0.0 	 0.00 
2121 	 0.0 	 0.00 
2122 	 0.0 	 0.00 
2123 	 0.0 	 0.00 
2124 	 0.0 	 0.00 
2125 	 0.0 	 0.00 
2126 	 0.0 	 1.00 
2128 	 0.0 	 1.00 
2129 	 0.0 	 0.00 
2130 	 0.0 	 0.00 
2132 	 0.0 	 0.00 
2134 	 0.0 	 0.00 
2136 	 0.0 	 0.00 
2137 	 0.0 	 0.00 
2138 	 0.0 	 0.00 
2140 	 0.0 	 0.00 
2141 	 0.0 	 0.00 
2142 	 0.0 	 0.00 
2144 	 0.0 	 1.00 
2145 	 0.0 	 0.00 
2146 	 0.0 	 0.00 
2148 	 0.0 	 0.00 
2150 	 0.0 	 0.00 
2152 	 0.0 	 0.00 
2153 	 0.0 	 0.00 
2154 	 0.0 	 0.00 
2156 	 0.0 	 0.00 
2158 	 0.0 	 0.00 
2159 	 0.0 	 0.00 
2160 	 0.0 	 0.00 
2161 	 0.0 	 0.00 
2163 	 0.0 	 0.00 
2165 	 0.0 	 0.00 
2167 	 0.0 	 1.00 
2169 	 0.0 	 1.00 
2171 	 0.0 	 0.00 
2172 	 0.0 	 0.00 
2173 	 0.0 	 0.00 
2174 	 0.0 	 0.00 
2175 	 0.0 	 1.00 
2176 	 0.0 	 0.00 
2178 	 0.0 	 0.00 
2179 	 0.0 	 0.00 
2180 	 0.0 	 0.00 
2182 	 0.0 	 0.00 
2184 	 0.0 	 0.00 
2185 	 0.0 	 0.00 
2186 	 0.0 	 0.00 
2187 	 0.0 	 0.00 
2188 	 0.0 	 0.00 
2189 	 0.0 	 0.00 
2191 	 0.0 	 0.00 
2192 	 0.0 	 0.00 
2193 	 0.0 	 0.00 
2194 	 0.0 	 0.00 
2195 	 0.0 	 0.00 
2197 	 0.0 	 0.00 
2199 	 0.0 	 0.00 
2201 	 0.0 	 1.00 
2203 	 0.0 	 0.00 
2204 	 0.0 	 0.00 
2206 	 0.0 	 0.00 
2207 	 0.0 	 0.00 
2209 	 0.0 	 1.00 
2211 	 0.0 	 0.00 
2213 	 0.0 	 0.00 
2215 	 0.0 	 0.00 
2216 	 0.0 	 1.00 
2217 	 0.0 	 1.00 
2218 	 0.0 	 0.00 
2219 	 0.0 	 0.00 
2220 	 0.0 	 0.00 
2221 	 0.0 	 0.00 
2222 	 0.0 	 0.00 
2224 	 0.0 	 0.00 
2226 	 0.0 	 0.00 
2227 	 0.0 	 0.00 
2228 	 0.0 	 0.00 
2229 	 0.0 	 1.00 
2230 	 0.0 	 0.00 
2231 	 0.0 	 0.00 
2232 	 0.0 	 0.00 
2233 	 0.0 	 0.00 
2236 	 0.0 	 0.00 
2237 	 0.0 	 0.00 
2239 	 0.0 	 0.00 
2241 	 0.0 	 0.00 
2243 	 0.0 	 0.00 
2244 	 0.0 	 0.00 
2245 	 0.0 	 0.00 
2247 	 0.0 	 0.00 
2249 	 0.0 	 0.00 
2250 	 0.0 	 0.00 
2251 	 0.0 	 0.00 
2253 	 0.0 	 0.00 
2254 	 0.0 	 0.00 
2255 	 0.0 	 0.00 
2257 	 0.0 	 0.00 
2258 	 0.0 	 0.00 
2259 	 0.0 	 0.00 
2261 	 0.0 	 0.00 
2263 	 0.0 	 0.00 
2265 	 0.0 	 0.00 
2266 	 0.0 	 0.00 
2267 	 0.0 	 0.00 
2268 	 0.0 	 0.00 
2269 	 0.0 	 0.00 
2270 	 0.0 	 0.00 
2271 	 0.0 	 0.00 
2272 	 0.0 	 0.00 
2274 	 0.0 	 0.00 
2275 	 0.0 	 0.00 
2277 	 0.0 	 0.00 
2278 	 0.0 	 0.00 
2279 	 0.0 	 0.00 
2282 	 0.0 	 0.00 
2283 	 0.0 	 0.00 
2284 	 0.0 	 0.00 
2285 	 0.0 	 0.00 
2286 	 0.0 	 1.00 
2288 	 0.0 	 1.00 
2290 	 0.0 	 0.00 
2292 	 0.0 	 0.00 
2293 	 0.0 	 0.00 
2294 	 0.0 	 0.00 
2295 	 0.0 	 0.00 
2296 	 0.0 	 0.00 
2297 	 0.0 	 0.00 
2298 	 0.0 	 0.00 
2299 	 0.0 	 0.00 
2300 	 0.0 	 0.00 
2301 	 0.0 	 0.00 
2302 	 0.0 	 0.00 
2303 	 0.0 	 0.00 
2305 	 0.0 	 0.00 
2307 	 0.0 	 0.00 
2309 	 0.0 	 0.00 
2311 	 0.0 	 0.00 
2313 	 0.0 	 0.00 
2315 	 0.0 	 0.00 
2317 	 0.0 	 1.00 
2318 	 0.0 	 1.00 
2319 	 0.0 	 0.00 
2320 	 0.0 	 0.00 
2321 	 0.0 	 0.00 
2322 	 0.0 	 0.00 
2323 	 0.0 	 0.00 
2324 	 0.0 	 0.00 
2325 	 0.0 	 0.00 
2326 	 0.0 	 0.00 
2327 	 0.0 	 0.00 
2328 	 0.0 	 1.00 
2329 	 0.0 	 0.00 
2330 	 0.0 	 0.00 
2332 	 0.0 	 0.00 
2334 	 0.0 	 0.00 
2336 	 0.0 	 0.00 
2337 	 0.0 	 0.00 
2338 	 0.0 	 0.00 
2340 	 0.0 	 0.00 
2341 	 0.0 	 0.00 
2342 	 0.0 	 1.00 
2344 	 0.0 	 0.00 
2345 	 0.0 	 0.00 
2346 	 0.0 	 0.00 
2348 	 0.0 	 0.00 
2349 	 0.0 	 0.00 
2350 	 0.0 	 0.00 
2351 	 0.0 	 0.00 
2352 	 0.0 	 0.00 
2353 	 0.0 	 0.00 
2354 	 0.0 	 0.00 
2355 	 0.0 	 0.00 
2356 	 0.0 	 0.00 
2357 	 0.0 	 0.00 
2358 	 0.0 	 0.00 
2359 	 0.0 	 0.00 
2361 	 0.0 	 0.00 
2362 	 0.0 	 0.00 
2364 	 0.0 	 0.00 
2365 	 0.0 	 0.00 
2367 	 0.0 	 0.00 
2369 	 0.0 	 0.00 
2371 	 0.0 	 0.00 
2372 	 0.0 	 0.00 
2373 	 0.0 	 0.00 
2374 	 0.0 	 0.00 
2375 	 0.0 	 0.00 
2376 	 0.0 	 0.00 
2377 	 0.0 	 0.00 
2380 	 0.0 	 0.00 
2381 	 0.0 	 0.00 
2382 	 0.0 	 0.00 
2383 	 0.0 	 0.00 
2385 	 0.0 	 0.00 
2386 	 0.0 	 0.00 
2387 	 0.0 	 0.00 
2389 	 0.0 	 0.00 
2392 	 0.0 	 0.00 
2393 	 0.0 	 0.00 
2394 	 0.0 	 0.00 
2395 	 0.0 	 0.00 
2397 	 0.0 	 0.00 
2399 	 0.0 	 0.00 
2401 	 0.0 	 0.00 
2403 	 0.0 	 0.00 
2405 	 0.0 	 0.00 
2406 	 0.0 	 0.00 
2409 	 0.0 	 0.00 
2411 	 0.0 	 0.00 
2413 	 0.0 	 0.00 
2415 	 0.0 	 0.00 
2417 	 0.0 	 0.00 
2419 	 0.0 	 0.00 
2421 	 0.0 	 0.00 
2423 	 0.0 	 0.00 
2425 	 0.0 	 0.00 
2426 	 0.0 	 0.00 
2427 	 0.0 	 0.00 
2428 	 0.0 	 0.00 
2429 	 0.0 	 0.00 
2430 	 0.0 	 0.00 
2431 	 0.0 	 0.00 
2433 	 0.0 	 0.00 
2434 	 0.0 	 0.00 
2435 	 0.0 	 0.00 
2438 	 0.0 	 0.00 
2439 	 0.0 	 0.00 
2441 	 0.0 	 0.00 
2442 	 0.0 	 0.00 
2444 	 0.0 	 0.00 
2446 	 0.0 	 0.00 
2448 	 0.0 	 0.00 
2450 	 0.0 	 0.00 
2451 	 0.0 	 0.00 
2452 	 0.0 	 0.00 
2454 	 0.0 	 0.00 
2455 	 0.0 	 0.00 
2456 	 0.0 	 0.00 
2458 	 0.0 	 0.00 
2459 	 0.0 	 0.00 
2462 	 0.0 	 0.00 
2463 	 0.0 	 0.00 
2465 	 0.0 	 0.00 
2467 	 0.0 	 0.00 
2469 	 0.0 	 0.00 
2471 	 0.0 	 0.00 
2473 	 0.0 	 0.00 
2474 	 0.0 	 0.00 
2475 	 0.0 	 0.00 
2476 	 0.0 	 0.00 
2477 	 0.0 	 1.00 
2478 	 0.0 	 1.00 
2480 	 0.0 	 0.00 
2481 	 0.0 	 0.00 
2482 	 0.0 	 0.00 
2484 	 0.0 	 0.00 
2485 	 0.0 	 0.00 
2486 	 0.0 	 0.00 
2488 	 0.0 	 0.00 
2490 	 0.0 	 0.00 
2492 	 0.0 	 0.00 
2494 	 0.0 	 0.00 
2496 	 0.0 	 0.00 
2497 	 0.0 	 0.00 
2498 	 0.0 	 0.00 
2499 	 0.0 	 0.00 
2501 	 0.0 	 0.00 
2502 	 0.0 	 0.00 
2503 	 0.0 	 0.00 
2504 	 0.0 	 0.00 
2505 	 0.0 	 0.00 
2506 	 0.0 	 0.00 
2508 	 0.0 	 0.00 
2509 	 0.0 	 0.00 
2511 	 0.0 	 0.00 
2513 	 0.0 	 0.00 
2515 	 0.0 	 0.00 
2517 	 0.0 	 0.00 
2519 	 0.0 	 0.00 
2521 	 0.0 	 0.00 
2522 	 0.0 	 0.00 
2523 	 0.0 	 0.00 
2525 	 0.0 	 0.00 
2527 	 0.0 	 0.00 
2529 	 0.0 	 0.00 
2531 	 0.0 	 0.00 
2533 	 0.0 	 0.00 
2535 	 0.0 	 0.00 
2537 	 0.0 	 0.00 
2538 	 0.0 	 0.00 
2539 	 0.0 	 0.00 
2540 	 0.0 	 0.00 
2541 	 0.0 	 0.00 
2542 	 0.0 	 0.00 
2543 	 0.0 	 0.00 
2544 	 0.0 	 0.00 
2546 	 0.0 	 0.00 
2548 	 0.0 	 0.00 
2550 	 0.0 	 0.00 
2551 	 0.0 	 0.00 
2552 	 0.0 	 0.00 
2553 	 0.0 	 0.00 
2554 	 0.0 	 0.00 
2555 	 0.0 	 0.00 
2557 	 0.0 	 0.00 
2558 	 0.0 	 0.00 
2559 	 0.0 	 0.00 
2561 	 0.0 	 0.00 
2563 	 0.0 	 0.00 
2565 	 0.0 	 0.00 
2567 	 0.0 	 0.00 
2569 	 0.0 	 0.00 
2571 	 0.0 	 0.00 
2573 	 0.0 	 0.00 
2575 	 0.0 	 0.00 
2576 	 0.0 	 0.00 
2577 	 0.0 	 0.00 
2578 	 0.0 	 0.00 
2579 	 0.0 	 0.00 
2580 	 0.0 	 0.00 
2582 	 0.0 	 0.00 
2583 	 0.0 	 0.00 
2584 	 0.0 	 0.00 
2586 	 0.0 	 0.00 
2588 	 0.0 	 0.00 
2590 	 0.0 	 0.00 
2592 	 0.0 	 0.00 
2594 	 0.0 	 0.00 
2596 	 0.0 	 0.00 
2598 	 0.0 	 0.00 
2600 	 0.0 	 0.00 
2601 	 0.0 	 0.00 
2602 	 0.0 	 0.00 
2603 	 0.0 	 0.00 
2604 	 0.0 	 0.00 
2605 	 0.0 	 0.00 
2606 	 0.0 	 0.00 
2607 	 0.0 	 0.00 
2608 	 0.0 	 0.00 
2609 	 0.0 	 0.00 
2610 	 0.0 	 0.00 
2611 	 0.0 	 0.00 
2612 	 0.0 	 0.00 
2613 	 0.0 	 0.00 
2615 	 0.0 	 0.00 
2617 	 0.0 	 0.00 
2619 	 0.0 	 0.00 
2620 	 0.0 	 0.00 
2621 	 0.0 	 0.00 
2622 	 0.0 	 0.00 
2624 	 0.0 	 0.00 
2625 	 0.0 	 0.00 
2628 	 0.0 	 0.00 
2629 	 0.0 	 0.00 
2630 	 0.0 	 0.00 
2631 	 0.0 	 0.00 
2633 	 0.0 	 0.00 
2634 	 0.0 	 0.00 
2636 	 0.0 	 0.00 
2637 	 0.0 	 0.00 
2638 	 0.0 	 0.00 
2639 	 0.0 	 0.00 
2641 	 0.0 	 0.00 
2643 	 0.0 	 0.00 
2644 	 0.0 	 0.00 
2645 	 0.0 	 0.00 
2646 	 0.0 	 0.00 
2647 	 0.0 	 0.00 
2648 	 0.0 	 0.00 
2649 	 0.0 	 0.00 
2651 	 0.0 	 0.00 
2653 	 0.0 	 0.00 
2654 	 0.0 	 0.00 
2655 	 0.0 	 0.00 
2656 	 0.0 	 0.00 
2658 	 0.0 	 0.00 
2660 	 0.0 	 0.00 
2661 	 0.0 	 0.00 
2662 	 0.0 	 0.00 
2663 	 0.0 	 0.00 
2664 	 0.0 	 0.00 
2666 	 0.0 	 0.00 
2667 	 0.0 	 0.00 
2668 	 0.0 	 0.00 
2669 	 0.0 	 0.00 
2671 	 0.0 	 0.00 
2673 	 0.0 	 0.00 
2674 	 0.0 	 0.00 
2675 	 0.0 	 0.00 
2677 	 0.0 	 0.00 
2678 	 0.0 	 0.00 
2679 	 0.0 	 0.00 
2681 	 0.0 	 0.00 
2683 	 0.0 	 0.00 
2685 	 0.0 	 0.00 
2687 	 0.0 	 0.00 
2689 	 0.0 	 0.00 
2691 	 0.0 	 0.00 
2692 	 0.0 	 0.00 
2693 	 0.0 	 0.00 
2694 	 0.0 	 0.00 
2696 	 0.0 	 0.00 
2697 	 0.0 	 0.00 
2698 	 0.0 	 0.00 
2699 	 0.0 	 0.00 
2700 	 0.0 	 0.00 
2702 	 0.0 	 0.00 
2704 	 0.0 	 0.00 
2705 	 0.0 	 0.00 
2708 	 0.0 	 0.00 
2709 	 0.0 	 0.00 
2710 	 0.0 	 0.00 
2711 	 0.0 	 0.00 
2712 	 0.0 	 0.00 
2714 	 0.0 	 0.00 
2716 	 0.0 	 0.00 
2717 	 0.0 	 0.00 
2718 	 0.0 	 0.00 
2720 	 0.0 	 0.00 
2721 	 0.0 	 0.00 
2723 	 0.0 	 0.00 
2724 	 0.0 	 0.00 
2725 	 0.0 	 0.00 
2726 	 0.0 	 0.00 
2727 	 0.0 	 0.00 
2728 	 0.0 	 0.00 
2730 	 0.0 	 0.00 
2732 	 0.0 	 0.00 
2734 	 0.0 	 0.00 
2736 	 0.0 	 0.00 
2737 	 0.0 	 0.00 
2738 	 0.0 	 0.00 
2740 	 0.0 	 0.00 
2741 	 0.0 	 0.00 
2742 	 0.0 	 0.00 
2743 	 0.0 	 0.00 
2745 	 0.0 	 0.00 
2747 	 0.0 	 0.00 
2749 	 0.0 	 0.00 
2751 	 0.0 	 0.00 
2753 	 0.0 	 0.00 
2754 	 0.0 	 0.00 
2755 	 0.0 	 0.00 
2756 	 0.0 	 0.00 
2757 	 0.0 	 0.00 
2758 	 0.0 	 0.00 
2760 	 0.0 	 0.00 
2761 	 0.0 	 0.00 
2762 	 0.0 	 0.00 
2764 	 0.0 	 0.00 
2765 	 0.0 	 0.00 
2766 	 0.0 	 0.00 
2768 	 0.0 	 0.00 
2770 	 0.0 	 0.00 
2772 	 0.0 	 0.00 
2774 	 0.0 	 0.00 
2776 	 0.0 	 0.00 
2778 	 0.0 	 0.00 
2780 	 0.0 	 0.00 
2782 	 0.0 	 0.00 
2783 	 0.0 	 0.00 
2784 	 0.0 	 0.00 
2785 	 0.0 	 0.00 
2786 	 0.0 	 0.00 
2787 	 0.0 	 0.00 
2788 	 0.0 	 0.00 
2789 	 0.0 	 0.00 
2790 	 0.0 	 0.00 
2791 	 0.0 	 0.00 
2792 	 0.0 	 0.00 
2793 	 0.0 	 0.00 
2795 	 0.0 	 0.00 
2797 	 0.0 	 0.00 
2799 	 0.0 	 0.00 
2800 	 0.0 	 0.00 
2801 	 0.0 	 0.00 
2802 	 0.0 	 0.00 
2803 	 0.0 	 0.00 
2804 	 0.0 	 0.00 
2805 	 0.0 	 0.00 
2807 	 0.0 	 0.00 
2809 	 0.0 	 0.00 
2811 	 0.0 	 0.00 
2812 	 0.0 	 0.00 
2813 	 0.0 	 0.00 
2814 	 0.0 	 0.00 
2815 	 0.0 	 0.00 
2816 	 0.0 	 0.00 
2817 	 0.0 	 0.00 
2820 	 0.0 	 0.00 
2824 	 0.0 	 0.00 
2827 	 0.0 	 0.00 
2828 	 0.0 	 0.00 
2829 	 0.0 	 0.00 
2831 	 0.0 	 0.00 
2832 	 0.0 	 0.00 
2833 	 0.0 	 0.00 
2834 	 0.0 	 0.00 
2836 	 0.0 	 0.00 
2837 	 0.0 	 0.00 
2838 	 0.0 	 0.00 
2840 	 0.0 	 0.00 
2842 	 0.0 	 0.00 
2844 	 0.0 	 0.00 
2845 	 0.0 	 0.00 
2846 	 0.0 	 0.00 
2847 	 0.0 	 0.00 
2849 	 0.0 	 0.00 
2850 	 0.0 	 0.00 
2851 	 0.0 	 0.00 
2853 	 0.0 	 0.00 
2854 	 0.0 	 0.00 
2855 	 0.0 	 0.00 
2857 	 0.0 	 0.00 
2858 	 0.0 	 0.00 
2860 	 0.0 	 0.00 
2861 	 0.0 	 0.00 
2863 	 0.0 	 0.00 
2864 	 0.0 	 0.00 
2865 	 0.0 	 0.00 
2867 	 0.0 	 0.00 
2869 	 0.0 	 0.00 
2870 	 0.0 	 0.00 
2872 	 0.0 	 0.00 
2873 	 0.0 	 0.00 
2875 	 0.0 	 0.00 
2877 	 0.0 	 0.00 
2878 	 0.0 	 0.00 
2880 	 0.0 	 0.00 
2881 	 0.0 	 0.00 
2883 	 0.0 	 0.00 
2884 	 0.0 	 0.00 
2885 	 0.0 	 0.00 
2887 	 0.0 	 0.00 
2889 	 0.0 	 0.00 
2891 	 0.0 	 0.00 
2892 	 0.0 	 0.00 
2893 	 0.0 	 0.00 
2895 	 0.0 	 0.00 
2897 	 0.0 	 0.00 
2898 	 0.0 	 0.00 
2899 	 0.0 	 0.00 
2901 	 0.0 	 0.00 
2902 	 0.0 	 0.00 
2903 	 0.0 	 0.00 
2904 	 0.0 	 0.00 
2906 	 0.0 	 0.00 
2907 	 0.0 	 0.00 
2908 	 0.0 	 0.00 
2910 	 0.0 	 0.00 
2912 	 0.0 	 0.00 
2914 	 0.0 	 0.00 
2915 	 0.0 	 0.00 
2916 	 0.0 	 0.00 
2917 	 0.0 	 0.00 
2918 	 0.0 	 0.00 
2919 	 0.0 	 0.00 
2920 	 0.0 	 0.00 
2921 	 0.0 	 0.00 
2923 	 0.0 	 0.00 
2925 	 0.0 	 0.00 
2926 	 0.0 	 0.00 
2927 	 0.0 	 0.00 
2929 	 0.0 	 0.00 
2930 	 0.0 	 0.00 
2931 	 0.0 	 0.00 
2932 	 0.0 	 0.00 
2933 	 0.0 	 0.00 
2935 	 0.0 	 0.00 
2937 	 0.0 	 0.00 
2939 	 0.0 	 0.00 
2941 	 0.0 	 0.00 
2943 	 0.0 	 0.00 
2944 	 0.0 	 0.00 
2945 	 0.0 	 0.00 
2946 	 0.0 	 0.00 
2947 	 0.0 	 0.00 
2948 	 0.0 	 0.00 
2949 	 0.0 	 0.00 
2950 	 0.0 	 0.00 
2952 	 0.0 	 0.00 
2954 	 0.0 	 0.00 
2955 	 0.0 	 0.00 
2956 	 0.0 	 0.00 
2958 	 0.0 	 0.00 
2960 	 0.0 	 0.00 
2962 	 0.0 	 0.00 
2964 	 0.0 	 0.00 
2965 	 0.0 	 0.00 
2966 	 0.0 	 0.00 
2967 	 0.0 	 0.00 
2968 	 0.0 	 0.00 
2969 	 0.0 	 0.00 
2971 	 0.0 	 0.00 
2972 	 0.0 	 0.00 
2973 	 0.0 	 0.00 
2975 	 0.0 	 0.00 
2977 	 0.0 	 0.00 
2978 	 0.0 	 0.00 
2979 	 0.0 	 0.00 
2981 	 0.0 	 0.00 
2982 	 0.0 	 0.00 
2983 	 0.0 	 0.00 
2985 	 0.0 	 0.00 
2987 	 0.0 	 0.00 
2989 	 0.0 	 0.00 
2990 	 0.0 	 0.00 
2991 	 0.0 	 0.00 
2993 	 0.0 	 0.00 
2994 	 0.0 	 0.00 
2995 	 0.0 	 0.00 
2996 	 0.0 	 0.00 
2998 	 0.0 	 0.00 
2999 	 0.0 	 0.00 
3000 	 0.0 	 0.00 
3002 	 0.0 	 0.00 
3003 	 0.0 	 0.00 
3004 	 0.0 	 0.00 
3006 	 0.0 	 0.00 
3008 	 0.0 	 0.00 
3010 	 0.0 	 0.00 
3011 	 0.0 	 0.00 
3012 	 0.0 	 0.00 
3013 	 0.0 	 0.00 
3015 	 0.0 	 0.00 
3017 	 0.0 	 0.00 
3018 	 0.0 	 0.00 
3019 	 0.0 	 0.00 
3020 	 0.0 	 0.00 
3021 	 0.0 	 0.00 
3023 	 0.0 	 0.00 
3025 	 0.0 	 0.00 
3027 	 0.0 	 0.00 
3029 	 0.0 	 0.00 
3031 	 0.0 	 0.00 
3032 	 0.0 	 0.00 
3033 	 0.0 	 0.00 
3034 	 0.0 	 0.00 
3035 	 0.0 	 0.00 
3036 	 0.0 	 0.00 
3038 	 0.0 	 0.00 
3039 	 0.0 	 0.00 
3040 	 0.0 	 0.00 
3042 	 0.0 	 0.00 
3044 	 0.0 	 0.00 
3046 	 0.0 	 0.00 
3048 	 0.0 	 0.00 
3050 	 0.0 	 0.00 
3052 	 0.0 	 0.00 
3054 	 0.0 	 0.00 
3056 	 0.0 	 0.00 
3057 	 0.0 	 0.00 
3058 	 0.0 	 0.00 
3059 	 0.0 	 0.00 
3060 	 0.0 	 0.00 
3061 	 0.0 	 0.00 
3062 	 0.0 	 0.00 
3063 	 0.0 	 0.00 
3065 	 0.0 	 0.00 
3067 	 0.0 	 0.00 
3069 	 0.0 	 0.00 
3071 	 0.0 	 0.00 
3072 	 0.0 	 0.00 
3073 	 0.0 	 0.00 
3075 	 0.0 	 0.00 
3077 	 0.0 	 0.00 
3079 	 0.0 	 0.00 
3081 	 0.0 	 0.00 
3082 	 0.0 	 0.00 
3083 	 0.0 	 0.00 
3084 	 0.0 	 0.00 
3085 	 0.0 	 0.00 
3086 	 0.0 	 0.00 
3088 	 0.0 	 1.00 
3090 	 0.0 	 0.00 
3092 	 0.0 	 0.00 
3094 	 0.0 	 0.00 
3095 	 0.0 	 0.00 
3096 	 0.0 	 0.00 
3097 	 0.0 	 0.00 
3098 	 0.0 	 0.00 
3099 	 0.0 	 0.00 
3101 	 0.0 	 0.00 
3103 	 0.0 	 0.00 
3105 	 0.0 	 0.00 
3107 	 0.0 	 0.00 
3109 	 0.0 	 0.00 
3110 	 0.0 	 1.00 
3111 	 0.0 	 0.00 
3113 	 0.0 	 0.00 
3115 	 0.0 	 0.00 
3116 	 0.0 	 0.00 
3118 	 0.0 	 0.00 
3119 	 0.0 	 0.00 
3121 	 0.0 	 0.00 
3123 	 0.0 	 1.00 
3125 	 0.0 	 0.00 
3126 	 0.0 	 0.00 
3127 	 0.0 	 0.00 
3129 	 0.0 	 0.00 
3131 	 0.0 	 0.00 
3132 	 0.0 	 0.00 
3133 	 0.0 	 0.00 
3135 	 0.0 	 0.00 
3136 	 0.0 	 0.00 
3137 	 0.0 	 0.00 
3138 	 0.0 	 0.00 
3139 	 0.0 	 0.00 
3140 	 0.0 	 0.00 
3142 	 0.0 	 0.00 
3144 	 0.0 	 0.00 
3146 	 0.0 	 0.00 
3147 	 0.0 	 0.00 
3148 	 0.0 	 0.00 
3149 	 0.0 	 0.00 
3150 	 0.0 	 0.00 
3151 	 0.0 	 1.00 
3152 	 0.0 	 0.00 
3153 	 0.0 	 0.00 
3154 	 0.0 	 0.00 
3155 	 0.0 	 0.00 
3156 	 0.0 	 0.00 
3157 	 0.0 	 1.00 
3158 	 0.0 	 0.00 
3159 	 0.0 	 1.00 
3160 	 0.0 	 1.00 
3161 	 0.0 	 0.00 
3163 	 0.0 	 0.00 
