1 	 0.0 	 0.09 
2 	 0.0 	 0.10 
3 	 0.0 	 0.10 
4 	 0.0 	 0.06 
5 	 0.0 	 0.10 
6 	 0.0 	 0.07 
7 	 0.0 	 0.08 
8 	 0.0 	 0.05 
9 	 0.0 	 0.07 
10 	 0.0 	 0.10 
11 	 0.0 	 0.08 
12 	 0.0 	 0.07 
13 	 0.0 	 0.10 
14 	 0.0 	 0.09 
15 	 0.0 	 0.06 
16 	 0.0 	 0.08 
17 	 0.0 	 0.09 
18 	 0.0 	 0.08 
19 	 0.0 	 0.09 
20 	 0.0 	 0.08 
21 	 0.0 	 0.06 
22 	 0.0 	 0.05 
23 	 0.0 	 0.05 
24 	 0.0 	 0.05 
25 	 0.0 	 0.08 
26 	 0.0 	 0.08 
27 	 0.0 	 0.07 
28 	 0.0 	 0.07 
29 	 0.0 	 0.08 
30 	 0.0 	 0.08 
31 	 0.0 	 0.10 
32 	 0.0 	 0.07 
33 	 0.0 	 0.07 
34 	 0.0 	 0.07 
35 	 0.0 	 0.06 
36 	 0.0 	 0.07 
37 	 0.0 	 0.10 
38 	 0.0 	 0.09 
39 	 0.0 	 0.08 
40 	 0.0 	 0.07 
41 	 0.0 	 0.09 
42 	 0.0 	 0.06 
43 	 0.0 	 0.06 
44 	 0.0 	 0.08 
45 	 0.0 	 0.06 
46 	 0.0 	 0.07 
47 	 0.0 	 0.28 
48 	 0.0 	 0.06 
49 	 0.0 	 0.07 
50 	 0.0 	 0.09 
51 	 0.0 	 0.08 
52 	 0.0 	 0.06 
53 	 0.0 	 0.07 
54 	 0.0 	 0.09 
55 	 0.0 	 0.09 
56 	 0.0 	 0.07 
57 	 0.0 	 0.07 
58 	 0.0 	 0.07 
59 	 0.0 	 17.10 
60 	 0.0 	 19.67 
61 	 0.0 	 18.46 
62 	 0.0 	 14.31 
63 	 0.0 	 15.08 
64 	 0.0 	 0.06 
65 	 0.0 	 0.08 
66 	 0.0 	 0.08 
67 	 0.0 	 0.07 
68 	 0.0 	 0.08 
69 	 0.0 	 0.07 
70 	 0.0 	 0.07 
71 	 0.0 	 0.09 
72 	 0.0 	 0.05 
73 	 0.0 	 0.05 
74 	 0.0 	 0.07 
75 	 0.0 	 0.08 
76 	 0.0 	 0.08 
77 	 0.0 	 0.07 
78 	 0.0 	 0.07 
79 	 0.0 	 25.77 
80 	 0.0 	 0.04 
81 	 0.0 	 0.09 
83 	 0.0 	 0.05 
84 	 0.0 	 0.08 
85 	 0.0 	 0.06 
86 	 0.0 	 0.08 
87 	 0.0 	 0.08 
88 	 0.0 	 0.06 
89 	 0.0 	 0.30 
90 	 0.0 	 21.34 
91 	 0.0 	 18.89 
92 	 0.0 	 17.67 
93 	 0.0 	 14.87 
94 	 0.0 	 12.03 
95 	 0.0 	 12.25 
96 	 0.0 	 11.38 
97 	 0.0 	 9.91 
98 	 0.0 	 9.27 
99 	 0.0 	 8.29 
101 	 0.0 	 0.08 
102 	 0.0 	 0.07 
103 	 0.0 	 17.60 
104 	 0.0 	 15.93 
105 	 0.0 	 15.64 
106 	 0.0 	 13.90 
108 	 0.0 	 10.12 
109 	 0.0 	 9.12 
110 	 0.0 	 7.13 
111 	 0.0 	 6.43 
112 	 0.0 	 4.26 
113 	 0.0 	 3.44 
114 	 0.0 	 2.74 
115 	 0.0 	 3.14 
116 	 0.0 	 3.65 
117 	 0.0 	 4.86 
119 	 0.0 	 4.57 
121 	 0.0 	 6.62 
122 	 0.0 	 8.64 
123 	 0.0 	 10.96 
124 	 0.0 	 11.95 
125 	 0.0 	 13.08 
126 	 0.0 	 13.80 
127 	 0.0 	 13.52 
128 	 0.0 	 13.86 
129 	 0.0 	 15.17 
130 	 0.0 	 14.69 
131 	 0.0 	 13.38 
133 	 0.0 	 13.71 
134 	 0.0 	 12.43 
135 	 0.0 	 10.79 
136 	 0.0 	 9.39 
137 	 0.0 	 8.43 
138 	 0.0 	 6.61 
139 	 0.0 	 7.34 
140 	 0.0 	 7.02 
141 	 0.0 	 6.32 
142 	 0.0 	 5.64 
143 	 0.0 	 5.70 
144 	 0.0 	 5.62 
145 	 0.0 	 5.22 
146 	 0.0 	 3.39 
147 	 0.0 	 1.94 
148 	 0.0 	 0.86 
149 	 0.0 	 0.36 
150 	 0.0 	 0.09 
151 	 0.0 	 0.08 
152 	 0.0 	 0.05 
153 	 0.0 	 0.08 
154 	 0.0 	 4.85 
156 	 0.0 	 0.06 
157 	 0.0 	 0.08 
158 	 0.0 	 0.08 
159 	 0.0 	 19.95 
160 	 0.0 	 18.13 
161 	 0.0 	 15.51 
162 	 0.0 	 14.50 
163 	 0.0 	 9.86 
165 	 0.0 	 7.62 
166 	 0.0 	 9.12 
167 	 0.0 	 0.10 
168 	 0.0 	 0.68 
169 	 0.0 	 14.68 
170 	 0.0 	 8.69 
172 	 0.0 	 4.91 
173 	 0.0 	 4.37 
174 	 0.0 	 5.03 
175 	 0.0 	 4.71 
176 	 0.0 	 5.20 
178 	 0.0 	 5.09 
179 	 0.0 	 5.65 
180 	 0.0 	 5.25 
181 	 0.0 	 5.21 
182 	 0.0 	 5.23 
184 	 0.0 	 5.63 
185 	 0.0 	 6.48 
186 	 0.0 	 6.49 
187 	 0.0 	 5.56 
188 	 0.0 	 5.17 
190 	 0.0 	 1.81 
191 	 0.0 	 1.34 
192 	 0.0 	 0.42 
193 	 0.0 	 0.34 
194 	 0.0 	 0.31 
195 	 0.0 	 0.39 
196 	 0.0 	 0.37 
197 	 0.0 	 0.34 
198 	 0.0 	 10.24 
199 	 0.0 	 10.41 
202 	 0.0 	 11.84 
203 	 0.0 	 12.08 
204 	 0.0 	 11.06 
205 	 0.0 	 9.67 
206 	 0.0 	 9.39 
208 	 0.0 	 7.51 
210 	 0.0 	 7.25 
211 	 0.0 	 7.41 
213 	 0.0 	 7.01 
214 	 0.0 	 0.08 
215 	 0.0 	 0.11 
216 	 0.0 	 0.05 
217 	 0.0 	 0.07 
218 	 0.0 	 0.07 
219 	 0.0 	 0.09 
222 	 0.0 	 0.07 
223 	 0.0 	 0.09 
224 	 0.0 	 0.08 
225 	 0.0 	 0.08 
226 	 0.0 	 0.07 
228 	 0.0 	 0.08 
229 	 0.0 	 0.08 
230 	 0.0 	 0.32 
231 	 0.0 	 19.45 
232 	 0.0 	 19.14 
234 	 0.0 	 12.86 
235 	 0.0 	 12.20 
238 	 0.0 	 8.51 
239 	 0.0 	 7.99 
240 	 0.0 	 7.47 
241 	 0.0 	 7.66 
242 	 0.0 	 7.34 
243 	 0.0 	 7.19 
244 	 0.0 	 7.06 
245 	 0.0 	 8.13 
246 	 0.0 	 8.49 
247 	 0.0 	 10.78 
250 	 0.0 	 13.62 
251 	 0.0 	 14.01 
252 	 0.0 	 14.03 
253 	 0.0 	 15.30 
254 	 0.0 	 13.89 
255 	 0.0 	 14.53 
256 	 0.0 	 13.27 
257 	 0.0 	 12.70 
258 	 0.0 	 9.46 
259 	 0.0 	 9.42 
260 	 0.0 	 7.64 
261 	 0.0 	 7.11 
262 	 0.0 	 7.35 
263 	 0.0 	 5.69 
264 	 0.0 	 4.78 
265 	 0.0 	 3.33 
266 	 0.0 	 1.18 
267 	 0.0 	 0.41 
268 	 0.0 	 0.37 
269 	 0.0 	 0.29 
270 	 0.0 	 0.27 
271 	 0.0 	 1.13 
272 	 0.0 	 2.72 
273 	 0.0 	 3.79 
274 	 0.0 	 4.47 
275 	 0.0 	 4.85 
276 	 0.0 	 4.53 
277 	 0.0 	 6.01 
278 	 0.0 	 6.27 
279 	 0.0 	 6.47 
280 	 0.0 	 5.73 
281 	 0.0 	 6.88 
282 	 0.0 	 5.92 
283 	 0.0 	 6.56 
284 	 0.0 	 6.28 
285 	 0.0 	 5.91 
287 	 0.0 	 9.66 
290 	 0.0 	 13.44 
291 	 0.0 	 14.70 
292 	 0.0 	 15.62 
293 	 0.0 	 14.73 
294 	 0.0 	 14.71 
295 	 0.0 	 16.08 
296 	 0.0 	 17.51 
297 	 0.0 	 15.51 
298 	 0.0 	 16.00 
300 	 0.0 	 14.43 
301 	 0.0 	 13.26 
302 	 0.0 	 12.44 
303 	 0.0 	 9.98 
304 	 0.0 	 8.51 
305 	 0.0 	 7.69 
306 	 0.0 	 6.81 
307 	 0.0 	 6.92 
308 	 0.0 	 6.25 
309 	 0.0 	 5.14 
310 	 0.0 	 4.66 
311 	 0.0 	 5.34 
312 	 0.0 	 5.80 
313 	 0.0 	 5.61 
314 	 0.0 	 7.27 
315 	 0.0 	 9.21 
316 	 0.0 	 11.01 
317 	 0.0 	 10.08 
318 	 0.0 	 10.39 
319 	 0.0 	 9.67 
320 	 0.0 	 8.88 
321 	 0.0 	 7.27 
322 	 0.0 	 6.73 
323 	 0.0 	 5.41 
324 	 0.0 	 5.29 
325 	 0.0 	 4.06 
326 	 0.0 	 3.45 
327 	 0.0 	 3.24 
328 	 0.0 	 4.01 
329 	 0.0 	 2.75 
330 	 0.0 	 2.08 
331 	 0.0 	 1.63 
332 	 0.0 	 1.75 
333 	 0.0 	 2.25 
334 	 0.0 	 2.86 
335 	 0.0 	 2.92 
336 	 0.0 	 4.49 
337 	 0.0 	 4.97 
338 	 0.0 	 6.42 
339 	 0.0 	 7.66 
340 	 0.0 	 8.49 
341 	 0.0 	 7.55 
342 	 0.0 	 5.64 
343 	 0.0 	 3.27 
344 	 0.0 	 2.68 
345 	 0.0 	 2.47 
346 	 0.0 	 4.08 
349 	 0.0 	 0.08 
350 	 0.0 	 0.08 
351 	 0.0 	 0.07 
352 	 0.0 	 0.08 
353 	 0.0 	 0.10 
354 	 0.0 	 14.80 
356 	 0.0 	 16.83 
358 	 0.0 	 15.14 
359 	 0.0 	 11.78 
360 	 0.0 	 0.08 
361 	 0.0 	 0.07 
362 	 0.0 	 1.06 
363 	 0.0 	 18.47 
364 	 0.0 	 14.26 
365 	 0.0 	 14.88 
366 	 0.0 	 0.07 
368 	 0.0 	 0.07 
369 	 0.0 	 0.12 
370 	 0.0 	 0.28 
372 	 0.0 	 18.80 
373 	 0.0 	 15.61 
374 	 0.0 	 14.35 
375 	 0.0 	 12.72 
376 	 0.0 	 0.07 
377 	 0.0 	 0.07 
378 	 0.0 	 0.06 
379 	 0.0 	 15.58 
380 	 0.0 	 15.92 
381 	 0.0 	 15.57 
382 	 0.0 	 13.66 
383 	 0.0 	 11.33 
384 	 0.0 	 9.41 
385 	 0.0 	 8.58 
386 	 0.0 	 8.08 
387 	 0.0 	 8.34 
389 	 0.0 	 8.46 
390 	 0.0 	 7.65 
391 	 0.0 	 8.24 
392 	 0.0 	 7.69 
393 	 0.0 	 7.06 
394 	 0.0 	 8.05 
395 	 0.0 	 7.88 
397 	 0.0 	 7.79 
398 	 0.0 	 0.31 
399 	 0.0 	 0.08 
400 	 0.0 	 0.09 
401 	 0.0 	 0.10 
402 	 0.0 	 0.05 
403 	 0.0 	 0.04 
404 	 0.0 	 21.66 
405 	 0.0 	 17.40 
406 	 0.0 	 15.35 
407 	 0.0 	 13.99 
408 	 0.0 	 14.27 
409 	 0.0 	 12.52 
410 	 0.0 	 10.26 
411 	 0.0 	 9.29 
412 	 0.0 	 8.81 
413 	 0.0 	 8.76 
414 	 0.0 	 9.45 
415 	 0.0 	 9.38 
416 	 0.0 	 10.55 
417 	 0.0 	 10.07 
418 	 0.0 	 9.93 
419 	 0.0 	 10.35 
420 	 0.0 	 10.02 
421 	 0.0 	 9.33 
422 	 0.0 	 9.12 
423 	 0.0 	 9.56 
424 	 0.0 	 10.59 
425 	 0.0 	 9.72 
426 	 0.0 	 9.75 
427 	 0.0 	 9.90 
428 	 0.0 	 9.41 
429 	 0.0 	 11.48 
430 	 0.0 	 10.25 
432 	 0.0 	 9.70 
433 	 0.0 	 10.80 
434 	 0.0 	 14.11 
435 	 0.0 	 11.68 
438 	 0.0 	 0.07 
440 	 0.0 	 0.07 
441 	 0.0 	 0.06 
442 	 0.0 	 0.08 
443 	 0.0 	 0.08 
444 	 0.0 	 0.06 
445 	 0.0 	 0.09 
446 	 0.0 	 0.07 
447 	 0.0 	 0.08 
448 	 0.0 	 0.04 
449 	 0.0 	 0.08 
450 	 0.0 	 0.09 
451 	 0.0 	 0.05 
452 	 0.0 	 0.11 
453 	 0.0 	 0.08 
454 	 0.0 	 0.06 
455 	 0.0 	 18.71 
456 	 0.0 	 18.71 
457 	 0.0 	 17.39 
458 	 0.0 	 17.49 
459 	 0.0 	 15.34 
460 	 0.0 	 15.03 
462 	 0.0 	 13.06 
464 	 0.0 	 11.93 
465 	 0.0 	 10.70 
466 	 0.0 	 10.24 
467 	 0.0 	 9.78 
468 	 0.0 	 9.09 
469 	 0.0 	 9.11 
470 	 0.0 	 8.64 
471 	 0.0 	 9.34 
472 	 0.0 	 9.21 
473 	 0.0 	 9.01 
475 	 0.0 	 8.26 
476 	 0.0 	 9.38 
477 	 0.0 	 10.75 
478 	 0.0 	 12.64 
479 	 0.0 	 10.09 
480 	 0.0 	 9.25 
482 	 0.0 	 8.86 
483 	 0.0 	 9.11 
484 	 0.0 	 10.39 
485 	 0.0 	 10.69 
486 	 0.0 	 0.08 
487 	 0.0 	 0.08 
488 	 0.0 	 0.10 
489 	 0.0 	 0.07 
490 	 0.0 	 0.08 
491 	 0.0 	 0.07 
492 	 0.0 	 0.08 
493 	 0.0 	 0.08 
494 	 0.0 	 0.35 
495 	 0.0 	 16.09 
496 	 0.0 	 18.56 
497 	 0.0 	 17.11 
498 	 0.0 	 15.50 
500 	 0.0 	 14.67 
501 	 0.0 	 14.99 
503 	 0.0 	 14.01 
504 	 0.0 	 13.24 
505 	 0.0 	 11.09 
507 	 0.0 	 10.44 
508 	 0.0 	 8.81 
509 	 0.0 	 9.54 
510 	 0.0 	 9.01 
511 	 0.0 	 7.41 
512 	 0.0 	 8.71 
513 	 0.0 	 7.75 
514 	 0.0 	 6.71 
515 	 0.0 	 8.61 
516 	 0.0 	 9.18 
517 	 0.0 	 9.82 
518 	 0.0 	 11.71 
519 	 0.0 	 11.49 
520 	 0.0 	 12.91 
521 	 0.0 	 12.78 
522 	 0.0 	 13.51 
523 	 0.0 	 12.22 
524 	 0.0 	 13.30 
525 	 0.0 	 13.90 
526 	 0.0 	 11.94 
527 	 0.0 	 12.56 
528 	 0.0 	 13.59 
529 	 0.0 	 12.56 
530 	 0.0 	 13.15 
531 	 0.0 	 0.07 
532 	 0.0 	 0.08 
533 	 0.0 	 0.06 
534 	 0.0 	 0.05 
535 	 0.0 	 0.06 
536 	 0.0 	 0.08 
537 	 0.0 	 0.08 
538 	 0.0 	 0.06 
539 	 0.0 	 0.07 
540 	 0.0 	 0.05 
541 	 0.0 	 0.07 
542 	 0.0 	 0.08 
543 	 0.0 	 14.47 
544 	 0.0 	 19.72 
545 	 0.0 	 17.42 
546 	 0.0 	 16.22 
547 	 0.0 	 15.93 
548 	 0.0 	 13.84 
550 	 0.0 	 13.83 
551 	 0.0 	 15.48 
552 	 0.0 	 14.51 
553 	 0.0 	 13.92 
554 	 0.0 	 15.25 
555 	 0.0 	 13.90 
557 	 0.0 	 12.01 
558 	 0.0 	 15.42 
559 	 0.0 	 12.75 
560 	 0.0 	 12.68 
561 	 0.0 	 0.09 
562 	 0.0 	 0.09 
563 	 0.0 	 0.09 
564 	 0.0 	 0.07 
565 	 0.0 	 0.08 
566 	 0.0 	 0.09 
568 	 0.0 	 0.08 
569 	 0.0 	 0.07 
570 	 0.0 	 0.07 
571 	 0.0 	 0.07 
572 	 0.0 	 0.08 
573 	 0.0 	 0.09 
574 	 0.0 	 0.08 
575 	 0.0 	 0.09 
576 	 0.0 	 0.10 
577 	 0.0 	 0.07 
578 	 0.0 	 0.05 
579 	 0.0 	 0.04 
580 	 0.0 	 0.07 
581 	 0.0 	 0.10 
582 	 0.0 	 0.22 
583 	 0.0 	 22.28 
584 	 0.0 	 18.74 
585 	 0.0 	 15.72 
586 	 0.0 	 16.91 
587 	 0.0 	 17.06 
588 	 0.0 	 16.57 
589 	 0.0 	 16.43 
590 	 0.0 	 14.16 
591 	 0.0 	 15.10 
592 	 0.0 	 14.94 
593 	 0.0 	 14.59 
594 	 0.0 	 14.73 
595 	 0.0 	 14.39 
596 	 0.0 	 12.38 
597 	 0.0 	 13.81 
598 	 0.0 	 13.69 
599 	 0.0 	 13.44 
600 	 0.0 	 14.20 
601 	 0.0 	 12.48 
602 	 0.0 	 14.28 
603 	 0.0 	 13.17 
604 	 0.0 	 11.71 
605 	 0.0 	 12.19 
606 	 0.0 	 12.81 
607 	 0.0 	 12.06 
608 	 0.0 	 12.60 
609 	 0.0 	 12.35 
610 	 0.0 	 12.62 
611 	 0.0 	 13.64 
613 	 0.0 	 0.06 
614 	 0.0 	 0.06 
615 	 0.0 	 16.73 
616 	 0.0 	 16.92 
618 	 0.0 	 16.19 
620 	 0.0 	 14.59 
621 	 0.0 	 16.41 
622 	 0.0 	 14.37 
623 	 0.0 	 0.05 
624 	 0.0 	 17.02 
626 	 0.0 	 15.18 
627 	 0.0 	 14.27 
628 	 0.0 	 13.52 
629 	 0.0 	 15.37 
630 	 0.0 	 14.53 
631 	 0.0 	 16.58 
632 	 0.0 	 15.85 
634 	 0.0 	 15.96 
635 	 0.0 	 15.95 
636 	 0.0 	 16.02 
637 	 0.0 	 15.63 
638 	 0.0 	 17.83 
639 	 0.0 	 17.06 
640 	 0.0 	 14.34 
641 	 0.0 	 15.80 
642 	 0.0 	 15.43 
643 	 0.0 	 15.85 
644 	 0.0 	 16.59 
645 	 0.0 	 15.90 
646 	 0.0 	 17.02 
648 	 0.0 	 15.63 
649 	 0.0 	 16.17 
650 	 0.0 	 15.97 
651 	 0.0 	 15.16 
652 	 0.0 	 13.99 
653 	 0.0 	 15.47 
654 	 0.0 	 14.86 
655 	 0.0 	 16.08 
656 	 0.0 	 16.20 
657 	 0.0 	 14.74 
658 	 0.0 	 13.99 
659 	 0.0 	 13.69 
660 	 0.0 	 15.28 
661 	 0.0 	 14.62 
662 	 0.0 	 13.97 
663 	 0.0 	 14.19 
664 	 0.0 	 0.09 
665 	 0.0 	 0.08 
666 	 0.0 	 0.08 
667 	 0.0 	 0.09 
668 	 0.0 	 0.06 
669 	 0.0 	 0.09 
670 	 0.0 	 0.07 
671 	 0.0 	 0.07 
672 	 0.0 	 0.09 
673 	 0.0 	 0.08 
674 	 0.0 	 0.08 
675 	 0.0 	 0.04 
676 	 0.0 	 0.07 
677 	 0.0 	 0.05 
679 	 0.0 	 17.11 
680 	 0.0 	 15.97 
681 	 0.0 	 16.05 
682 	 0.0 	 15.93 
684 	 0.0 	 14.64 
685 	 0.0 	 14.58 
686 	 0.0 	 17.73 
687 	 0.0 	 14.60 
688 	 0.0 	 14.97 
689 	 0.0 	 15.62 
690 	 0.0 	 13.89 
691 	 0.0 	 14.52 
692 	 0.0 	 14.97 
693 	 0.0 	 14.23 
696 	 0.0 	 13.14 
697 	 0.0 	 0.07 
698 	 0.0 	 14.62 
699 	 0.0 	 15.06 
700 	 0.0 	 14.42 
701 	 0.0 	 15.89 
702 	 0.0 	 14.74 
703 	 0.0 	 16.44 
704 	 0.0 	 15.98 
705 	 0.0 	 15.79 
706 	 0.0 	 17.10 
707 	 0.0 	 15.11 
708 	 0.0 	 14.82 
709 	 0.0 	 14.63 
710 	 0.0 	 15.08 
711 	 0.0 	 16.78 
713 	 0.0 	 17.35 
715 	 0.0 	 14.61 
716 	 0.0 	 14.54 
717 	 0.0 	 14.88 
718 	 0.0 	 16.64 
719 	 0.0 	 13.33 
720 	 0.0 	 14.46 
721 	 0.0 	 14.71 
722 	 0.0 	 0.08 
723 	 0.0 	 0.05 
724 	 0.0 	 0.07 
725 	 0.0 	 13.45 
726 	 0.0 	 15.50 
727 	 0.0 	 12.76 
728 	 0.0 	 7.31 
729 	 0.0 	 3.81 
730 	 0.0 	 2.98 
732 	 0.0 	 0.83 
733 	 0.0 	 0.46 
734 	 0.0 	 0.37 
735 	 0.0 	 0.43 
736 	 0.0 	 0.40 
737 	 0.0 	 0.32 
738 	 0.0 	 0.37 
739 	 0.0 	 0.28 
740 	 0.0 	 0.30 
741 	 0.0 	 0.69 
742 	 0.0 	 1.06 
743 	 0.0 	 1.04 
744 	 0.0 	 0.07 
746 	 0.0 	 0.10 
747 	 0.0 	 0.07 
750 	 0.0 	 9.39 
751 	 0.0 	 5.57 
752 	 0.0 	 3.45 
753 	 0.0 	 2.79 
754 	 0.0 	 1.61 
755 	 0.0 	 0.94 
756 	 0.0 	 0.08 
757 	 0.0 	 0.08 
758 	 0.0 	 0.07 
759 	 0.0 	 0.05 
760 	 0.0 	 0.09 
761 	 0.0 	 0.08 
762 	 0.0 	 0.33 
763 	 0.0 	 18.76 
764 	 0.0 	 13.41 
765 	 0.0 	 8.08 
766 	 0.0 	 4.14 
767 	 0.0 	 2.61 
768 	 0.0 	 1.36 
769 	 0.0 	 0.35 
770 	 0.0 	 0.46 
771 	 0.0 	 0.05 
772 	 0.0 	 0.08 
773 	 0.0 	 0.07 
774 	 0.0 	 0.43 
775 	 0.0 	 12.29 
776 	 0.0 	 0.08 
777 	 0.0 	 0.21 
778 	 0.0 	 15.78 
779 	 0.0 	 12.74 
780 	 0.0 	 0.09 
781 	 0.0 	 0.08 
782 	 0.0 	 0.09 
783 	 0.0 	 0.06 
784 	 0.0 	 0.08 
785 	 0.0 	 0.08 
786 	 0.0 	 14.03 
787 	 0.0 	 16.25 
788 	 0.0 	 17.22 
789 	 0.0 	 14.02 
790 	 0.0 	 13.46 
791 	 0.0 	 11.98 
792 	 0.0 	 0.09 
794 	 0.0 	 0.07 
795 	 0.0 	 12.90 
796 	 0.0 	 0.07 
797 	 0.0 	 0.09 
798 	 0.0 	 0.08 
799 	 0.0 	 20.26 
800 	 0.0 	 18.41 
801 	 0.0 	 17.02 
802 	 0.0 	 13.86 
803 	 0.0 	 13.48 
804 	 0.0 	 13.67 
805 	 0.0 	 11.23 
806 	 0.0 	 11.88 
807 	 0.0 	 10.18 
808 	 0.0 	 9.49 
809 	 0.0 	 8.52 
810 	 0.0 	 6.99 
811 	 0.0 	 6.02 
812 	 0.0 	 5.19 
813 	 0.0 	 4.01 
814 	 0.0 	 3.79 
816 	 0.0 	 5.16 
817 	 0.0 	 5.97 
818 	 0.0 	 6.49 
820 	 0.0 	 6.64 
821 	 0.0 	 6.48 
822 	 0.0 	 6.72 
823 	 0.0 	 6.80 
824 	 0.0 	 7.47 
825 	 0.0 	 7.86 
826 	 0.0 	 8.08 
827 	 0.0 	 6.96 
828 	 0.0 	 5.55 
830 	 0.0 	 3.97 
831 	 0.0 	 1.77 
832 	 0.0 	 0.69 
833 	 0.0 	 0.39 
834 	 0.0 	 0.51 
835 	 0.0 	 0.07 
836 	 0.0 	 0.07 
837 	 0.0 	 0.10 
838 	 0.0 	 0.56 
839 	 0.0 	 13.77 
840 	 0.0 	 0.10 
842 	 0.0 	 0.69 
843 	 0.0 	 16.99 
844 	 0.0 	 16.24 
845 	 0.0 	 15.56 
846 	 0.0 	 14.80 
847 	 0.0 	 11.15 
848 	 0.0 	 8.54 
849 	 0.0 	 0.06 
850 	 0.0 	 0.07 
852 	 0.0 	 0.09 
853 	 0.0 	 0.07 
854 	 0.0 	 0.22 
855 	 0.0 	 19.89 
856 	 0.0 	 19.25 
857 	 0.0 	 17.42 
858 	 0.0 	 17.02 
859 	 0.0 	 0.10 
860 	 0.0 	 0.07 
861 	 0.0 	 0.09 
864 	 0.0 	 15.26 
865 	 0.0 	 16.84 
866 	 0.0 	 13.97 
867 	 0.0 	 13.81 
868 	 0.0 	 0.64 
869 	 0.0 	 0.09 
870 	 0.0 	 0.08 
871 	 0.0 	 7.97 
872 	 0.0 	 16.77 
873 	 0.0 	 15.76 
874 	 0.0 	 0.06 
875 	 0.0 	 0.20 
876 	 0.0 	 19.45 
877 	 0.0 	 15.67 
878 	 0.0 	 14.61 
879 	 0.0 	 12.87 
880 	 0.0 	 11.01 
881 	 0.0 	 9.76 
882 	 0.0 	 8.98 
883 	 0.0 	 8.48 
884 	 0.0 	 9.52 
886 	 0.0 	 10.26 
887 	 0.0 	 9.22 
888 	 0.0 	 10.18 
889 	 0.0 	 8.84 
890 	 0.0 	 9.63 
891 	 0.0 	 9.09 
892 	 0.0 	 8.16 
893 	 0.0 	 7.79 
895 	 0.0 	 0.07 
896 	 0.0 	 0.11 
897 	 0.0 	 0.08 
899 	 0.0 	 17.15 
901 	 0.0 	 11.42 
902 	 0.0 	 8.90 
903 	 0.0 	 12.83 
904 	 0.0 	 11.27 
905 	 0.0 	 11.94 
906 	 0.0 	 9.21 
907 	 0.0 	 7.82 
908 	 0.0 	 6.27 
909 	 0.0 	 5.68 
910 	 0.0 	 4.72 
911 	 0.0 	 4.26 
912 	 0.0 	 3.40 
913 	 0.0 	 3.09 
914 	 0.0 	 2.56 
915 	 0.0 	 3.48 
916 	 0.0 	 3.75 
917 	 0.0 	 4.23 
918 	 0.0 	 4.81 
919 	 0.0 	 6.00 
920 	 0.0 	 5.41 
921 	 0.0 	 6.05 
922 	 0.0 	 5.88 
923 	 0.0 	 6.67 
925 	 0.0 	 5.81 
926 	 0.0 	 6.76 
929 	 0.0 	 5.95 
930 	 0.0 	 5.72 
931 	 0.0 	 5.39 
932 	 0.0 	 5.31 
933 	 0.0 	 3.87 
934 	 0.0 	 3.87 
935 	 0.0 	 3.09 
936 	 0.0 	 3.09 
937 	 0.0 	 1.21 
938 	 0.0 	 1.01 
939 	 0.0 	 0.33 
940 	 0.0 	 0.33 
941 	 0.0 	 0.35 
942 	 0.0 	 0.31 
945 	 0.0 	 0.39 
946 	 0.0 	 0.46 
947 	 0.0 	 0.30 
948 	 0.0 	 1.01 
949 	 0.0 	 2.72 
950 	 0.0 	 3.23 
952 	 0.0 	 4.69 
953 	 0.0 	 4.44 
954 	 0.0 	 1.41 
955 	 0.0 	 0.08 
958 	 0.0 	 0.11 
959 	 0.0 	 0.07 
960 	 0.0 	 0.10 
961 	 0.0 	 0.09 
962 	 0.0 	 0.07 
964 	 0.0 	 9.52 
965 	 0.0 	 0.08 
966 	 0.0 	 0.10 
967 	 0.0 	 0.07 
968 	 0.0 	 0.08 
969 	 0.0 	 0.08 
970 	 0.0 	 0.05 
971 	 0.0 	 0.08 
972 	 0.0 	 6.37 
973 	 0.0 	 16.98 
974 	 0.0 	 13.66 
975 	 0.0 	 8.78 
976 	 0.0 	 5.50 
977 	 0.0 	 3.59 
979 	 0.0 	 4.25 
980 	 0.0 	 5.07 
981 	 0.0 	 3.99 
982 	 0.0 	 5.01 
983 	 0.0 	 4.85 
984 	 0.0 	 6.19 
985 	 0.0 	 6.18 
986 	 0.0 	 7.70 
987 	 0.0 	 6.60 
988 	 0.0 	 8.08 
989 	 0.0 	 8.55 
990 	 0.0 	 0.05 
991 	 0.0 	 0.07 
992 	 0.0 	 0.08 
993 	 0.0 	 0.08 
994 	 0.0 	 0.06 
995 	 0.0 	 19.95 
996 	 0.0 	 14.51 
997 	 0.0 	 13.29 
998 	 0.0 	 14.98 
1000 	 0.0 	 11.29 
1001 	 0.0 	 0.08 
1003 	 0.0 	 0.05 
1004 	 0.0 	 0.09 
1005 	 0.0 	 0.08 
1006 	 0.0 	 0.09 
1007 	 0.0 	 0.06 
1008 	 0.0 	 0.10 
1009 	 0.0 	 0.08 
1010 	 0.0 	 0.45 
1011 	 0.0 	 15.80 
1012 	 0.0 	 13.15 
1013 	 0.0 	 0.09 
1014 	 0.0 	 0.07 
1015 	 0.0 	 0.10 
1016 	 0.0 	 0.08 
1017 	 0.0 	 0.06 
1018 	 0.0 	 0.07 
1019 	 0.0 	 0.07 
1020 	 0.0 	 0.04 
1021 	 0.0 	 0.09 
1022 	 0.0 	 0.06 
1023 	 0.0 	 0.08 
1024 	 0.0 	 0.08 
1025 	 0.0 	 0.10 
1026 	 0.0 	 0.07 
1027 	 0.0 	 0.09 
1028 	 0.0 	 0.07 
1029 	 0.0 	 0.09 
1030 	 0.0 	 0.08 
1031 	 0.0 	 0.10 
1032 	 0.0 	 0.10 
1033 	 0.0 	 0.07 
1034 	 0.0 	 0.07 
1036 	 0.0 	 0.07 
1037 	 0.0 	 16.21 
1038 	 0.0 	 14.69 
1039 	 0.0 	 14.57 
1040 	 0.0 	 13.24 
1041 	 0.0 	 0.09 
1042 	 0.0 	 0.06 
1043 	 0.0 	 0.07 
1044 	 0.0 	 0.08 
1045 	 0.0 	 6.87 
1046 	 0.0 	 15.37 
1047 	 0.0 	 13.80 
1048 	 0.0 	 10.56 
1049 	 0.0 	 11.82 
1050 	 0.0 	 8.92 
1051 	 0.0 	 0.09 
1052 	 0.0 	 0.05 
1053 	 0.0 	 0.09 
1054 	 0.0 	 0.07 
1055 	 0.0 	 0.50 
1057 	 0.0 	 14.74 
1059 	 0.0 	 10.82 
1060 	 0.0 	 0.08 
1061 	 0.0 	 0.09 
1062 	 0.0 	 0.07 
1063 	 0.0 	 17.72 
1065 	 0.0 	 13.37 
1066 	 0.0 	 14.00 
1067 	 0.0 	 12.94 
1068 	 0.0 	 11.21 
1069 	 0.0 	 10.05 
1070 	 0.0 	 10.24 
1071 	 0.0 	 0.10 
1072 	 0.0 	 0.07 
1073 	 0.0 	 0.05 
1074 	 0.0 	 16.63 
1075 	 0.0 	 0.07 
1076 	 0.0 	 20.81 
1077 	 0.0 	 16.75 
1078 	 0.0 	 15.33 
1080 	 0.0 	 13.56 
1081 	 0.0 	 13.18 
1082 	 0.0 	 12.64 
1083 	 0.0 	 11.69 
1084 	 0.0 	 10.02 
1085 	 0.0 	 10.70 
1086 	 0.0 	 10.51 
1087 	 0.0 	 0.09 
1088 	 0.0 	 0.08 
1089 	 0.0 	 15.33 
1090 	 0.0 	 16.10 
1092 	 0.0 	 0.58 
1093 	 0.0 	 18.12 
1094 	 0.0 	 0.09 
1097 	 0.0 	 18.00 
1098 	 0.0 	 17.03 
1099 	 0.0 	 16.12 
1100 	 0.0 	 0.09 
1103 	 0.0 	 13.96 
1104 	 0.0 	 13.55 
1105 	 0.0 	 13.51 
1106 	 0.0 	 13.35 
1107 	 0.0 	 11.72 
1108 	 0.0 	 11.84 
1109 	 0.0 	 14.47 
1110 	 0.0 	 13.06 
1111 	 0.0 	 12.26 
1112 	 0.0 	 11.64 
1113 	 0.0 	 12.58 
1114 	 0.0 	 11.57 
1115 	 0.0 	 13.61 
1116 	 0.0 	 13.45 
1117 	 0.0 	 14.04 
1118 	 0.0 	 12.45 
1119 	 0.0 	 11.27 
1120 	 0.0 	 13.81 
1121 	 0.0 	 12.46 
1122 	 0.0 	 12.10 
1123 	 0.0 	 11.86 
1124 	 0.0 	 12.70 
1126 	 0.0 	 12.17 
1127 	 0.0 	 11.71 
1128 	 0.0 	 0.05 
1129 	 0.0 	 0.06 
1130 	 0.0 	 12.72 
1131 	 0.0 	 19.86 
1132 	 0.0 	 17.87 
1133 	 0.0 	 17.69 
1134 	 0.0 	 15.79 
1135 	 0.0 	 15.81 
1136 	 0.0 	 15.88 
1137 	 0.0 	 14.01 
1138 	 0.0 	 15.21 
1140 	 0.0 	 15.44 
1141 	 0.0 	 13.30 
1142 	 0.0 	 13.55 
1143 	 0.0 	 0.09 
1144 	 0.0 	 0.20 
1146 	 0.0 	 18.39 
1147 	 0.0 	 17.50 
1148 	 0.0 	 0.08 
1149 	 0.0 	 8.27 
1150 	 0.0 	 0.07 
1151 	 0.0 	 0.06 
1152 	 0.0 	 19.23 
1153 	 0.0 	 20.08 
1154 	 0.0 	 18.65 
1155 	 0.0 	 0.08 
1156 	 0.0 	 0.09 
1157 	 0.0 	 0.07 
1158 	 0.0 	 0.08 
1159 	 0.0 	 0.07 
1160 	 0.0 	 0.08 
1161 	 0.0 	 17.91 
1162 	 0.0 	 13.84 
1163 	 0.0 	 16.21 
1164 	 0.0 	 17.17 
1165 	 0.0 	 0.10 
1166 	 0.0 	 2.81 
1167 	 0.0 	 16.44 
1168 	 0.0 	 16.04 
1169 	 0.0 	 15.95 
1170 	 0.0 	 15.36 
1171 	 0.0 	 14.08 
1172 	 0.0 	 14.80 
1173 	 0.0 	 14.54 
1174 	 0.0 	 13.89 
1175 	 0.0 	 12.76 
1176 	 0.0 	 14.03 
1177 	 0.0 	 11.98 
1178 	 0.0 	 13.73 
1179 	 0.0 	 13.06 
1180 	 0.0 	 13.76 
1181 	 0.0 	 13.91 
1182 	 0.0 	 11.37 
1183 	 0.0 	 13.26 
1184 	 0.0 	 14.27 
1185 	 0.0 	 13.61 
1186 	 0.0 	 12.92 
1187 	 0.0 	 14.24 
1188 	 0.0 	 11.64 
1189 	 0.0 	 11.98 
1190 	 0.0 	 12.37 
1192 	 0.0 	 11.63 
1193 	 0.0 	 12.67 
1194 	 0.0 	 10.20 
1195 	 0.0 	 11.88 
1196 	 0.0 	 10.85 
1197 	 0.0 	 9.45 
1198 	 0.0 	 8.07 
1199 	 0.0 	 8.41 
1200 	 0.0 	 8.05 
1202 	 0.0 	 8.60 
1203 	 0.0 	 9.14 
1204 	 0.0 	 10.38 
1205 	 0.0 	 12.03 
1206 	 0.0 	 13.72 
1207 	 0.0 	 14.60 
1208 	 0.0 	 14.99 
1209 	 0.0 	 16.57 
1210 	 0.0 	 15.76 
1211 	 0.0 	 16.72 
1212 	 0.0 	 17.37 
1213 	 0.0 	 15.52 
1214 	 0.0 	 19.39 
1215 	 0.0 	 17.23 
1216 	 0.0 	 15.22 
1217 	 0.0 	 16.53 
1218 	 0.0 	 17.33 
1219 	 0.0 	 17.39 
1220 	 0.0 	 18.44 
1221 	 0.0 	 0.09 
1222 	 0.0 	 0.10 
1223 	 0.0 	 0.06 
1224 	 0.0 	 0.03 
1225 	 0.0 	 0.06 
1226 	 0.0 	 0.09 
1227 	 0.0 	 0.09 
1228 	 0.0 	 0.08 
1229 	 0.0 	 0.05 
1230 	 0.0 	 0.09 
1231 	 0.0 	 0.08 
1232 	 0.0 	 0.07 
1233 	 0.0 	 0.06 
1234 	 0.0 	 0.07 
1235 	 0.0 	 0.07 
1237 	 0.0 	 18.30 
1238 	 0.0 	 17.76 
1239 	 0.0 	 17.01 
1240 	 0.0 	 16.92 
1241 	 0.0 	 15.33 
1242 	 0.0 	 14.27 
1243 	 0.0 	 15.25 
1244 	 0.0 	 16.40 
1245 	 0.0 	 16.90 
1246 	 0.0 	 19.19 
1247 	 0.0 	 17.88 
1248 	 0.0 	 18.38 
1249 	 0.0 	 21.54 
1250 	 0.0 	 19.37 
1251 	 0.0 	 17.90 
1252 	 0.0 	 14.75 
1253 	 0.0 	 15.14 
1254 	 0.0 	 14.74 
1255 	 0.0 	 16.11 
1256 	 0.0 	 14.13 
1257 	 0.0 	 14.72 
1258 	 0.0 	 16.19 
1259 	 0.0 	 16.41 
1260 	 0.0 	 15.49 
1262 	 0.0 	 16.84 
1263 	 0.0 	 14.35 
1264 	 0.0 	 17.77 
1265 	 0.0 	 16.16 
1266 	 0.0 	 17.36 
1267 	 0.0 	 16.66 
1268 	 0.0 	 15.18 
1271 	 0.0 	 14.15 
1272 	 0.0 	 12.68 
1273 	 0.0 	 13.72 
1274 	 0.0 	 11.86 
1275 	 0.0 	 11.61 
1276 	 0.0 	 11.99 
1277 	 0.0 	 12.86 
1278 	 0.0 	 15.73 
1279 	 0.0 	 15.87 
1280 	 0.0 	 18.84 
1281 	 0.0 	 16.99 
1282 	 0.0 	 18.51 
1283 	 0.0 	 15.64 
1284 	 0.0 	 20.96 
1285 	 0.0 	 16.58 
1286 	 0.0 	 13.24 
1287 	 0.0 	 17.16 
1288 	 0.0 	 15.11 
1289 	 0.0 	 19.63 
1290 	 0.0 	 19.15 
1291 	 0.0 	 17.00 
1292 	 0.0 	 16.55 
1293 	 0.0 	 13.18 
1294 	 0.0 	 20.59 
1295 	 0.0 	 17.67 
1296 	 0.0 	 20.90 
1298 	 0.0 	 16.38 
1299 	 0.0 	 17.29 
1300 	 0.0 	 13.12 
1301 	 0.0 	 14.64 
1302 	 0.0 	 15.98 
1303 	 0.0 	 18.20 
1304 	 0.0 	 13.10 
1305 	 0.0 	 14.90 
1306 	 0.0 	 15.36 
1307 	 0.0 	 14.47 
1308 	 0.0 	 15.90 
1310 	 0.0 	 17.33 
1311 	 0.0 	 12.85 
1312 	 0.0 	 22.78 
1313 	 0.0 	 18.02 
1314 	 0.0 	 14.12 
1315 	 0.0 	 20.08 
1316 	 0.0 	 16.14 
1317 	 0.0 	 17.35 
1318 	 0.0 	 15.16 
1319 	 0.0 	 16.61 
1320 	 0.0 	 18.20 
1321 	 0.0 	 13.92 
1322 	 0.0 	 17.12 
1323 	 0.0 	 16.33 
1324 	 0.0 	 15.68 
1325 	 0.0 	 15.64 
1326 	 0.0 	 16.67 
1328 	 0.0 	 14.21 
1329 	 0.0 	 16.35 
1330 	 0.0 	 14.89 
1331 	 0.0 	 14.30 
1333 	 0.0 	 15.40 
1335 	 0.0 	 17.25 
1336 	 0.0 	 16.72 
1337 	 0.0 	 15.93 
1338 	 0.0 	 16.10 
1339 	 0.0 	 15.95 
1340 	 0.0 	 16.30 
1341 	 0.0 	 16.49 
1342 	 0.0 	 16.21 
1343 	 0.0 	 14.77 
1344 	 0.0 	 14.07 
1345 	 0.0 	 17.15 
1346 	 0.0 	 19.22 
1347 	 0.0 	 16.49 
1348 	 0.0 	 16.59 
1349 	 0.0 	 15.77 
1350 	 0.0 	 17.88 
1351 	 0.0 	 13.32 
1352 	 0.0 	 19.12 
1353 	 0.0 	 12.38 
1354 	 0.0 	 13.93 
1355 	 0.0 	 16.96 
1356 	 0.0 	 17.60 
1357 	 0.0 	 13.42 
1358 	 0.0 	 13.88 
1359 	 0.0 	 14.22 
1360 	 0.0 	 15.54 
1361 	 0.0 	 14.42 
1362 	 0.0 	 14.65 
1363 	 0.0 	 16.28 
1364 	 0.0 	 15.54 
1365 	 0.0 	 17.51 
1366 	 0.0 	 12.62 
1367 	 0.0 	 14.01 
1368 	 0.0 	 15.83 
1369 	 0.0 	 18.73 
1370 	 0.0 	 15.27 
1371 	 0.0 	 15.28 
1373 	 0.0 	 18.42 
1374 	 0.0 	 14.64 
1376 	 0.0 	 14.12 
1378 	 0.0 	 20.20 
1379 	 0.0 	 16.21 
1380 	 0.0 	 17.03 
1381 	 0.0 	 16.80 
1382 	 0.0 	 14.01 
1383 	 0.0 	 14.25 
1384 	 0.0 	 14.08 
1385 	 0.0 	 15.88 
1386 	 0.0 	 17.37 
1387 	 0.0 	 14.87 
1388 	 0.0 	 15.05 
1389 	 0.0 	 15.24 
1390 	 0.0 	 16.33 
1391 	 0.0 	 14.68 
1393 	 0.0 	 13.16 
1394 	 0.0 	 15.85 
1395 	 0.0 	 14.41 
1396 	 0.0 	 16.08 
1397 	 0.0 	 16.28 
1398 	 0.0 	 13.62 
1399 	 0.0 	 14.19 
1400 	 0.0 	 16.44 
1401 	 0.0 	 14.83 
1402 	 0.0 	 10.27 
1403 	 0.0 	 13.98 
1404 	 0.0 	 15.25 
1405 	 0.0 	 13.37 
1406 	 0.0 	 14.60 
1407 	 0.0 	 10.91 
1408 	 0.0 	 14.97 
1409 	 0.0 	 11.77 
1410 	 0.0 	 15.27 
1411 	 0.0 	 15.19 
1412 	 0.0 	 12.23 
1413 	 0.0 	 8.11 
1414 	 0.0 	 8.77 
1415 	 0.0 	 13.24 
1416 	 0.0 	 21.15 
1417 	 0.0 	 14.58 
1418 	 0.0 	 13.63 
1419 	 0.0 	 16.10 
1420 	 0.0 	 14.92 
1421 	 0.0 	 16.01 
1422 	 0.0 	 13.39 
1423 	 0.0 	 11.65 
1424 	 0.0 	 12.01 
1426 	 0.0 	 13.09 
1427 	 0.0 	 12.84 
1428 	 0.0 	 11.08 
1429 	 0.0 	 11.45 
1430 	 0.0 	 14.68 
1431 	 0.0 	 11.29 
1432 	 0.0 	 13.50 
1433 	 0.0 	 12.19 
1435 	 0.0 	 11.79 
1436 	 0.0 	 9.02 
1438 	 0.0 	 10.51 
1439 	 0.0 	 12.12 
1440 	 0.0 	 11.21 
1441 	 0.0 	 10.65 
1442 	 0.0 	 10.67 
1443 	 0.0 	 13.99 
1444 	 0.0 	 11.22 
1445 	 0.0 	 4.09 
1446 	 0.0 	 10.47 
1447 	 0.0 	 11.07 
1448 	 0.0 	 9.26 
1449 	 0.0 	 9.40 
1450 	 0.0 	 1.94 
1452 	 0.0 	 8.81 
1453 	 0.0 	 9.28 
1454 	 0.0 	 11.84 
1455 	 0.0 	 5.07 
1456 	 0.0 	 12.11 
1457 	 0.0 	 11.57 
1458 	 0.0 	 10.72 
1459 	 0.0 	 9.75 
1460 	 0.0 	 10.16 
1461 	 0.0 	 13.69 
1462 	 0.0 	 11.06 
1463 	 0.0 	 11.30 
1464 	 0.0 	 9.64 
1466 	 0.0 	 8.37 
1467 	 0.0 	 8.79 
1468 	 0.0 	 8.42 
1469 	 0.0 	 1.67 
1470 	 0.0 	 8.64 
1471 	 0.0 	 9.74 
1472 	 0.0 	 7.48 
1473 	 0.0 	 8.13 
1474 	 0.0 	 12.79 
1475 	 0.0 	 9.34 
1476 	 0.0 	 8.69 
1477 	 0.0 	 10.76 
1478 	 0.0 	 9.49 
1479 	 0.0 	 9.35 
1480 	 0.0 	 8.56 
1481 	 0.0 	 7.07 
1482 	 0.0 	 7.11 
1483 	 0.0 	 7.51 
1484 	 0.0 	 9.75 
1485 	 0.0 	 10.70 
1486 	 0.0 	 8.38 
1487 	 0.0 	 7.71 
1488 	 0.0 	 8.89 
1490 	 0.0 	 7.27 
1491 	 0.0 	 7.59 
1492 	 0.0 	 6.06 
1493 	 0.0 	 7.71 
1494 	 0.0 	 6.66 
1495 	 0.0 	 7.94 
1496 	 0.0 	 6.32 
1497 	 0.0 	 7.62 
1498 	 0.0 	 6.15 
1499 	 0.0 	 7.82 
1500 	 0.0 	 5.37 
1501 	 0.0 	 6.54 
1502 	 0.0 	 5.03 
1503 	 0.0 	 5.55 
1504 	 0.0 	 6.13 
1505 	 0.0 	 5.93 
1506 	 0.0 	 4.68 
1508 	 0.0 	 3.93 
1509 	 0.0 	 3.78 
1510 	 0.0 	 3.26 
1511 	 0.0 	 3.57 
1512 	 0.0 	 4.03 
1513 	 0.0 	 3.98 
1514 	 0.0 	 6.09 
1515 	 0.0 	 5.50 
1516 	 0.0 	 5.19 
1517 	 0.0 	 6.75 
1518 	 0.0 	 7.19 
1519 	 0.0 	 7.89 
1520 	 0.0 	 7.22 
1521 	 0.0 	 6.32 
1522 	 0.0 	 5.91 
1523 	 0.0 	 7.26 
1524 	 0.0 	 6.34 
1525 	 0.0 	 6.13 
1526 	 0.0 	 6.75 
1527 	 0.0 	 7.87 
1528 	 0.0 	 5.28 
1529 	 0.0 	 6.14 
1530 	 0.0 	 6.61 
1531 	 0.0 	 9.97 
1532 	 0.0 	 11.45 
1534 	 0.0 	 10.74 
1536 	 0.0 	 1.50 
1537 	 0.0 	 12.41 
1538 	 0.0 	 0.00 
1539 	 0.0 	 0.00 
1540 	 0.0 	 0.00 
1541 	 0.0 	 0.00 
1542 	 0.0 	 10.39 
1543 	 0.0 	 5.26 
1544 	 0.0 	 0.00 
1545 	 0.0 	 7.92 
1547 	 0.0 	 1.21 
1549 	 0.0 	 7.42 
1550 	 0.0 	 6.26 
