1 	 0.0 	 0.00 
2 	 0.0 	 0.00 
3 	 0.0 	 0.00 
4 	 0.0 	 0.00 
5 	 0.0 	 0.00 
6 	 0.0 	 0.00 
7 	 0.0 	 0.00 
8 	 0.0 	 0.00 
9 	 0.0 	 0.00 
10 	 0.0 	 0.00 
11 	 0.0 	 0.00 
12 	 0.0 	 0.00 
13 	 0.0 	 0.00 
14 	 0.0 	 0.00 
15 	 0.0 	 0.00 
16 	 0.0 	 0.00 
17 	 0.0 	 0.00 
18 	 0.0 	 0.75 
19 	 0.0 	 0.11 
20 	 0.0 	 0.17 
21 	 0.0 	 0.07 
22 	 0.0 	 0.14 
23 	 0.0 	 0.14 
24 	 0.0 	 0.12 
25 	 0.0 	 0.13 
26 	 0.0 	 0.14 
27 	 0.0 	 0.16 
28 	 0.0 	 0.19 
29 	 0.0 	 0.15 
30 	 0.0 	 0.11 
31 	 0.0 	 0.20 
32 	 0.0 	 0.11 
33 	 0.0 	 0.11 
34 	 0.0 	 0.17 
35 	 0.0 	 0.21 
36 	 0.0 	 0.13 
37 	 0.0 	 0.15 
38 	 0.0 	 0.08 
39 	 0.0 	 0.18 
40 	 0.0 	 0.09 
41 	 0.0 	 0.16 
42 	 0.0 	 0.14 
43 	 0.0 	 0.16 
44 	 0.0 	 0.16 
45 	 0.0 	 0.11 
46 	 0.0 	 0.16 
47 	 0.0 	 0.16 
48 	 0.0 	 2.22 
49 	 0.0 	 0.17 
50 	 0.0 	 0.07 
51 	 0.0 	 0.13 
52 	 0.0 	 0.17 
53 	 0.0 	 0.13 
54 	 0.0 	 0.15 
55 	 0.0 	 0.15 
56 	 0.0 	 0.21 
57 	 0.0 	 0.13 
58 	 0.0 	 0.14 
59 	 0.0 	 0.16 
60 	 0.0 	 3.37 
61 	 0.0 	 2.78 
62 	 0.0 	 3.21 
63 	 0.0 	 3.49 
64 	 0.0 	 3.67 
65 	 0.0 	 0.16 
66 	 0.0 	 0.13 
67 	 0.0 	 0.16 
68 	 0.0 	 0.16 
69 	 0.0 	 0.14 
70 	 0.0 	 0.19 
71 	 0.0 	 0.19 
72 	 0.0 	 0.17 
73 	 0.0 	 0.11 
74 	 0.0 	 0.17 
75 	 0.0 	 0.16 
76 	 0.0 	 0.17 
77 	 0.0 	 0.13 
78 	 0.0 	 0.15 
79 	 0.0 	 1.93 
80 	 0.0 	 1.15 
81 	 0.0 	 0.14 
82 	 0.0 	 0.18 
83 	 0.0 	 0.16 
84 	 0.0 	 0.12 
85 	 0.0 	 0.15 
86 	 0.0 	 0.18 
87 	 0.0 	 0.12 
88 	 0.0 	 2.00 
89 	 0.0 	 0.19 
90 	 0.0 	 2.54 
91 	 0.0 	 2.87 
92 	 0.0 	 2.96 
93 	 0.0 	 3.43 
94 	 0.0 	 3.43 
95 	 0.0 	 3.03 
96 	 0.0 	 2.88 
97 	 0.0 	 2.51 
98 	 0.0 	 1.89 
99 	 0.0 	 1.98 
100 	 0.0 	 2.02 
101 	 0.0 	 0.16 
102 	 0.0 	 0.14 
103 	 0.0 	 0.21 
104 	 0.0 	 2.02 
105 	 0.0 	 3.26 
106 	 0.0 	 3.04 
107 	 0.0 	 3.18 
108 	 0.0 	 3.00 
109 	 0.0 	 2.31 
110 	 0.0 	 1.75 
111 	 0.0 	 1.37 
112 	 0.0 	 1.11 
113 	 0.0 	 0.62 
114 	 0.0 	 0.92 
115 	 0.0 	 0.60 
116 	 0.0 	 0.24 
117 	 0.0 	 0.83 
118 	 0.0 	 1.14 
119 	 0.0 	 0.96 
120 	 0.0 	 1.02 
121 	 0.0 	 1.08 
122 	 0.0 	 1.62 
123 	 0.0 	 2.42 
124 	 0.0 	 3.38 
125 	 0.0 	 3.50 
126 	 0.0 	 3.49 
127 	 0.0 	 2.94 
128 	 0.0 	 3.58 
129 	 0.0 	 3.16 
130 	 0.0 	 2.96 
131 	 0.0 	 3.07 
132 	 0.0 	 3.48 
133 	 0.0 	 3.84 
134 	 0.0 	 3.17 
135 	 0.0 	 2.95 
136 	 0.0 	 2.62 
137 	 0.0 	 2.28 
138 	 0.0 	 1.43 
139 	 0.0 	 1.50 
140 	 0.0 	 1.61 
141 	 0.0 	 1.44 
142 	 0.0 	 1.08 
143 	 0.0 	 1.01 
144 	 0.0 	 1.21 
145 	 0.0 	 1.19 
146 	 0.0 	 0.97 
147 	 0.0 	 1.36 
148 	 0.0 	 1.13 
149 	 0.0 	 0.50 
150 	 0.0 	 0.16 
151 	 0.0 	 0.17 
152 	 0.0 	 0.20 
153 	 0.0 	 0.12 
154 	 0.0 	 0.16 
155 	 0.0 	 3.17 
156 	 0.0 	 0.15 
157 	 0.0 	 0.06 
158 	 0.0 	 0.11 
159 	 0.0 	 0.47 
160 	 0.0 	 2.72 
161 	 0.0 	 3.68 
162 	 0.0 	 2.35 
163 	 0.0 	 3.25 
164 	 0.0 	 2.05 
165 	 0.0 	 1.74 
166 	 0.0 	 1.67 
167 	 0.0 	 0.90 
168 	 0.0 	 0.14 
169 	 0.0 	 2.80 
170 	 0.0 	 2.77 
171 	 0.0 	 1.35 
172 	 0.0 	 1.18 
173 	 0.0 	 1.04 
174 	 0.0 	 0.77 
175 	 0.0 	 0.89 
176 	 0.0 	 0.69 
177 	 0.0 	 1.11 
178 	 0.0 	 0.82 
180 	 0.0 	 0.94 
181 	 0.0 	 0.97 
182 	 0.0 	 0.91 
183 	 0.0 	 0.94 
184 	 0.0 	 1.26 
185 	 0.0 	 1.18 
186 	 0.0 	 1.33 
187 	 0.0 	 1.53 
188 	 0.0 	 0.50 
189 	 0.0 	 0.64 
190 	 0.0 	 0.26 
191 	 0.0 	 0.59 
192 	 0.0 	 0.23 
193 	 0.0 	 0.23 
194 	 0.0 	 0.13 
195 	 0.0 	 0.16 
196 	 0.0 	 0.18 
197 	 0.0 	 0.19 
198 	 0.0 	 2.68 
199 	 0.0 	 2.21 
200 	 0.0 	 2.37 
201 	 0.0 	 2.96 
202 	 0.0 	 3.25 
203 	 0.0 	 3.43 
204 	 0.0 	 3.36 
205 	 0.0 	 2.69 
206 	 0.0 	 2.23 
207 	 0.0 	 2.01 
208 	 0.0 	 1.39 
210 	 0.0 	 1.65 
211 	 0.0 	 1.73 
212 	 0.0 	 1.37 
213 	 0.0 	 1.30 
214 	 0.0 	 0.19 
215 	 0.0 	 0.18 
216 	 0.0 	 0.11 
217 	 0.0 	 0.13 
218 	 0.0 	 0.15 
219 	 0.0 	 0.19 
220 	 0.0 	 0.11 
222 	 0.0 	 0.14 
223 	 0.0 	 0.11 
224 	 0.0 	 0.18 
225 	 0.0 	 0.12 
226 	 0.0 	 0.14 
227 	 0.0 	 0.10 
228 	 0.0 	 0.19 
229 	 0.0 	 0.09 
230 	 0.0 	 0.12 
231 	 0.0 	 2.25 
232 	 0.0 	 4.22 
233 	 0.0 	 2.78 
234 	 0.0 	 3.38 
235 	 0.0 	 3.25 
236 	 0.0 	 2.78 
237 	 0.0 	 2.19 
238 	 0.0 	 1.96 
239 	 0.0 	 1.79 
240 	 0.0 	 1.55 
241 	 0.0 	 1.58 
242 	 0.0 	 1.62 
243 	 0.0 	 1.71 
244 	 0.0 	 1.56 
245 	 0.0 	 1.55 
246 	 0.0 	 2.14 
247 	 0.0 	 2.39 
248 	 0.0 	 3.39 
249 	 0.0 	 3.33 
250 	 0.0 	 3.46 
251 	 0.0 	 3.20 
252 	 0.0 	 3.37 
253 	 0.0 	 3.57 
254 	 0.0 	 3.95 
255 	 0.0 	 2.69 
256 	 0.0 	 3.33 
257 	 0.0 	 2.89 
258 	 0.0 	 2.66 
259 	 0.0 	 2.27 
260 	 0.0 	 1.66 
261 	 0.0 	 1.27 
262 	 0.0 	 1.82 
263 	 0.0 	 1.37 
264 	 0.0 	 1.45 
265 	 0.0 	 0.56 
266 	 0.0 	 0.61 
267 	 0.0 	 0.63 
268 	 0.0 	 0.61 
269 	 0.0 	 0.46 
270 	 0.0 	 0.45 
271 	 0.0 	 0.52 
272 	 0.0 	 0.32 
273 	 0.0 	 0.35 
274 	 0.0 	 0.93 
275 	 0.0 	 0.69 
276 	 0.0 	 1.16 
277 	 0.0 	 1.29 
278 	 0.0 	 1.42 
279 	 0.0 	 1.27 
280 	 0.0 	 1.37 
281 	 0.0 	 1.26 
282 	 0.0 	 1.35 
283 	 0.0 	 1.48 
284 	 0.0 	 1.10 
285 	 0.0 	 0.82 
286 	 0.0 	 1.47 
287 	 0.0 	 2.30 
288 	 0.0 	 2.80 
289 	 0.0 	 3.28 
290 	 0.0 	 3.54 
291 	 0.0 	 3.11 
292 	 0.0 	 3.40 
293 	 0.0 	 3.38 
294 	 0.0 	 3.75 
295 	 0.0 	 3.21 
296 	 0.0 	 2.16 
297 	 0.0 	 3.21 
298 	 0.0 	 3.13 
299 	 0.0 	 2.98 
300 	 0.0 	 2.68 
301 	 0.0 	 3.06 
302 	 0.0 	 3.26 
303 	 0.0 	 2.31 
304 	 0.0 	 1.85 
305 	 0.0 	 1.90 
306 	 0.0 	 1.92 
307 	 0.0 	 1.38 
308 	 0.0 	 1.04 
309 	 0.0 	 1.22 
310 	 0.0 	 1.10 
311 	 0.0 	 0.67 
312 	 0.0 	 0.82 
313 	 0.0 	 1.29 
314 	 0.0 	 1.39 
315 	 0.0 	 1.96 
316 	 0.0 	 2.71 
317 	 0.0 	 2.85 
318 	 0.0 	 2.56 
319 	 0.0 	 2.29 
320 	 0.0 	 1.80 
321 	 0.0 	 1.85 
322 	 0.0 	 1.28 
323 	 0.0 	 1.31 
324 	 0.0 	 1.03 
325 	 0.0 	 0.72 
326 	 0.0 	 0.40 
328 	 0.0 	 0.42 
329 	 0.0 	 0.89 
330 	 0.0 	 0.85 
331 	 0.0 	 0.66 
332 	 0.0 	 0.79 
333 	 0.0 	 0.62 
334 	 0.0 	 0.50 
335 	 0.0 	 0.43 
336 	 0.0 	 1.27 
337 	 0.0 	 0.78 
338 	 0.0 	 1.17 
339 	 0.0 	 1.67 
340 	 0.0 	 2.02 
341 	 0.0 	 1.71 
342 	 0.0 	 1.40 
343 	 0.0 	 0.76 
344 	 0.0 	 0.62 
345 	 0.0 	 0.30 
346 	 0.0 	 0.71 
347 	 0.0 	 0.61 
348 	 0.0 	 1.00 
349 	 0.0 	 0.11 
350 	 0.0 	 0.16 
351 	 0.0 	 0.13 
352 	 0.0 	 0.15 
353 	 0.0 	 0.10 
354 	 0.0 	 0.10 
355 	 0.0 	 2.68 
356 	 0.0 	 0.96 
357 	 0.0 	 3.18 
358 	 0.0 	 3.14 
359 	 0.0 	 3.47 
360 	 0.0 	 0.12 
361 	 0.0 	 0.14 
362 	 0.0 	 0.17 
363 	 0.0 	 2.20 
364 	 0.0 	 2.94 
365 	 0.0 	 3.56 
366 	 0.0 	 0.17 
367 	 0.0 	 0.16 
368 	 0.0 	 0.14 
369 	 0.0 	 0.14 
370 	 0.0 	 0.20 
371 	 0.0 	 1.76 
372 	 0.0 	 4.01 
373 	 0.0 	 3.15 
374 	 0.0 	 3.07 
375 	 0.0 	 3.64 
376 	 0.0 	 10.17 
377 	 0.0 	 0.15 
378 	 0.0 	 0.18 
379 	 0.0 	 0.06 
380 	 0.0 	 1.97 
381 	 0.0 	 3.10 
382 	 0.0 	 2.96 
383 	 0.0 	 3.37 
384 	 0.0 	 2.77 
385 	 0.0 	 1.93 
386 	 0.0 	 2.29 
387 	 0.0 	 2.22 
388 	 0.0 	 1.83 
389 	 0.0 	 1.64 
390 	 0.0 	 1.95 
391 	 0.0 	 1.92 
392 	 0.0 	 1.90 
393 	 0.0 	 1.69 
394 	 0.0 	 1.96 
395 	 0.0 	 1.70 
396 	 0.0 	 1.93 
397 	 0.0 	 1.54 
398 	 0.0 	 0.45 
399 	 0.0 	 0.26 
400 	 0.0 	 0.13 
401 	 0.0 	 0.14 
402 	 0.0 	 0.20 
403 	 0.0 	 0.15 
404 	 0.0 	 1.81 
405 	 0.0 	 2.09 
406 	 0.0 	 2.43 
407 	 0.0 	 3.14 
408 	 0.0 	 2.42 
409 	 0.0 	 3.03 
410 	 0.0 	 2.50 
411 	 0.0 	 2.64 
412 	 0.0 	 2.34 
413 	 0.0 	 2.27 
414 	 0.0 	 2.01 
415 	 0.0 	 2.29 
416 	 0.0 	 1.89 
417 	 0.0 	 2.56 
418 	 0.0 	 2.60 
419 	 0.0 	 2.46 
420 	 0.0 	 2.35 
421 	 0.0 	 2.60 
422 	 0.0 	 2.31 
423 	 0.0 	 2.70 
424 	 0.0 	 2.51 
425 	 0.0 	 2.27 
426 	 0.0 	 2.44 
427 	 0.0 	 2.22 
428 	 0.0 	 2.38 
429 	 0.0 	 2.33 
430 	 0.0 	 2.46 
431 	 0.0 	 3.26 
432 	 0.0 	 2.54 
433 	 0.0 	 2.51 
434 	 0.0 	 3.13 
435 	 0.0 	 0.35 
436 	 0.0 	 0.15 
437 	 0.0 	 0.14 
438 	 0.0 	 0.12 
439 	 0.0 	 0.12 
440 	 0.0 	 0.12 
441 	 0.0 	 0.17 
442 	 0.0 	 0.12 
443 	 0.0 	 0.12 
444 	 0.0 	 0.18 
445 	 0.0 	 0.17 
446 	 0.0 	 0.16 
447 	 0.0 	 0.17 
448 	 0.0 	 0.18 
449 	 0.0 	 0.11 
450 	 0.0 	 0.19 
451 	 0.0 	 0.16 
452 	 0.0 	 0.13 
453 	 0.0 	 0.14 
454 	 0.0 	 0.11 
455 	 0.0 	 0.00 
456 	 0.0 	 1.82 
457 	 0.0 	 3.16 
458 	 0.0 	 3.61 
459 	 0.0 	 3.55 
460 	 0.0 	 3.48 
461 	 0.0 	 3.62 
462 	 0.0 	 3.36 
463 	 0.0 	 2.73 
464 	 0.0 	 2.43 
465 	 0.0 	 2.73 
466 	 0.0 	 2.64 
467 	 0.0 	 2.39 
468 	 0.0 	 2.39 
469 	 0.0 	 2.24 
470 	 0.0 	 2.28 
471 	 0.0 	 2.13 
472 	 0.0 	 2.19 
473 	 0.0 	 2.18 
474 	 0.0 	 2.32 
475 	 0.0 	 2.01 
476 	 0.0 	 2.10 
477 	 0.0 	 2.96 
478 	 0.0 	 3.23 
479 	 0.0 	 3.02 
480 	 0.0 	 2.26 
481 	 0.0 	 2.07 
482 	 0.0 	 2.10 
483 	 0.0 	 2.66 
484 	 0.0 	 2.31 
485 	 0.0 	 2.73 
486 	 0.0 	 0.08 
487 	 0.0 	 0.13 
488 	 0.0 	 0.16 
489 	 0.0 	 0.17 
490 	 0.0 	 0.16 
491 	 0.0 	 0.15 
492 	 0.0 	 0.12 
493 	 0.0 	 0.16 
494 	 0.0 	 0.18 
495 	 0.0 	 2.36 
496 	 0.0 	 2.58 
497 	 0.0 	 2.11 
498 	 0.0 	 2.92 
499 	 0.0 	 3.27 
500 	 0.0 	 2.93 
501 	 0.0 	 3.20 
502 	 0.0 	 3.03 
503 	 0.0 	 3.35 
504 	 0.0 	 3.73 
505 	 0.0 	 3.02 
506 	 0.0 	 3.08 
507 	 0.0 	 2.72 
508 	 0.0 	 2.58 
509 	 0.0 	 2.51 
510 	 0.0 	 2.26 
511 	 0.0 	 2.46 
512 	 0.0 	 1.79 
513 	 0.0 	 1.67 
514 	 0.0 	 2.02 
515 	 0.0 	 1.87 
516 	 0.0 	 2.05 
517 	 0.0 	 2.74 
518 	 0.0 	 3.29 
519 	 0.0 	 3.18 
520 	 0.0 	 3.10 
521 	 0.0 	 3.46 
522 	 0.0 	 3.82 
523 	 0.0 	 3.22 
524 	 0.0 	 3.50 
525 	 0.0 	 3.17 
526 	 0.0 	 3.15 
527 	 0.0 	 2.94 
528 	 0.0 	 4.09 
529 	 0.0 	 3.81 
530 	 0.0 	 4.04 
531 	 0.0 	 0.16 
532 	 0.0 	 0.14 
533 	 0.0 	 0.14 
534 	 0.0 	 0.11 
535 	 0.0 	 0.08 
536 	 0.0 	 0.09 
537 	 0.0 	 0.20 
538 	 0.0 	 0.12 
539 	 0.0 	 0.11 
540 	 0.0 	 0.17 
541 	 0.0 	 0.08 
542 	 0.0 	 0.15 
543 	 0.0 	 0.11 
544 	 0.0 	 2.65 
545 	 0.0 	 2.13 
546 	 0.0 	 3.28 
547 	 0.0 	 2.54 
548 	 0.0 	 3.12 
549 	 0.0 	 3.81 
550 	 0.0 	 3.27 
551 	 0.0 	 3.21 
552 	 0.0 	 3.57 
553 	 0.0 	 3.17 
554 	 0.0 	 3.53 
555 	 0.0 	 4.19 
556 	 0.0 	 3.43 
557 	 0.0 	 3.65 
558 	 0.0 	 3.32 
559 	 0.0 	 3.28 
560 	 0.0 	 2.72 
561 	 0.0 	 3.22 
562 	 0.0 	 0.16 
563 	 0.0 	 0.16 
564 	 0.0 	 0.10 
565 	 0.0 	 0.10 
566 	 0.0 	 0.16 
567 	 0.0 	 0.18 
568 	 0.0 	 0.12 
569 	 0.0 	 0.16 
570 	 0.0 	 0.12 
571 	 0.0 	 0.16 
572 	 0.0 	 0.12 
573 	 0.0 	 0.21 
574 	 0.0 	 0.21 
575 	 0.0 	 0.14 
576 	 0.0 	 0.15 
577 	 0.0 	 0.14 
578 	 0.0 	 0.14 
579 	 0.0 	 0.15 
580 	 0.0 	 0.16 
581 	 0.0 	 0.15 
582 	 0.0 	 0.16 
583 	 0.0 	 1.95 
584 	 0.0 	 2.34 
585 	 0.0 	 2.14 
586 	 0.0 	 3.14 
587 	 0.0 	 2.77 
588 	 0.0 	 3.26 
589 	 0.0 	 3.27 
590 	 0.0 	 3.11 
591 	 0.0 	 3.23 
592 	 0.0 	 3.29 
593 	 0.0 	 3.31 
594 	 0.0 	 3.20 
596 	 0.0 	 3.75 
597 	 0.0 	 3.09 
598 	 0.0 	 3.67 
599 	 0.0 	 2.65 
600 	 0.0 	 3.70 
601 	 0.0 	 3.79 
602 	 0.0 	 3.35 
603 	 0.0 	 3.61 
604 	 0.0 	 3.56 
605 	 0.0 	 3.29 
606 	 0.0 	 3.32 
607 	 0.0 	 3.44 
608 	 0.0 	 3.26 
609 	 0.0 	 2.98 
610 	 0.0 	 3.00 
611 	 0.0 	 3.40 
612 	 0.0 	 0.17 
613 	 0.0 	 0.15 
614 	 0.0 	 0.18 
615 	 0.0 	 1.06 
616 	 0.0 	 2.21 
617 	 0.0 	 3.26 
618 	 0.0 	 3.38 
619 	 0.0 	 2.61 
620 	 0.0 	 3.29 
621 	 0.0 	 3.36 
622 	 0.0 	 1.91 
623 	 0.0 	 0.11 
624 	 0.0 	 0.00 
625 	 0.0 	 1.96 
626 	 0.0 	 3.44 
627 	 0.0 	 3.23 
628 	 0.0 	 3.29 
629 	 0.0 	 3.42 
630 	 0.0 	 3.74 
631 	 0.0 	 3.13 
632 	 0.0 	 3.11 
633 	 0.0 	 2.50 
634 	 0.0 	 3.08 
635 	 0.0 	 3.28 
636 	 0.0 	 2.38 
637 	 0.0 	 3.97 
638 	 0.0 	 1.88 
639 	 0.0 	 2.74 
640 	 0.0 	 2.89 
641 	 0.0 	 2.15 
642 	 0.0 	 3.49 
643 	 0.0 	 3.19 
644 	 0.0 	 3.59 
645 	 0.0 	 2.64 
646 	 0.0 	 1.08 
647 	 0.0 	 0.97 
648 	 0.0 	 3.16 
649 	 0.0 	 3.51 
650 	 0.0 	 2.89 
651 	 0.0 	 3.43 
652 	 0.0 	 3.07 
653 	 0.0 	 2.90 
654 	 0.0 	 2.13 
655 	 0.0 	 3.13 
656 	 0.0 	 2.87 
657 	 0.0 	 2.99 
658 	 0.0 	 2.75 
659 	 0.0 	 2.77 
660 	 0.0 	 3.31 
661 	 0.0 	 2.74 
662 	 0.0 	 2.69 
663 	 0.0 	 3.15 
664 	 0.0 	 0.14 
665 	 0.0 	 0.14 
666 	 0.0 	 0.17 
667 	 0.0 	 0.19 
668 	 0.0 	 0.14 
669 	 0.0 	 0.12 
670 	 0.0 	 0.21 
671 	 0.0 	 0.18 
672 	 0.0 	 0.16 
673 	 0.0 	 0.11 
674 	 0.0 	 0.09 
675 	 0.0 	 0.11 
676 	 0.0 	 0.10 
677 	 0.0 	 0.12 
678 	 0.0 	 0.79 
679 	 0.0 	 2.50 
680 	 0.0 	 3.01 
681 	 0.0 	 2.64 
682 	 0.0 	 4.04 
683 	 0.0 	 3.15 
684 	 0.0 	 2.31 
685 	 0.0 	 2.62 
686 	 0.0 	 3.57 
687 	 0.0 	 2.77 
688 	 0.0 	 2.88 
689 	 0.0 	 3.88 
690 	 0.0 	 3.32 
691 	 0.0 	 3.31 
692 	 0.0 	 3.18 
693 	 0.0 	 3.12 
694 	 0.0 	 3.67 
695 	 0.0 	 3.84 
696 	 0.0 	 3.08 
697 	 0.0 	 2.92 
698 	 0.0 	 3.06 
699 	 0.0 	 2.54 
700 	 0.0 	 2.32 
701 	 0.0 	 2.87 
702 	 0.0 	 3.28 
703 	 0.0 	 3.39 
704 	 0.0 	 3.48 
705 	 0.0 	 3.66 
706 	 0.0 	 2.69 
707 	 0.0 	 2.73 
708 	 0.0 	 3.95 
709 	 0.0 	 3.10 
710 	 0.0 	 3.38 
711 	 0.0 	 2.43 
712 	 0.0 	 3.09 
713 	 0.0 	 3.46 
714 	 0.0 	 3.36 
715 	 0.0 	 2.97 
716 	 0.0 	 3.35 
717 	 0.0 	 1.93 
718 	 0.0 	 2.31 
719 	 0.0 	 2.11 
720 	 0.0 	 2.85 
721 	 0.0 	 3.61 
722 	 0.0 	 0.39 
723 	 0.0 	 0.14 
724 	 0.0 	 0.10 
725 	 0.0 	 0.27 
726 	 0.0 	 3.12 
727 	 0.0 	 3.24 
728 	 0.0 	 2.36 
729 	 0.0 	 1.24 
730 	 0.0 	 1.23 
731 	 0.0 	 0.38 
732 	 0.0 	 0.50 
733 	 0.0 	 0.30 
734 	 0.0 	 0.50 
735 	 0.0 	 0.43 
736 	 0.0 	 0.51 
737 	 0.0 	 0.56 
738 	 0.0 	 0.41 
739 	 0.0 	 0.45 
740 	 0.0 	 0.54 
741 	 0.0 	 0.02 
742 	 0.0 	 0.77 
743 	 0.0 	 0.46 
744 	 0.0 	 0.14 
745 	 0.0 	 0.13 
746 	 0.0 	 0.18 
747 	 0.0 	 0.17 
748 	 0.0 	 0.09 
749 	 0.0 	 2.88 
750 	 0.0 	 2.87 
751 	 0.0 	 1.38 
752 	 0.0 	 0.80 
753 	 0.0 	 0.45 
754 	 0.0 	 0.36 
755 	 0.0 	 0.12 
756 	 0.0 	 0.16 
757 	 0.0 	 0.15 
758 	 0.0 	 0.14 
759 	 0.0 	 0.13 
760 	 0.0 	 0.14 
761 	 0.0 	 0.10 
762 	 0.0 	 0.16 
763 	 0.0 	 3.31 
764 	 0.0 	 2.91 
765 	 0.0 	 2.73 
766 	 0.0 	 1.33 
767 	 0.0 	 0.67 
768 	 0.0 	 0.25 
769 	 0.0 	 0.52 
770 	 0.0 	 0.49 
771 	 0.0 	 0.16 
772 	 0.0 	 0.15 
773 	 0.0 	 0.16 
774 	 0.0 	 0.10 
775 	 0.0 	 3.75 
776 	 0.0 	 0.16 
777 	 0.0 	 0.15 
778 	 0.0 	 3.53 
779 	 0.0 	 3.36 
780 	 0.0 	 0.11 
781 	 0.0 	 0.08 
782 	 0.0 	 0.10 
783 	 0.0 	 0.00 
784 	 0.0 	 0.13 
785 	 0.0 	 0.19 
786 	 0.0 	 0.32 
787 	 0.0 	 2.97 
788 	 0.0 	 3.08 
789 	 0.0 	 3.11 
790 	 0.0 	 2.85 
791 	 0.0 	 3.39 
792 	 0.0 	 3.58 
793 	 0.0 	 0.13 
794 	 0.0 	 0.09 
795 	 0.0 	 0.00 
796 	 0.0 	 0.10 
797 	 0.0 	 0.12 
798 	 0.0 	 0.13 
799 	 0.0 	 1.55 
800 	 0.0 	 1.97 
801 	 0.0 	 4.90 
802 	 0.0 	 3.64 
803 	 0.0 	 3.05 
804 	 0.0 	 4.06 
805 	 0.0 	 3.96 
806 	 0.0 	 2.91 
807 	 0.0 	 2.50 
808 	 0.0 	 2.40 
809 	 0.0 	 2.17 
810 	 0.0 	 1.53 
811 	 0.0 	 1.23 
812 	 0.0 	 1.25 
813 	 0.0 	 1.26 
814 	 0.0 	 1.07 
815 	 0.0 	 0.94 
816 	 0.0 	 0.78 
817 	 0.0 	 0.85 
818 	 0.0 	 1.22 
819 	 0.0 	 1.43 
820 	 0.0 	 1.28 
821 	 0.0 	 1.20 
822 	 0.0 	 1.28 
823 	 0.0 	 1.81 
824 	 0.0 	 1.92 
825 	 0.0 	 1.64 
826 	 0.0 	 1.63 
827 	 0.0 	 1.80 
828 	 0.0 	 1.34 
829 	 0.0 	 1.09 
830 	 0.0 	 0.79 
831 	 0.0 	 0.66 
832 	 0.0 	 0.75 
833 	 0.0 	 0.43 
834 	 0.0 	 0.46 
835 	 0.0 	 0.16 
836 	 0.0 	 0.12 
837 	 0.0 	 0.18 
838 	 0.0 	 0.10 
839 	 0.0 	 3.68 
840 	 0.0 	 3.70 
841 	 0.0 	 0.13 
842 	 0.0 	 0.05 
843 	 0.0 	 2.82 
844 	 0.0 	 0.60 
845 	 0.0 	 3.02 
846 	 0.0 	 3.87 
847 	 0.0 	 3.47 
848 	 0.0 	 2.13 
849 	 0.0 	 0.08 
850 	 0.0 	 0.14 
851 	 0.0 	 0.14 
852 	 0.0 	 2.51 
853 	 0.0 	 0.12 
854 	 0.0 	 0.14 
855 	 0.0 	 1.65 
856 	 0.0 	 1.58 
857 	 0.0 	 3.09 
858 	 0.0 	 2.68 
859 	 0.0 	 0.08 
860 	 0.0 	 0.15 
861 	 0.0 	 0.13 
862 	 0.0 	 0.93 
863 	 0.0 	 2.86 
864 	 0.0 	 2.82 
865 	 0.0 	 3.23 
866 	 0.0 	 3.12 
867 	 0.0 	 3.25 
868 	 0.0 	 0.14 
869 	 0.0 	 0.11 
870 	 0.0 	 0.13 
871 	 0.0 	 0.07 
872 	 0.0 	 3.48 
873 	 0.0 	 3.68 
874 	 0.0 	 0.15 
875 	 0.0 	 0.14 
876 	 0.0 	 1.22 
877 	 0.0 	 1.99 
878 	 0.0 	 3.57 
879 	 0.0 	 3.15 
880 	 0.0 	 3.88 
881 	 0.0 	 2.71 
882 	 0.0 	 2.44 
883 	 0.0 	 2.29 
884 	 0.0 	 2.25 
885 	 0.0 	 2.03 
886 	 0.0 	 2.56 
887 	 0.0 	 2.45 
888 	 0.0 	 2.47 
889 	 0.0 	 2.48 
890 	 0.0 	 2.36 
891 	 0.0 	 2.59 
892 	 0.0 	 2.10 
893 	 0.0 	 2.02 
894 	 0.0 	 0.14 
895 	 0.0 	 0.14 
896 	 0.0 	 0.13 
897 	 0.0 	 0.15 
898 	 0.0 	 0.44 
899 	 0.0 	 3.82 
900 	 0.0 	 3.04 
901 	 0.0 	 3.00 
902 	 0.0 	 2.25 
903 	 0.0 	 2.38 
904 	 0.0 	 3.02 
905 	 0.0 	 2.95 
906 	 0.0 	 2.29 
907 	 0.0 	 2.08 
908 	 0.0 	 1.47 
909 	 0.0 	 1.37 
910 	 0.0 	 1.09 
911 	 0.0 	 0.79 
912 	 0.0 	 0.86 
913 	 0.0 	 0.52 
914 	 0.0 	 0.65 
915 	 0.0 	 0.38 
916 	 0.0 	 0.44 
917 	 0.0 	 1.10 
918 	 0.0 	 0.66 
919 	 0.0 	 0.73 
920 	 0.0 	 0.97 
921 	 0.0 	 1.59 
922 	 0.0 	 1.83 
923 	 0.0 	 1.72 
924 	 0.0 	 1.14 
925 	 0.0 	 1.05 
926 	 0.0 	 1.44 
927 	 0.0 	 1.54 
928 	 0.0 	 1.58 
929 	 0.0 	 0.98 
930 	 0.0 	 1.44 
931 	 0.0 	 1.11 
932 	 0.0 	 0.98 
933 	 0.0 	 0.90 
934 	 0.0 	 0.60 
935 	 0.0 	 0.41 
936 	 0.0 	 1.21 
937 	 0.0 	 0.34 
938 	 0.0 	 0.39 
939 	 0.0 	 0.40 
940 	 0.0 	 0.65 
941 	 0.0 	 0.43 
942 	 0.0 	 0.39 
943 	 0.0 	 0.47 
944 	 0.0 	 0.40 
945 	 0.0 	 0.46 
946 	 0.0 	 0.40 
947 	 0.0 	 0.45 
948 	 0.0 	 0.27 
949 	 0.0 	 0.53 
950 	 0.0 	 0.62 
951 	 0.0 	 0.85 
952 	 0.0 	 0.80 
953 	 0.0 	 0.79 
954 	 0.0 	 0.90 
955 	 0.0 	 0.15 
956 	 0.0 	 0.17 
957 	 0.0 	 0.18 
958 	 0.0 	 0.14 
959 	 0.0 	 0.15 
960 	 0.0 	 0.13 
961 	 0.0 	 0.13 
962 	 0.0 	 0.12 
963 	 0.0 	 0.18 
964 	 0.0 	 2.83 
965 	 0.0 	 0.10 
966 	 0.0 	 0.14 
967 	 0.0 	 0.14 
968 	 0.0 	 0.15 
969 	 0.0 	 0.11 
970 	 0.0 	 0.17 
971 	 0.0 	 0.16 
972 	 0.0 	 0.13 
973 	 0.0 	 2.89 
974 	 0.0 	 3.25 
975 	 0.0 	 2.63 
976 	 0.0 	 1.44 
977 	 0.0 	 0.90 
978 	 0.0 	 0.49 
979 	 0.0 	 0.65 
980 	 0.0 	 0.30 
981 	 0.0 	 0.58 
982 	 0.0 	 0.84 
983 	 0.0 	 0.93 
984 	 0.0 	 1.07 
985 	 0.0 	 0.96 
986 	 0.0 	 1.49 
988 	 0.0 	 1.87 
989 	 0.0 	 2.00 
990 	 0.0 	 0.14 
991 	 0.0 	 0.12 
992 	 0.0 	 0.17 
993 	 0.0 	 0.12 
994 	 0.0 	 0.17 
995 	 0.0 	 0.04 
996 	 0.0 	 2.06 
997 	 0.0 	 3.78 
998 	 0.0 	 2.87 
999 	 0.0 	 3.45 
1000 	 0.0 	 3.32 
1001 	 0.0 	 0.18 
1002 	 0.0 	 0.15 
1003 	 0.0 	 0.11 
1004 	 0.0 	 0.11 
1005 	 0.0 	 0.08 
1006 	 0.0 	 0.14 
1007 	 0.0 	 0.08 
1008 	 0.0 	 0.12 
1009 	 0.0 	 0.13 
1010 	 0.0 	 0.13 
1011 	 0.0 	 1.55 
1012 	 0.0 	 2.79 
1013 	 0.0 	 2.86 
1014 	 0.0 	 0.11 
1015 	 0.0 	 0.10 
1016 	 0.0 	 0.15 
1017 	 0.0 	 0.17 
1018 	 0.0 	 0.14 
1019 	 0.0 	 0.17 
1020 	 0.0 	 0.10 
1021 	 0.0 	 0.13 
1022 	 0.0 	 0.14 
1023 	 0.0 	 0.13 
1024 	 0.0 	 0.17 
1025 	 0.0 	 0.17 
1026 	 0.0 	 0.10 
1027 	 0.0 	 0.08 
1028 	 0.0 	 0.08 
1029 	 0.0 	 0.15 
1030 	 0.0 	 0.18 
1031 	 0.0 	 0.17 
1032 	 0.0 	 0.10 
1033 	 0.0 	 0.16 
1034 	 0.0 	 0.13 
1035 	 0.0 	 0.12 
1036 	 0.0 	 0.13 
1037 	 0.0 	 0.45 
1038 	 0.0 	 2.65 
1039 	 0.0 	 3.32 
1040 	 0.0 	 2.96 
1041 	 0.0 	 0.23 
1042 	 0.0 	 0.14 
1043 	 0.0 	 0.10 
1044 	 0.0 	 0.10 
1045 	 0.0 	 0.13 
1046 	 0.0 	 3.12 
1047 	 0.0 	 2.83 
1048 	 0.0 	 0.14 
1049 	 0.0 	 3.23 
1050 	 0.0 	 2.41 
1052 	 0.0 	 0.13 
1053 	 0.0 	 0.12 
1054 	 0.0 	 0.11 
1055 	 0.0 	 0.19 
1056 	 0.0 	 3.30 
1057 	 0.0 	 2.74 
1058 	 0.0 	 3.40 
1059 	 0.0 	 4.05 
1060 	 0.0 	 0.14 
1062 	 0.0 	 0.16 
1063 	 0.0 	 0.19 
1064 	 0.0 	 1.67 
1065 	 0.0 	 2.71 
1066 	 0.0 	 3.34 
1068 	 0.0 	 3.55 
1069 	 0.0 	 2.68 
1070 	 0.0 	 2.59 
1071 	 0.0 	 0.15 
1072 	 0.0 	 0.15 
1073 	 0.0 	 0.12 
1074 	 0.0 	 1.09 
1075 	 0.0 	 0.12 
1076 	 0.0 	 0.59 
1077 	 0.0 	 3.00 
1078 	 0.0 	 2.79 
1079 	 0.0 	 3.56 
1080 	 0.0 	 3.48 
1081 	 0.0 	 3.25 
1082 	 0.0 	 3.38 
1083 	 0.0 	 2.66 
1084 	 0.0 	 2.87 
1085 	 0.0 	 2.53 
1086 	 0.0 	 2.89 
1087 	 0.0 	 0.37 
1088 	 0.0 	 0.10 
1089 	 0.0 	 0.12 
1090 	 0.0 	 2.04 
1091 	 0.0 	 0.19 
1092 	 0.0 	 0.10 
1093 	 0.0 	 1.70 
1094 	 0.0 	 7.01 
1095 	 0.0 	 0.12 
1096 	 0.0 	 0.12 
1097 	 0.0 	 2.66 
1098 	 0.0 	 2.33 
1099 	 0.0 	 2.99 
1100 	 0.0 	 2.49 
1101 	 0.0 	 0.13 
1102 	 0.0 	 2.29 
1103 	 0.0 	 3.23 
1104 	 0.0 	 3.28 
1105 	 0.0 	 2.76 
1106 	 0.0 	 3.34 
1107 	 0.0 	 3.93 
1108 	 0.0 	 3.09 
1109 	 0.0 	 3.09 
1110 	 0.0 	 3.05 
1111 	 0.0 	 3.52 
1112 	 0.0 	 2.95 
1113 	 0.0 	 3.10 
1114 	 0.0 	 2.83 
1115 	 0.0 	 3.07 
1116 	 0.0 	 3.15 
1117 	 0.0 	 3.32 
1118 	 0.0 	 3.10 
1119 	 0.0 	 2.85 
1120 	 0.0 	 2.67 
1121 	 0.0 	 2.65 
1122 	 0.0 	 3.38 
1123 	 0.0 	 3.19 
1124 	 0.0 	 2.58 
1125 	 0.0 	 3.40 
1126 	 0.0 	 3.20 
1127 	 0.0 	 3.38 
1128 	 0.0 	 0.12 
1129 	 0.0 	 0.09 
1130 	 0.0 	 0.12 
1131 	 0.0 	 2.93 
1132 	 0.0 	 2.71 
1133 	 0.0 	 2.17 
1134 	 0.0 	 2.99 
1135 	 0.0 	 3.32 
1136 	 0.0 	 3.23 
1137 	 0.0 	 3.76 
1138 	 0.0 	 3.65 
1139 	 0.0 	 2.46 
1140 	 0.0 	 2.46 
1142 	 0.0 	 3.70 
1143 	 0.0 	 0.10 
1144 	 0.0 	 0.07 
1145 	 0.0 	 1.84 
1146 	 0.0 	 2.11 
1147 	 0.0 	 2.33 
1148 	 0.0 	 0.15 
1149 	 0.0 	 0.15 
1150 	 0.0 	 1.33 
1151 	 0.0 	 0.13 
1152 	 0.0 	 1.61 
1153 	 0.0 	 1.73 
1154 	 0.0 	 2.83 
1155 	 0.0 	 0.16 
1156 	 0.0 	 0.13 
1157 	 0.0 	 0.11 
1158 	 0.0 	 0.11 
1159 	 0.0 	 0.09 
1160 	 0.0 	 0.11 
1161 	 0.0 	 1.18 
1162 	 0.0 	 2.49 
1163 	 0.0 	 2.91 
1164 	 0.0 	 3.16 
1165 	 0.0 	 3.19 
1166 	 0.0 	 0.08 
1167 	 0.0 	 2.65 
1168 	 0.0 	 2.88 
1169 	 0.0 	 1.88 
1170 	 0.0 	 2.61 
1171 	 0.0 	 3.25 
1172 	 0.0 	 3.27 
1173 	 0.0 	 3.14 
1174 	 0.0 	 3.20 
1175 	 0.0 	 3.42 
1176 	 0.0 	 3.03 
1177 	 0.0 	 2.91 
1178 	 0.0 	 3.68 
1179 	 0.0 	 3.28 
1180 	 0.0 	 3.28 
1181 	 0.0 	 3.48 
1182 	 0.0 	 3.64 
1183 	 0.0 	 3.69 
1184 	 0.0 	 3.49 
1185 	 0.0 	 3.66 
1186 	 0.0 	 3.32 
1187 	 0.0 	 3.50 
1188 	 0.0 	 2.98 
1189 	 0.0 	 3.09 
1190 	 0.0 	 3.33 
1191 	 0.0 	 3.43 
1192 	 0.0 	 3.86 
1193 	 0.0 	 2.78 
1194 	 0.0 	 3.26 
1195 	 0.0 	 2.86 
1196 	 0.0 	 3.31 
1197 	 0.0 	 2.11 
1198 	 0.0 	 2.58 
1199 	 0.0 	 2.18 
1200 	 0.0 	 1.79 
1201 	 0.0 	 1.66 
1202 	 0.0 	 2.14 
1203 	 0.0 	 1.87 
1204 	 0.0 	 3.21 
1205 	 0.0 	 3.54 
1206 	 0.0 	 3.39 
1207 	 0.0 	 2.77 
1208 	 0.0 	 3.76 
1209 	 0.0 	 3.05 
1210 	 0.0 	 2.61 
1211 	 0.0 	 1.46 
1212 	 0.0 	 2.61 
1213 	 0.0 	 2.52 
1214 	 0.0 	 2.30 
1215 	 0.0 	 2.49 
1216 	 0.0 	 1.55 
1217 	 0.0 	 3.22 
1218 	 0.0 	 1.64 
1219 	 0.0 	 2.07 
1220 	 0.0 	 2.12 
1221 	 0.0 	 0.11 
1222 	 0.0 	 0.11 
1223 	 0.0 	 0.12 
1224 	 0.0 	 0.12 
1225 	 0.0 	 0.14 
1226 	 0.0 	 0.10 
1227 	 0.0 	 0.14 
1228 	 0.0 	 0.15 
1229 	 0.0 	 0.12 
1230 	 0.0 	 0.12 
1231 	 0.0 	 0.10 
1232 	 0.0 	 0.14 
1233 	 0.0 	 0.12 
1234 	 0.0 	 0.11 
1235 	 0.0 	 0.14 
1236 	 0.0 	 0.13 
1237 	 0.0 	 0.93 
1238 	 0.0 	 2.43 
1239 	 0.0 	 2.66 
1240 	 0.0 	 2.45 
1241 	 0.0 	 2.65 
1242 	 0.0 	 3.74 
1244 	 0.0 	 3.31 
1245 	 0.0 	 3.11 
1246 	 0.0 	 1.53 
1247 	 0.0 	 2.18 
1248 	 0.0 	 2.69 
1249 	 0.0 	 1.88 
1250 	 0.0 	 2.86 
1251 	 0.0 	 2.38 
1252 	 0.0 	 1.81 
1253 	 0.0 	 2.18 
1254 	 0.0 	 2.71 
1255 	 0.0 	 2.78 
1256 	 0.0 	 2.98 
1257 	 0.0 	 0.97 
1258 	 0.0 	 2.48 
1259 	 0.0 	 2.70 
1260 	 0.0 	 1.69 
1261 	 0.0 	 1.83 
1262 	 0.0 	 2.37 
1263 	 0.0 	 2.30 
1264 	 0.0 	 1.62 
1265 	 0.0 	 1.80 
1266 	 0.0 	 2.04 
1267 	 0.0 	 2.43 
1268 	 0.0 	 2.08 
1269 	 0.0 	 2.93 
1270 	 0.0 	 2.46 
1271 	 0.0 	 3.03 
1272 	 0.0 	 2.22 
1273 	 0.0 	 3.13 
1274 	 0.0 	 3.20 
1275 	 0.0 	 2.93 
1276 	 0.0 	 2.73 
1277 	 0.0 	 2.74 
1278 	 0.0 	 1.72 
1279 	 0.0 	 2.02 
1280 	 0.0 	 2.00 
1281 	 0.0 	 1.60 
1282 	 0.0 	 2.07 
1283 	 0.0 	 1.73 
1284 	 0.0 	 1.99 
1286 	 0.0 	 1.61 
1287 	 0.0 	 1.65 
1288 	 0.0 	 2.08 
1289 	 0.0 	 1.55 
1290 	 0.0 	 1.98 
1291 	 0.0 	 1.41 
1292 	 0.0 	 1.44 
1293 	 0.0 	 1.84 
1294 	 0.0 	 0.70 
1295 	 0.0 	 1.78 
1296 	 0.0 	 1.73 
1297 	 0.0 	 1.37 
1298 	 0.0 	 1.32 
1299 	 0.0 	 1.95 
1300 	 0.0 	 1.77 
1301 	 0.0 	 1.74 
1302 	 0.0 	 1.93 
1303 	 0.0 	 1.95 
1304 	 0.0 	 2.13 
1305 	 0.0 	 1.71 
1306 	 0.0 	 1.42 
1307 	 0.0 	 1.45 
1308 	 0.0 	 2.14 
1309 	 0.0 	 2.03 
1310 	 0.0 	 1.56 
1311 	 0.0 	 2.18 
1312 	 0.0 	 1.72 
1313 	 0.0 	 1.31 
1314 	 0.0 	 1.55 
1315 	 0.0 	 0.80 
1316 	 0.0 	 1.06 
1317 	 0.0 	 1.94 
1318 	 0.0 	 1.61 
1319 	 0.0 	 1.12 
1320 	 0.0 	 1.18 
1321 	 0.0 	 1.51 
1322 	 0.0 	 1.56 
1323 	 0.0 	 1.67 
1324 	 0.0 	 1.73 
1325 	 0.0 	 1.52 
1326 	 0.0 	 1.35 
1327 	 0.0 	 0.88 
1328 	 0.0 	 1.57 
1329 	 0.0 	 0.93 
1330 	 0.0 	 1.32 
1331 	 0.0 	 1.81 
1332 	 0.0 	 2.03 
1333 	 0.0 	 1.03 
1334 	 0.0 	 1.63 
1335 	 0.0 	 1.72 
1336 	 0.0 	 1.27 
1337 	 0.0 	 1.69 
1338 	 0.0 	 1.19 
1339 	 0.0 	 1.71 
1340 	 0.0 	 1.75 
1341 	 0.0 	 1.18 
1342 	 0.0 	 0.82 
1343 	 0.0 	 1.96 
1344 	 0.0 	 1.99 
1345 	 0.0 	 1.84 
1346 	 0.0 	 1.34 
1347 	 0.0 	 1.73 
1348 	 0.0 	 1.42 
1349 	 0.0 	 1.36 
1350 	 0.0 	 1.65 
1351 	 0.0 	 1.26 
1352 	 0.0 	 1.07 
1353 	 0.0 	 1.20 
1354 	 0.0 	 0.68 
1355 	 0.0 	 1.62 
1356 	 0.0 	 1.69 
1357 	 0.0 	 1.15 
1358 	 0.0 	 1.78 
1359 	 0.0 	 1.75 
1360 	 0.0 	 0.61 
1361 	 0.0 	 1.98 
1362 	 0.0 	 1.67 
1363 	 0.0 	 1.39 
1364 	 0.0 	 1.32 
1365 	 0.0 	 1.34 
1366 	 0.0 	 1.09 
1367 	 0.0 	 1.66 
1368 	 0.0 	 1.27 
1369 	 0.0 	 1.20 
1370 	 0.0 	 1.43 
1371 	 0.0 	 1.37 
1372 	 0.0 	 1.46 
1373 	 0.0 	 1.47 
1374 	 0.0 	 1.01 
1375 	 0.0 	 1.40 
1376 	 0.0 	 1.25 
1377 	 0.0 	 1.26 
1378 	 0.0 	 1.24 
1379 	 0.0 	 1.55 
1380 	 0.0 	 1.28 
1381 	 0.0 	 1.47 
1382 	 0.0 	 0.66 
1383 	 0.0 	 1.43 
1384 	 0.0 	 1.15 
1385 	 0.0 	 0.97 
1386 	 0.0 	 0.67 
1387 	 0.0 	 1.02 
1388 	 0.0 	 1.52 
1389 	 0.0 	 1.23 
1390 	 0.0 	 1.05 
1391 	 0.0 	 0.93 
1392 	 0.0 	 1.19 
1393 	 0.0 	 1.25 
1394 	 0.0 	 1.11 
1395 	 0.0 	 0.75 
1396 	 0.0 	 1.44 
1397 	 0.0 	 1.14 
1398 	 0.0 	 0.64 
1399 	 0.0 	 1.77 
1400 	 0.0 	 0.85 
1401 	 0.0 	 1.42 
1402 	 0.0 	 0.90 
1403 	 0.0 	 0.88 
1404 	 0.0 	 0.80 
1405 	 0.0 	 0.65 
1406 	 0.0 	 0.65 
1407 	 0.0 	 0.64 
1408 	 0.0 	 1.42 
1409 	 0.0 	 0.90 
1410 	 0.0 	 0.86 
1411 	 0.0 	 0.96 
1412 	 0.0 	 1.13 
1413 	 0.0 	 0.84 
1414 	 0.0 	 1.24 
1415 	 0.0 	 1.82 
1416 	 0.0 	 0.70 
1417 	 0.0 	 0.87 
1418 	 0.0 	 0.62 
1419 	 0.0 	 1.20 
1420 	 0.0 	 0.75 
1421 	 0.0 	 0.81 
1422 	 0.0 	 0.84 
1423 	 0.0 	 1.11 
1424 	 0.0 	 1.02 
1425 	 0.0 	 0.94 
1426 	 0.0 	 0.82 
1427 	 0.0 	 1.05 
1428 	 0.0 	 0.58 
1430 	 0.0 	 0.65 
1431 	 0.0 	 0.58 
1432 	 0.0 	 0.65 
1433 	 0.0 	 0.69 
1434 	 0.0 	 0.63 
1435 	 0.0 	 0.95 
1436 	 0.0 	 0.65 
1437 	 0.0 	 0.98 
1438 	 0.0 	 0.58 
1439 	 0.0 	 0.61 
1440 	 0.0 	 0.84 
1441 	 0.0 	 0.75 
1442 	 0.0 	 0.56 
1443 	 0.0 	 1.01 
1444 	 0.0 	 0.81 
1445 	 0.0 	 0.68 
1446 	 0.0 	 0.72 
1447 	 0.0 	 0.92 
1448 	 0.0 	 0.78 
1449 	 0.0 	 0.77 
1450 	 0.0 	 0.96 
1451 	 0.0 	 0.87 
1452 	 0.0 	 0.64 
1453 	 0.0 	 0.56 
1454 	 0.0 	 0.60 
1456 	 0.0 	 0.48 
1457 	 0.0 	 0.84 
1458 	 0.0 	 0.66 
1459 	 0.0 	 0.41 
1460 	 0.0 	 0.72 
1461 	 0.0 	 0.53 
1462 	 0.0 	 0.45 
1463 	 0.0 	 0.57 
1464 	 0.0 	 0.59 
1465 	 0.0 	 0.49 
1466 	 0.0 	 0.50 
1467 	 0.0 	 0.56 
1468 	 0.0 	 0.83 
1469 	 0.0 	 0.52 
1470 	 0.0 	 0.55 
1471 	 0.0 	 0.47 
1472 	 0.0 	 0.63 
1473 	 0.0 	 0.46 
1474 	 0.0 	 0.53 
1475 	 0.0 	 0.71 
1476 	 0.0 	 0.42 
1477 	 0.0 	 0.47 
1478 	 0.0 	 0.62 
1479 	 0.0 	 0.46 
1480 	 0.0 	 0.53 
1481 	 0.0 	 0.62 
1482 	 0.0 	 0.57 
1483 	 0.0 	 0.36 
1484 	 0.0 	 0.64 
1485 	 0.0 	 0.61 
1486 	 0.0 	 0.62 
1487 	 0.0 	 0.49 
1488 	 0.0 	 0.52 
1489 	 0.0 	 0.55 
1490 	 0.0 	 0.55 
1491 	 0.0 	 0.30 
1492 	 0.0 	 0.55 
1493 	 0.0 	 0.49 
1494 	 0.0 	 0.37 
1495 	 0.0 	 0.37 
1496 	 0.0 	 0.38 
1497 	 0.0 	 0.53 
1498 	 0.0 	 0.31 
1499 	 0.0 	 0.48 
1500 	 0.0 	 0.48 
1501 	 0.0 	 0.49 
1502 	 0.0 	 0.34 
1503 	 0.0 	 0.31 
1504 	 0.0 	 0.35 
1505 	 0.0 	 0.35 
1506 	 0.0 	 0.47 
1507 	 0.0 	 0.18 
1508 	 0.0 	 0.27 
1509 	 0.0 	 0.33 
1510 	 0.0 	 0.30 
1511 	 0.0 	 0.25 
1512 	 0.0 	 0.29 
1513 	 0.0 	 0.35 
1514 	 0.0 	 0.29 
1515 	 0.0 	 0.51 
1516 	 0.0 	 0.27 
1517 	 0.0 	 0.32 
1518 	 0.0 	 0.33 
1519 	 0.0 	 0.42 
1520 	 0.0 	 0.32 
1521 	 0.0 	 0.30 
1522 	 0.0 	 0.28 
1523 	 0.0 	 0.26 
1524 	 0.0 	 0.36 
1525 	 0.0 	 0.39 
1526 	 0.0 	 0.34 
1527 	 0.0 	 0.55 
1528 	 0.0 	 0.21 
1529 	 0.0 	 0.23 
1530 	 0.0 	 0.28 
1531 	 0.0 	 0.28 
1532 	 0.0 	 0.25 
1533 	 0.0 	 0.22 
1534 	 0.0 	 0.29 
1535 	 0.0 	 0.39 
1536 	 0.0 	 0.24 
1537 	 0.0 	 0.31 
1538 	 0.0 	 0.24 
1539 	 0.0 	 0.29 
1540 	 0.0 	 0.36 
1541 	 0.0 	 0.27 
1542 	 0.0 	 0.24 
1543 	 0.0 	 0.16 
1544 	 0.0 	 0.30 
1545 	 0.0 	 0.23 
1546 	 0.0 	 0.20 
1547 	 0.0 	 0.24 
1548 	 0.0 	 0.26 
1549 	 0.0 	 0.24 
1550 	 0.0 	 0.19 
1551 	 0.0 	 0.24 
