1 	 0.0 	 0.00 
2 	 0.0 	 0.00 
3 	 0.0 	 0.00 
4 	 0.0 	 0.00 
5 	 0.0 	 0.00 
6 	 0.0 	 0.00 
7 	 0.0 	 0.00 
8 	 0.0 	 0.00 
9 	 0.0 	 0.00 
10 	 0.0 	 0.00 
11 	 0.0 	 0.00 
12 	 0.0 	 0.00 
13 	 0.0 	 0.00 
14 	 0.0 	 0.00 
15 	 0.0 	 0.00 
16 	 0.0 	 0.00 
17 	 0.0 	 0.00 
18 	 0.0 	 0.02 
19 	 0.0 	 0.00 
20 	 0.0 	 0.00 
21 	 0.0 	 0.00 
22 	 0.0 	 0.00 
23 	 0.0 	 0.00 
24 	 0.0 	 0.00 
25 	 0.0 	 0.00 
26 	 0.0 	 0.00 
27 	 0.0 	 0.00 
28 	 0.0 	 0.00 
29 	 0.0 	 0.00 
30 	 0.0 	 0.00 
31 	 0.0 	 0.00 
32 	 0.0 	 0.00 
33 	 0.0 	 0.00 
34 	 0.0 	 0.00 
35 	 0.0 	 0.00 
36 	 0.0 	 0.00 
37 	 0.0 	 0.00 
38 	 0.0 	 0.00 
39 	 0.0 	 0.00 
40 	 0.0 	 0.00 
41 	 0.0 	 0.00 
42 	 0.0 	 0.00 
43 	 0.0 	 0.00 
44 	 0.0 	 0.00 
45 	 0.0 	 0.00 
46 	 0.0 	 0.00 
47 	 0.0 	 0.00 
48 	 0.0 	 0.17 
49 	 0.0 	 0.00 
50 	 0.0 	 0.00 
51 	 0.0 	 0.00 
52 	 0.0 	 0.00 
53 	 0.0 	 0.00 
54 	 0.0 	 0.00 
55 	 0.0 	 0.00 
56 	 0.0 	 0.00 
57 	 0.0 	 0.00 
58 	 0.0 	 0.00 
59 	 0.0 	 0.00 
60 	 0.0 	 0.41 
61 	 0.0 	 0.28 
62 	 0.0 	 0.38 
63 	 0.0 	 0.44 
64 	 0.0 	 0.40 
65 	 0.0 	 0.00 
66 	 0.0 	 0.00 
67 	 0.0 	 0.00 
68 	 0.0 	 0.00 
69 	 0.0 	 0.00 
70 	 0.0 	 0.00 
71 	 0.0 	 0.00 
72 	 0.0 	 0.00 
73 	 0.0 	 0.00 
74 	 0.0 	 0.00 
75 	 0.0 	 0.00 
76 	 0.0 	 0.00 
77 	 0.0 	 0.00 
78 	 0.0 	 0.00 
79 	 0.0 	 0.12 
80 	 0.0 	 0.04 
81 	 0.0 	 0.00 
82 	 0.0 	 0.00 
83 	 0.0 	 0.00 
84 	 0.0 	 0.00 
85 	 0.0 	 0.00 
86 	 0.0 	 0.00 
87 	 0.0 	 0.00 
88 	 0.0 	 0.14 
89 	 0.0 	 0.00 
90 	 0.0 	 0.24 
91 	 0.0 	 0.30 
92 	 0.0 	 0.32 
93 	 0.0 	 0.43 
94 	 0.0 	 0.44 
95 	 0.0 	 0.33 
96 	 0.0 	 0.29 
97 	 0.0 	 0.23 
98 	 0.0 	 0.13 
99 	 0.0 	 0.14 
100 	 0.0 	 0.14 
101 	 0.0 	 0.00 
102 	 0.0 	 0.00 
103 	 0.0 	 0.00 
104 	 0.0 	 0.15 
105 	 0.0 	 0.40 
106 	 0.0 	 0.35 
107 	 0.0 	 0.38 
108 	 0.0 	 0.33 
109 	 0.0 	 0.19 
110 	 0.0 	 0.11 
111 	 0.0 	 0.06 
112 	 0.0 	 0.04 
113 	 0.0 	 0.01 
114 	 0.0 	 0.03 
115 	 0.0 	 0.01 
116 	 0.0 	 0.00 
117 	 0.0 	 0.02 
118 	 0.0 	 0.04 
119 	 0.0 	 0.03 
120 	 0.0 	 0.03 
121 	 0.0 	 0.04 
122 	 0.0 	 0.09 
123 	 0.0 	 0.21 
124 	 0.0 	 0.43 
125 	 0.0 	 0.45 
126 	 0.0 	 0.46 
127 	 0.0 	 0.33 
128 	 0.0 	 0.49 
129 	 0.0 	 0.38 
130 	 0.0 	 0.33 
131 	 0.0 	 0.36 
132 	 0.0 	 0.47 
133 	 0.0 	 0.56 
134 	 0.0 	 0.38 
135 	 0.0 	 0.33 
136 	 0.0 	 0.25 
137 	 0.0 	 0.19 
138 	 0.0 	 0.07 
139 	 0.0 	 0.08 
140 	 0.0 	 0.09 
141 	 0.0 	 0.07 
142 	 0.0 	 0.04 
143 	 0.0 	 0.03 
144 	 0.0 	 0.05 
145 	 0.0 	 0.05 
146 	 0.0 	 0.03 
147 	 0.0 	 0.06 
148 	 0.0 	 0.04 
149 	 0.0 	 0.01 
150 	 0.0 	 0.00 
151 	 0.0 	 0.00 
152 	 0.0 	 0.00 
153 	 0.0 	 0.00 
154 	 0.0 	 0.00 
155 	 0.0 	 0.38 
156 	 0.0 	 0.00 
157 	 0.0 	 0.00 
158 	 0.0 	 0.00 
159 	 0.0 	 0.01 
160 	 0.0 	 0.28 
161 	 0.0 	 0.51 
162 	 0.0 	 0.21 
163 	 0.0 	 0.39 
164 	 0.0 	 0.15 
165 	 0.0 	 0.11 
166 	 0.0 	 0.10 
167 	 0.0 	 0.02 
168 	 0.0 	 0.00 
169 	 0.0 	 0.30 
170 	 0.0 	 0.28 
171 	 0.0 	 0.06 
172 	 0.0 	 0.05 
173 	 0.0 	 0.04 
174 	 0.0 	 0.02 
175 	 0.0 	 0.03 
176 	 0.0 	 0.02 
177 	 0.0 	 0.04 
178 	 0.0 	 0.02 
179 	 0.0 	 0.05 
180 	 0.0 	 0.03 
181 	 0.0 	 0.03 
182 	 0.0 	 0.03 
183 	 0.0 	 0.03 
184 	 0.0 	 0.05 
185 	 0.0 	 0.05 
186 	 0.0 	 0.06 
187 	 0.0 	 0.08 
188 	 0.0 	 0.01 
189 	 0.0 	 0.01 
190 	 0.0 	 0.00 
191 	 0.0 	 0.01 
192 	 0.0 	 0.00 
193 	 0.0 	 0.00 
194 	 0.0 	 0.00 
195 	 0.0 	 0.00 
196 	 0.0 	 0.00 
197 	 0.0 	 0.00 
198 	 0.0 	 0.26 
199 	 0.0 	 0.18 
200 	 0.0 	 0.21 
201 	 0.0 	 0.32 
202 	 0.0 	 0.40 
203 	 0.0 	 0.45 
204 	 0.0 	 0.43 
205 	 0.0 	 0.27 
206 	 0.0 	 0.18 
207 	 0.0 	 0.14 
208 	 0.0 	 0.07 
209 	 0.0 	 0.08 
210 	 0.0 	 0.10 
211 	 0.0 	 0.11 
212 	 0.0 	 0.07 
213 	 0.0 	 0.06 
214 	 0.0 	 0.00 
215 	 0.0 	 0.00 
216 	 0.0 	 0.00 
217 	 0.0 	 0.00 
218 	 0.0 	 0.00 
219 	 0.0 	 0.00 
220 	 0.0 	 0.00 
221 	 0.0 	 0.00 
222 	 0.0 	 0.00 
223 	 0.0 	 0.00 
224 	 0.0 	 0.00 
225 	 0.0 	 0.00 
226 	 0.0 	 0.00 
227 	 0.0 	 0.00 
228 	 0.0 	 0.00 
229 	 0.0 	 0.00 
230 	 0.0 	 0.00 
231 	 0.0 	 0.19 
232 	 0.0 	 0.68 
233 	 0.0 	 0.30 
234 	 0.0 	 0.45 
235 	 0.0 	 0.41 
236 	 0.0 	 0.29 
237 	 0.0 	 0.18 
238 	 0.0 	 0.14 
239 	 0.0 	 0.12 
240 	 0.0 	 0.09 
241 	 0.0 	 0.09 
242 	 0.0 	 0.09 
243 	 0.0 	 0.10 
244 	 0.0 	 0.09 
245 	 0.0 	 0.09 
246 	 0.0 	 0.17 
247 	 0.0 	 0.22 
248 	 0.0 	 0.44 
249 	 0.0 	 0.43 
250 	 0.0 	 0.47 
251 	 0.0 	 0.40 
252 	 0.0 	 0.44 
253 	 0.0 	 0.52 
254 	 0.0 	 0.61 
255 	 0.0 	 0.29 
256 	 0.0 	 0.44 
257 	 0.0 	 0.33 
258 	 0.0 	 0.27 
259 	 0.0 	 0.19 
260 	 0.0 	 0.10 
261 	 0.0 	 0.06 
262 	 0.0 	 0.12 
263 	 0.0 	 0.07 
264 	 0.0 	 0.07 
265 	 0.0 	 0.01 
266 	 0.0 	 0.01 
267 	 0.0 	 0.01 
268 	 0.0 	 0.01 
269 	 0.0 	 0.01 
270 	 0.0 	 0.01 
271 	 0.0 	 0.01 
272 	 0.0 	 0.00 
273 	 0.0 	 0.00 
274 	 0.0 	 0.03 
275 	 0.0 	 0.02 
276 	 0.0 	 0.05 
277 	 0.0 	 0.06 
278 	 0.0 	 0.07 
279 	 0.0 	 0.06 
280 	 0.0 	 0.07 
281 	 0.0 	 0.06 
282 	 0.0 	 0.06 
283 	 0.0 	 0.08 
284 	 0.0 	 0.04 
285 	 0.0 	 0.02 
286 	 0.0 	 0.08 
287 	 0.0 	 0.20 
288 	 0.0 	 0.31 
289 	 0.0 	 0.42 
290 	 0.0 	 0.50 
291 	 0.0 	 0.39 
292 	 0.0 	 0.46 
293 	 0.0 	 0.46 
294 	 0.0 	 0.56 
295 	 0.0 	 0.41 
296 	 0.0 	 0.19 
297 	 0.0 	 0.41 
298 	 0.0 	 0.39 
299 	 0.0 	 0.36 
300 	 0.0 	 0.29 
301 	 0.0 	 0.38 
302 	 0.0 	 0.42 
303 	 0.0 	 0.21 
304 	 0.0 	 0.13 
305 	 0.0 	 0.13 
306 	 0.0 	 0.13 
307 	 0.0 	 0.07 
308 	 0.0 	 0.04 
309 	 0.0 	 0.05 
310 	 0.0 	 0.04 
311 	 0.0 	 0.02 
312 	 0.0 	 0.02 
313 	 0.0 	 0.06 
314 	 0.0 	 0.07 
315 	 0.0 	 0.14 
316 	 0.0 	 0.28 
317 	 0.0 	 0.31 
318 	 0.0 	 0.25 
319 	 0.0 	 0.20 
320 	 0.0 	 0.12 
321 	 0.0 	 0.13 
322 	 0.0 	 0.06 
323 	 0.0 	 0.06 
324 	 0.0 	 0.04 
325 	 0.0 	 0.02 
326 	 0.0 	 0.01 
327 	 0.0 	 0.03 
328 	 0.0 	 0.01 
329 	 0.0 	 0.03 
330 	 0.0 	 0.02 
331 	 0.0 	 0.01 
332 	 0.0 	 0.02 
333 	 0.0 	 0.01 
334 	 0.0 	 0.01 
335 	 0.0 	 0.01 
336 	 0.0 	 0.05 
337 	 0.0 	 0.02 
338 	 0.0 	 0.05 
339 	 0.0 	 0.10 
340 	 0.0 	 0.15 
341 	 0.0 	 0.11 
342 	 0.0 	 0.07 
343 	 0.0 	 0.02 
344 	 0.0 	 0.01 
345 	 0.0 	 0.00 
346 	 0.0 	 0.02 
347 	 0.0 	 0.01 
348 	 0.0 	 0.04 
349 	 0.0 	 0.00 
350 	 0.0 	 0.00 
351 	 0.0 	 0.00 
352 	 0.0 	 0.00 
353 	 0.0 	 0.00 
354 	 0.0 	 0.00 
355 	 0.0 	 0.28 
356 	 0.0 	 0.04 
357 	 0.0 	 0.40 
358 	 0.0 	 0.39 
359 	 0.0 	 0.48 
360 	 0.0 	 0.00 
361 	 0.0 	 0.00 
362 	 0.0 	 0.00 
363 	 0.0 	 0.19 
364 	 0.0 	 0.35 
365 	 0.0 	 0.50 
366 	 0.0 	 0.00 
367 	 0.0 	 0.00 
368 	 0.0 	 0.00 
369 	 0.0 	 0.00 
370 	 0.0 	 0.00 
371 	 0.0 	 0.11 
372 	 0.0 	 0.64 
373 	 0.0 	 0.40 
374 	 0.0 	 0.39 
375 	 0.0 	 0.53 
376 	 0.0 	 3.37 
377 	 0.0 	 0.00 
378 	 0.0 	 0.00 
379 	 0.0 	 0.00 
380 	 0.0 	 0.15 
381 	 0.0 	 0.38 
382 	 0.0 	 0.36 
383 	 0.0 	 0.45 
384 	 0.0 	 0.30 
385 	 0.0 	 0.14 
386 	 0.0 	 0.20 
387 	 0.0 	 0.18 
388 	 0.0 	 0.12 
389 	 0.0 	 0.10 
390 	 0.0 	 0.14 
391 	 0.0 	 0.14 
392 	 0.0 	 0.13 
393 	 0.0 	 0.10 
394 	 0.0 	 0.14 
395 	 0.0 	 0.11 
396 	 0.0 	 0.14 
397 	 0.0 	 0.09 
398 	 0.0 	 0.01 
399 	 0.0 	 0.00 
400 	 0.0 	 0.00 
401 	 0.0 	 0.00 
402 	 0.0 	 0.00 
403 	 0.0 	 0.00 
404 	 0.0 	 0.12 
405 	 0.0 	 0.18 
406 	 0.0 	 0.24 
407 	 0.0 	 0.40 
408 	 0.0 	 0.24 
409 	 0.0 	 0.37 
410 	 0.0 	 0.25 
411 	 0.0 	 0.27 
412 	 0.0 	 0.21 
413 	 0.0 	 0.20 
414 	 0.0 	 0.15 
415 	 0.0 	 0.20 
416 	 0.0 	 0.14 
417 	 0.0 	 0.25 
418 	 0.0 	 0.26 
419 	 0.0 	 0.23 
420 	 0.0 	 0.21 
421 	 0.0 	 0.26 
422 	 0.0 	 0.21 
423 	 0.0 	 0.28 
424 	 0.0 	 0.24 
425 	 0.0 	 0.20 
426 	 0.0 	 0.23 
427 	 0.0 	 0.19 
428 	 0.0 	 0.22 
429 	 0.0 	 0.21 
430 	 0.0 	 0.24 
431 	 0.0 	 0.41 
432 	 0.0 	 0.25 
433 	 0.0 	 0.24 
434 	 0.0 	 0.40 
435 	 0.0 	 0.00 
436 	 0.0 	 0.00 
437 	 0.0 	 0.00 
438 	 0.0 	 0.00 
439 	 0.0 	 0.00 
440 	 0.0 	 0.00 
441 	 0.0 	 0.00 
442 	 0.0 	 0.00 
443 	 0.0 	 0.00 
444 	 0.0 	 0.00 
445 	 0.0 	 0.00 
446 	 0.0 	 0.00 
447 	 0.0 	 0.00 
448 	 0.0 	 0.00 
449 	 0.0 	 0.00 
450 	 0.0 	 0.00 
451 	 0.0 	 0.00 
452 	 0.0 	 0.00 
453 	 0.0 	 0.00 
454 	 0.0 	 0.00 
455 	 0.0 	 0.00 
456 	 0.0 	 0.13 
457 	 0.0 	 0.40 
458 	 0.0 	 0.53 
459 	 0.0 	 0.50 
460 	 0.0 	 0.49 
461 	 0.0 	 0.53 
462 	 0.0 	 0.45 
463 	 0.0 	 0.30 
464 	 0.0 	 0.23 
465 	 0.0 	 0.29 
466 	 0.0 	 0.27 
467 	 0.0 	 0.22 
468 	 0.0 	 0.22 
469 	 0.0 	 0.20 
470 	 0.0 	 0.20 
471 	 0.0 	 0.18 
472 	 0.0 	 0.19 
473 	 0.0 	 0.18 
474 	 0.0 	 0.20 
475 	 0.0 	 0.16 
476 	 0.0 	 0.17 
477 	 0.0 	 0.35 
478 	 0.0 	 0.42 
479 	 0.0 	 0.36 
480 	 0.0 	 0.20 
481 	 0.0 	 0.17 
482 	 0.0 	 0.17 
483 	 0.0 	 0.28 
484 	 0.0 	 0.21 
485 	 0.0 	 0.29 
486 	 0.0 	 0.00 
487 	 0.0 	 0.00 
488 	 0.0 	 0.00 
489 	 0.0 	 0.00 
490 	 0.0 	 0.00 
491 	 0.0 	 0.00 
492 	 0.0 	 0.00 
493 	 0.0 	 0.00 
494 	 0.0 	 0.00 
495 	 0.0 	 0.23 
496 	 0.0 	 0.27 
497 	 0.0 	 0.18 
498 	 0.0 	 0.35 
499 	 0.0 	 0.44 
500 	 0.0 	 0.35 
501 	 0.0 	 0.43 
502 	 0.0 	 0.38 
503 	 0.0 	 0.46 
504 	 0.0 	 0.56 
505 	 0.0 	 0.37 
506 	 0.0 	 0.38 
507 	 0.0 	 0.29 
508 	 0.0 	 0.26 
509 	 0.0 	 0.25 
510 	 0.0 	 0.20 
511 	 0.0 	 0.24 
512 	 0.0 	 0.12 
513 	 0.0 	 0.11 
514 	 0.0 	 0.15 
515 	 0.0 	 0.13 
516 	 0.0 	 0.16 
517 	 0.0 	 0.30 
518 	 0.0 	 0.43 
519 	 0.0 	 0.41 
520 	 0.0 	 0.40 
521 	 0.0 	 0.49 
522 	 0.0 	 0.60 
523 	 0.0 	 0.43 
524 	 0.0 	 0.51 
525 	 0.0 	 0.43 
526 	 0.0 	 0.41 
527 	 0.0 	 0.36 
528 	 0.0 	 0.70 
529 	 0.0 	 0.60 
530 	 0.0 	 0.68 
531 	 0.0 	 0.00 
532 	 0.0 	 0.00 
533 	 0.0 	 0.00 
534 	 0.0 	 0.00 
535 	 0.0 	 0.00 
536 	 0.0 	 0.00 
537 	 0.0 	 0.00 
538 	 0.0 	 0.00 
539 	 0.0 	 0.00 
540 	 0.0 	 0.00 
541 	 0.0 	 0.00 
542 	 0.0 	 0.00 
543 	 0.0 	 0.00 
544 	 0.0 	 0.29 
545 	 0.0 	 0.19 
546 	 0.0 	 0.45 
547 	 0.0 	 0.27 
548 	 0.0 	 0.41 
549 	 0.0 	 0.61 
550 	 0.0 	 0.45 
551 	 0.0 	 0.43 
552 	 0.0 	 0.53 
553 	 0.0 	 0.43 
554 	 0.0 	 0.52 
555 	 0.0 	 0.73 
556 	 0.0 	 0.50 
557 	 0.0 	 0.57 
558 	 0.0 	 0.47 
559 	 0.0 	 0.46 
560 	 0.0 	 0.31 
561 	 0.0 	 0.43 
562 	 0.0 	 0.00 
563 	 0.0 	 0.00 
564 	 0.0 	 0.00 
565 	 0.0 	 0.00 
566 	 0.0 	 0.00 
567 	 0.0 	 0.00 
568 	 0.0 	 0.00 
569 	 0.0 	 0.00 
570 	 0.0 	 0.00 
571 	 0.0 	 0.00 
572 	 0.0 	 0.00 
573 	 0.0 	 0.00 
574 	 0.0 	 0.00 
575 	 0.0 	 0.00 
576 	 0.0 	 0.00 
577 	 0.0 	 0.00 
578 	 0.0 	 0.00 
579 	 0.0 	 0.00 
580 	 0.0 	 0.00 
581 	 0.0 	 0.00 
582 	 0.0 	 0.00 
583 	 0.0 	 0.16 
584 	 0.0 	 0.22 
585 	 0.0 	 0.19 
586 	 0.0 	 0.40 
587 	 0.0 	 0.32 
588 	 0.0 	 0.45 
589 	 0.0 	 0.45 
590 	 0.0 	 0.40 
591 	 0.0 	 0.44 
592 	 0.0 	 0.45 
593 	 0.0 	 0.46 
594 	 0.0 	 0.43 
595 	 0.0 	 0.48 
596 	 0.0 	 0.59 
597 	 0.0 	 0.41 
598 	 0.0 	 0.57 
599 	 0.0 	 0.30 
600 	 0.0 	 0.58 
601 	 0.0 	 0.60 
602 	 0.0 	 0.48 
603 	 0.0 	 0.56 
604 	 0.0 	 0.54 
605 	 0.0 	 0.46 
606 	 0.0 	 0.46 
607 	 0.0 	 0.50 
608 	 0.0 	 0.45 
609 	 0.0 	 0.38 
610 	 0.0 	 0.38 
611 	 0.0 	 0.49 
612 	 0.0 	 0.00 
613 	 0.0 	 0.00 
614 	 0.0 	 0.00 
615 	 0.0 	 0.05 
616 	 0.0 	 0.21 
617 	 0.0 	 0.45 
618 	 0.0 	 0.50 
619 	 0.0 	 0.30 
620 	 0.0 	 0.46 
621 	 0.0 	 0.49 
622 	 0.0 	 0.16 
623 	 0.0 	 0.00 
624 	 0.0 	 0.00 
625 	 0.0 	 0.16 
626 	 0.0 	 0.51 
627 	 0.0 	 0.45 
628 	 0.0 	 0.48 
629 	 0.0 	 0.51 
630 	 0.0 	 0.60 
631 	 0.0 	 0.42 
632 	 0.0 	 0.42 
633 	 0.0 	 0.27 
634 	 0.0 	 0.41 
635 	 0.0 	 0.47 
636 	 0.0 	 0.25 
637 	 0.0 	 0.68 
638 	 0.0 	 0.15 
639 	 0.0 	 0.33 
640 	 0.0 	 0.36 
641 	 0.0 	 0.20 
642 	 0.0 	 0.54 
643 	 0.0 	 0.44 
644 	 0.0 	 0.57 
645 	 0.0 	 0.31 
646 	 0.0 	 0.05 
647 	 0.0 	 0.04 
648 	 0.0 	 0.44 
649 	 0.0 	 0.55 
650 	 0.0 	 0.37 
651 	 0.0 	 0.52 
652 	 0.0 	 0.42 
653 	 0.0 	 0.37 
654 	 0.0 	 0.20 
655 	 0.0 	 0.43 
656 	 0.0 	 0.36 
657 	 0.0 	 0.40 
658 	 0.0 	 0.34 
659 	 0.0 	 0.35 
660 	 0.0 	 0.49 
661 	 0.0 	 0.33 
662 	 0.0 	 0.32 
663 	 0.0 	 0.45 
664 	 0.0 	 0.00 
665 	 0.0 	 0.00 
666 	 0.0 	 0.00 
667 	 0.0 	 0.00 
668 	 0.0 	 0.00 
669 	 0.0 	 0.00 
670 	 0.0 	 0.00 
671 	 0.0 	 0.00 
672 	 0.0 	 0.00 
673 	 0.0 	 0.00 
674 	 0.0 	 0.00 
675 	 0.0 	 0.00 
676 	 0.0 	 0.00 
677 	 0.0 	 0.00 
678 	 0.0 	 0.02 
679 	 0.0 	 0.27 
680 	 0.0 	 0.39 
681 	 0.0 	 0.30 
682 	 0.0 	 0.70 
683 	 0.0 	 0.43 
684 	 0.0 	 0.23 
685 	 0.0 	 0.30 
686 	 0.0 	 0.55 
687 	 0.0 	 0.34 
688 	 0.0 	 0.36 
689 	 0.0 	 0.65 
690 	 0.0 	 0.49 
691 	 0.0 	 0.48 
692 	 0.0 	 0.45 
693 	 0.0 	 0.43 
694 	 0.0 	 0.60 
695 	 0.0 	 0.65 
696 	 0.0 	 0.42 
697 	 0.0 	 0.39 
698 	 0.0 	 0.42 
699 	 0.0 	 0.29 
700 	 0.0 	 0.24 
701 	 0.0 	 0.36 
702 	 0.0 	 0.48 
703 	 0.0 	 0.52 
704 	 0.0 	 0.54 
705 	 0.0 	 0.60 
706 	 0.0 	 0.32 
707 	 0.0 	 0.34 
708 	 0.0 	 0.71 
709 	 0.0 	 0.43 
710 	 0.0 	 0.51 
711 	 0.0 	 0.27 
712 	 0.0 	 0.43 
713 	 0.0 	 0.54 
714 	 0.0 	 0.51 
715 	 0.0 	 0.40 
716 	 0.0 	 0.50 
717 	 0.0 	 0.17 
718 	 0.0 	 0.24 
719 	 0.0 	 0.20 
720 	 0.0 	 0.37 
721 	 0.0 	 0.60 
722 	 0.0 	 0.01 
723 	 0.0 	 0.00 
724 	 0.0 	 0.00 
725 	 0.0 	 0.00 
726 	 0.0 	 0.43 
727 	 0.0 	 0.48 
728 	 0.0 	 0.23 
729 	 0.0 	 0.06 
730 	 0.0 	 0.06 
731 	 0.0 	 0.01 
732 	 0.0 	 0.01 
733 	 0.0 	 0.00 
734 	 0.0 	 0.01 
735 	 0.0 	 0.01 
736 	 0.0 	 0.01 
737 	 0.0 	 0.01 
738 	 0.0 	 0.01 
739 	 0.0 	 0.01 
740 	 0.0 	 0.01 
741 	 0.0 	 0.00 
742 	 0.0 	 0.02 
743 	 0.0 	 0.01 
744 	 0.0 	 0.00 
745 	 0.0 	 0.00 
746 	 0.0 	 0.00 
747 	 0.0 	 0.00 
748 	 0.0 	 0.00 
749 	 0.0 	 0.36 
750 	 0.0 	 0.35 
751 	 0.0 	 0.07 
752 	 0.0 	 0.02 
753 	 0.0 	 0.01 
754 	 0.0 	 0.00 
755 	 0.0 	 0.00 
756 	 0.0 	 0.00 
757 	 0.0 	 0.00 
758 	 0.0 	 0.00 
759 	 0.0 	 0.00 
760 	 0.0 	 0.00 
761 	 0.0 	 0.00 
762 	 0.0 	 0.00 
763 	 0.0 	 0.47 
764 	 0.0 	 0.37 
765 	 0.0 	 0.30 
766 	 0.0 	 0.07 
767 	 0.0 	 0.02 
768 	 0.0 	 0.00 
769 	 0.0 	 0.01 
770 	 0.0 	 0.01 
771 	 0.0 	 0.00 
772 	 0.0 	 0.00 
773 	 0.0 	 0.00 
774 	 0.0 	 0.00 
775 	 0.0 	 0.62 
776 	 0.0 	 0.00 
777 	 0.0 	 0.00 
778 	 0.0 	 0.54 
779 	 0.0 	 0.49 
780 	 0.0 	 0.00 
781 	 0.0 	 0.00 
782 	 0.0 	 0.00 
783 	 0.0 	 0.00 
784 	 0.0 	 0.00 
785 	 0.0 	 0.00 
786 	 0.0 	 0.00 
787 	 0.0 	 0.38 
788 	 0.0 	 0.41 
789 	 0.0 	 0.43 
790 	 0.0 	 0.35 
791 	 0.0 	 0.50 
792 	 0.0 	 0.56 
793 	 0.0 	 0.00 
794 	 0.0 	 0.00 
795 	 0.0 	 0.00 
796 	 0.0 	 0.00 
797 	 0.0 	 0.00 
798 	 0.0 	 0.00 
799 	 0.0 	 0.10 
800 	 0.0 	 0.17 
801 	 0.0 	 1.06 
802 	 0.0 	 0.58 
803 	 0.0 	 0.41 
804 	 0.0 	 0.73 
805 	 0.0 	 0.68 
806 	 0.0 	 0.36 
807 	 0.0 	 0.26 
808 	 0.0 	 0.24 
809 	 0.0 	 0.19 
810 	 0.0 	 0.09 
811 	 0.0 	 0.06 
812 	 0.0 	 0.06 
813 	 0.0 	 0.06 
814 	 0.0 	 0.04 
815 	 0.0 	 0.03 
816 	 0.0 	 0.02 
817 	 0.0 	 0.03 
818 	 0.0 	 0.06 
819 	 0.0 	 0.08 
820 	 0.0 	 0.07 
821 	 0.0 	 0.06 
822 	 0.0 	 0.07 
823 	 0.0 	 0.13 
824 	 0.0 	 0.15 
825 	 0.0 	 0.11 
826 	 0.0 	 0.11 
827 	 0.0 	 0.13 
828 	 0.0 	 0.07 
829 	 0.0 	 0.05 
830 	 0.0 	 0.02 
831 	 0.0 	 0.02 
832 	 0.0 	 0.02 
833 	 0.0 	 0.01 
834 	 0.0 	 0.01 
835 	 0.0 	 0.00 
836 	 0.0 	 0.00 
837 	 0.0 	 0.00 
838 	 0.0 	 0.00 
839 	 0.0 	 0.60 
840 	 0.0 	 0.59 
841 	 0.0 	 0.00 
842 	 0.0 	 0.00 
843 	 0.0 	 0.35 
844 	 0.0 	 0.01 
845 	 0.0 	 0.40 
846 	 0.0 	 0.66 
847 	 0.0 	 0.53 
848 	 0.0 	 0.19 
849 	 0.0 	 0.00 
850 	 0.0 	 0.00 
851 	 0.0 	 0.00 
852 	 0.0 	 0.28 
853 	 0.0 	 0.00 
854 	 0.0 	 0.00 
855 	 0.0 	 0.11 
856 	 0.0 	 0.11 
857 	 0.0 	 0.42 
858 	 0.0 	 0.32 
859 	 0.0 	 0.00 
860 	 0.0 	 0.00 
861 	 0.0 	 0.00 
862 	 0.0 	 0.04 
863 	 0.0 	 0.36 
864 	 0.0 	 0.35 
865 	 0.0 	 0.46 
866 	 0.0 	 0.43 
867 	 0.0 	 0.48 
868 	 0.0 	 0.00 
869 	 0.0 	 0.00 
870 	 0.0 	 0.00 
871 	 0.0 	 0.00 
872 	 0.0 	 0.53 
873 	 0.0 	 0.61 
874 	 0.0 	 0.00 
875 	 0.0 	 0.00 
876 	 0.0 	 0.06 
877 	 0.0 	 0.18 
878 	 0.0 	 0.58 
879 	 0.0 	 0.45 
880 	 0.0 	 0.68 
881 	 0.0 	 0.32 
882 	 0.0 	 0.25 
883 	 0.0 	 0.22 
884 	 0.0 	 0.21 
885 	 0.0 	 0.17 
886 	 0.0 	 0.28 
887 	 0.0 	 0.26 
888 	 0.0 	 0.26 
889 	 0.0 	 0.27 
890 	 0.0 	 0.24 
891 	 0.0 	 0.29 
892 	 0.0 	 0.18 
893 	 0.0 	 0.17 
894 	 0.0 	 0.00 
895 	 0.0 	 0.00 
896 	 0.0 	 0.00 
897 	 0.0 	 0.00 
898 	 0.0 	 0.01 
899 	 0.0 	 0.66 
900 	 0.0 	 0.42 
901 	 0.0 	 0.40 
902 	 0.0 	 0.22 
903 	 0.0 	 0.25 
904 	 0.0 	 0.40 
905 	 0.0 	 0.39 
906 	 0.0 	 0.22 
907 	 0.0 	 0.18 
908 	 0.0 	 0.09 
909 	 0.0 	 0.08 
910 	 0.0 	 0.05 
911 	 0.0 	 0.02 
912 	 0.0 	 0.03 
913 	 0.0 	 0.01 
914 	 0.0 	 0.02 
915 	 0.0 	 0.01 
916 	 0.0 	 0.01 
917 	 0.0 	 0.05 
918 	 0.0 	 0.02 
919 	 0.0 	 0.02 
920 	 0.0 	 0.04 
921 	 0.0 	 0.10 
922 	 0.0 	 0.14 
923 	 0.0 	 0.12 
924 	 0.0 	 0.05 
925 	 0.0 	 0.04 
926 	 0.0 	 0.08 
927 	 0.0 	 0.10 
928 	 0.0 	 0.10 
929 	 0.0 	 0.04 
930 	 0.0 	 0.08 
931 	 0.0 	 0.05 
932 	 0.0 	 0.04 
933 	 0.0 	 0.03 
934 	 0.0 	 0.01 
935 	 0.0 	 0.01 
936 	 0.0 	 0.06 
937 	 0.0 	 0.00 
938 	 0.0 	 0.01 
939 	 0.0 	 0.01 
940 	 0.0 	 0.02 
941 	 0.0 	 0.01 
942 	 0.0 	 0.01 
943 	 0.0 	 0.01 
944 	 0.0 	 0.01 
945 	 0.0 	 0.01 
946 	 0.0 	 0.01 
947 	 0.0 	 0.01 
948 	 0.0 	 0.00 
949 	 0.0 	 0.01 
950 	 0.0 	 0.01 
951 	 0.0 	 0.03 
952 	 0.0 	 0.02 
953 	 0.0 	 0.02 
954 	 0.0 	 0.03 
955 	 0.0 	 0.00 
956 	 0.0 	 0.00 
957 	 0.0 	 0.00 
958 	 0.0 	 0.00 
959 	 0.0 	 0.00 
960 	 0.0 	 0.00 
961 	 0.0 	 0.00 
962 	 0.0 	 0.00 
963 	 0.0 	 0.00 
964 	 0.0 	 0.34 
965 	 0.0 	 0.00 
966 	 0.0 	 0.00 
967 	 0.0 	 0.00 
968 	 0.0 	 0.00 
969 	 0.0 	 0.00 
970 	 0.0 	 0.00 
971 	 0.0 	 0.00 
972 	 0.0 	 0.00 
973 	 0.0 	 0.38 
974 	 0.0 	 0.48 
975 	 0.0 	 0.30 
976 	 0.0 	 0.08 
977 	 0.0 	 0.03 
978 	 0.0 	 0.01 
979 	 0.0 	 0.02 
980 	 0.0 	 0.00 
981 	 0.0 	 0.01 
982 	 0.0 	 0.03 
983 	 0.0 	 0.03 
984 	 0.0 	 0.05 
985 	 0.0 	 0.04 
986 	 0.0 	 0.09 
987 	 0.0 	 0.13 
988 	 0.0 	 0.15 
989 	 0.0 	 0.17 
990 	 0.0 	 0.00 
991 	 0.0 	 0.00 
992 	 0.0 	 0.00 
993 	 0.0 	 0.00 
994 	 0.0 	 0.00 
995 	 0.0 	 0.00 
996 	 0.0 	 0.19 
997 	 0.0 	 0.65 
998 	 0.0 	 0.37 
999 	 0.0 	 0.55 
1000 	 0.0 	 0.48 
1001 	 0.0 	 0.00 
1002 	 0.0 	 0.00 
1003 	 0.0 	 0.00 
1004 	 0.0 	 0.00 
1005 	 0.0 	 0.00 
1006 	 0.0 	 0.00 
1007 	 0.0 	 0.00 
1008 	 0.0 	 0.00 
1009 	 0.0 	 0.00 
1010 	 0.0 	 0.00 
1011 	 0.0 	 0.11 
1012 	 0.0 	 0.35 
1013 	 0.0 	 0.36 
1014 	 0.0 	 0.00 
1015 	 0.0 	 0.00 
1016 	 0.0 	 0.00 
1017 	 0.0 	 0.00 
1018 	 0.0 	 0.00 
1019 	 0.0 	 0.00 
1020 	 0.0 	 0.00 
1021 	 0.0 	 0.00 
1022 	 0.0 	 0.00 
1023 	 0.0 	 0.00 
1024 	 0.0 	 0.00 
1025 	 0.0 	 0.00 
1026 	 0.0 	 0.00 
1027 	 0.0 	 0.00 
1028 	 0.0 	 0.00 
1029 	 0.0 	 0.00 
1030 	 0.0 	 0.00 
1031 	 0.0 	 0.00 
1032 	 0.0 	 0.00 
1033 	 0.0 	 0.00 
1034 	 0.0 	 0.00 
1035 	 0.0 	 0.00 
1036 	 0.0 	 0.00 
1037 	 0.0 	 0.01 
1038 	 0.0 	 0.31 
1039 	 0.0 	 0.51 
1040 	 0.0 	 0.39 
1041 	 0.0 	 0.00 
1042 	 0.0 	 0.00 
1043 	 0.0 	 0.00 
1044 	 0.0 	 0.00 
1045 	 0.0 	 0.00 
1046 	 0.0 	 0.44 
1047 	 0.0 	 0.36 
1048 	 0.0 	 0.00 
1049 	 0.0 	 0.48 
1050 	 0.0 	 0.25 
1051 	 0.0 	 0.00 
1052 	 0.0 	 0.00 
1053 	 0.0 	 0.00 
1054 	 0.0 	 0.00 
1055 	 0.0 	 0.00 
1056 	 0.0 	 0.49 
1057 	 0.0 	 0.34 
1058 	 0.0 	 0.54 
1059 	 0.0 	 0.74 
1060 	 0.0 	 0.00 
1061 	 0.0 	 0.00 
1062 	 0.0 	 0.00 
1063 	 0.0 	 0.00 
1064 	 0.0 	 0.13 
1065 	 0.0 	 0.34 
1066 	 0.0 	 0.53 
1067 	 0.0 	 0.49 
1068 	 0.0 	 0.59 
1069 	 0.0 	 0.33 
1070 	 0.0 	 0.30 
1071 	 0.0 	 0.00 
1072 	 0.0 	 0.00 
1073 	 0.0 	 0.00 
1074 	 0.0 	 0.05 
1075 	 0.0 	 0.00 
1076 	 0.0 	 0.01 
1077 	 0.0 	 0.43 
1078 	 0.0 	 0.36 
1079 	 0.0 	 0.60 
1080 	 0.0 	 0.57 
1081 	 0.0 	 0.50 
1082 	 0.0 	 0.53 
1083 	 0.0 	 0.33 
1084 	 0.0 	 0.37 
1085 	 0.0 	 0.29 
1086 	 0.0 	 0.38 
1087 	 0.0 	 0.01 
1088 	 0.0 	 0.00 
1089 	 0.0 	 0.00 
1090 	 0.0 	 0.20 
1091 	 0.0 	 0.00 
1092 	 0.0 	 0.00 
1093 	 0.0 	 0.14 
1094 	 0.0 	 1.87 
1095 	 0.0 	 0.00 
1096 	 0.0 	 0.00 
1097 	 0.0 	 0.34 
1098 	 0.0 	 0.26 
1099 	 0.0 	 0.43 
1100 	 0.0 	 0.30 
1101 	 0.0 	 0.00 
1102 	 0.0 	 0.25 
1103 	 0.0 	 0.49 
1104 	 0.0 	 0.52 
1105 	 0.0 	 0.36 
1106 	 0.0 	 0.54 
1107 	 0.0 	 0.74 
1108 	 0.0 	 0.46 
1109 	 0.0 	 0.46 
1110 	 0.0 	 0.44 
1111 	 0.0 	 0.59 
1112 	 0.0 	 0.42 
1113 	 0.0 	 0.46 
1114 	 0.0 	 0.38 
1115 	 0.0 	 0.46 
1116 	 0.0 	 0.47 
1117 	 0.0 	 0.54 
1118 	 0.0 	 0.48 
1119 	 0.0 	 0.39 
1120 	 0.0 	 0.35 
1121 	 0.0 	 0.35 
1122 	 0.0 	 0.55 
1123 	 0.0 	 0.49 
1124 	 0.0 	 0.33 
1125 	 0.0 	 0.58 
1126 	 0.0 	 0.50 
1127 	 0.0 	 0.57 
1128 	 0.0 	 0.00 
1129 	 0.0 	 0.00 
1130 	 0.0 	 0.00 
1131 	 0.0 	 0.43 
1132 	 0.0 	 0.36 
1133 	 0.0 	 0.23 
1134 	 0.0 	 0.44 
1135 	 0.0 	 0.54 
1136 	 0.0 	 0.51 
1137 	 0.0 	 0.71 
1138 	 0.0 	 0.66 
1139 	 0.0 	 0.30 
1140 	 0.0 	 0.30 
1141 	 0.0 	 0.23 
1142 	 0.0 	 0.69 
1143 	 0.0 	 0.00 
1144 	 0.0 	 0.00 
1145 	 0.0 	 0.15 
1146 	 0.0 	 0.22 
1147 	 0.0 	 0.27 
1148 	 0.0 	 0.00 
1149 	 0.0 	 0.00 
1150 	 0.0 	 0.08 
1151 	 0.0 	 0.00 
1152 	 0.0 	 0.11 
1153 	 0.0 	 0.15 
1154 	 0.0 	 0.40 
1155 	 0.0 	 0.00 
1156 	 0.0 	 0.00 
1157 	 0.0 	 0.00 
1158 	 0.0 	 0.00 
1159 	 0.0 	 0.00 
1160 	 0.0 	 0.00 
1161 	 0.0 	 0.06 
1162 	 0.0 	 0.30 
1163 	 0.0 	 0.42 
1164 	 0.0 	 0.49 
1165 	 0.0 	 0.50 
1166 	 0.0 	 0.00 
1167 	 0.0 	 0.35 
1168 	 0.0 	 0.41 
1169 	 0.0 	 0.18 
1170 	 0.0 	 0.34 
1171 	 0.0 	 0.54 
1172 	 0.0 	 0.53 
1173 	 0.0 	 0.50 
1174 	 0.0 	 0.52 
1175 	 0.0 	 0.58 
1176 	 0.0 	 0.47 
1177 	 0.0 	 0.43 
1178 	 0.0 	 0.68 
1179 	 0.0 	 0.54 
1180 	 0.0 	 0.54 
1181 	 0.0 	 0.60 
1182 	 0.0 	 0.66 
1183 	 0.0 	 0.69 
1184 	 0.0 	 0.61 
1185 	 0.0 	 0.70 
1186 	 0.0 	 0.57 
1187 	 0.0 	 0.62 
1188 	 0.0 	 0.46 
1189 	 0.0 	 0.49 
1190 	 0.0 	 0.58 
1191 	 0.0 	 0.60 
1192 	 0.0 	 0.75 
1193 	 0.0 	 0.39 
1194 	 0.0 	 0.55 
1195 	 0.0 	 0.40 
1196 	 0.0 	 0.53 
1197 	 0.0 	 0.22 
1198 	 0.0 	 0.31 
1199 	 0.0 	 0.22 
1200 	 0.0 	 0.15 
1201 	 0.0 	 0.13 
1202 	 0.0 	 0.22 
1203 	 0.0 	 0.16 
1204 	 0.0 	 0.50 
1205 	 0.0 	 0.62 
1206 	 0.0 	 0.58 
1207 	 0.0 	 0.39 
1208 	 0.0 	 0.74 
1209 	 0.0 	 0.47 
1210 	 0.0 	 0.34 
1211 	 0.0 	 0.11 
1212 	 0.0 	 0.34 
1213 	 0.0 	 0.32 
1214 	 0.0 	 0.27 
1215 	 0.0 	 0.32 
1216 	 0.0 	 0.12 
1217 	 0.0 	 0.53 
1218 	 0.0 	 0.14 
1219 	 0.0 	 0.22 
1220 	 0.0 	 0.23 
1221 	 0.0 	 0.00 
1222 	 0.0 	 0.00 
1223 	 0.0 	 0.00 
1224 	 0.0 	 0.00 
1225 	 0.0 	 0.00 
1226 	 0.0 	 0.00 
1227 	 0.0 	 0.00 
1228 	 0.0 	 0.00 
1229 	 0.0 	 0.00 
1230 	 0.0 	 0.00 
1231 	 0.0 	 0.00 
1232 	 0.0 	 0.00 
1233 	 0.0 	 0.00 
1234 	 0.0 	 0.00 
1235 	 0.0 	 0.00 
1236 	 0.0 	 0.00 
1237 	 0.0 	 0.04 
1238 	 0.0 	 0.29 
1239 	 0.0 	 0.36 
1240 	 0.0 	 0.30 
1241 	 0.0 	 0.35 
1242 	 0.0 	 0.70 
1243 	 0.0 	 0.54 
1244 	 0.0 	 0.56 
1245 	 0.0 	 0.49 
1246 	 0.0 	 0.12 
1247 	 0.0 	 0.24 
1248 	 0.0 	 0.38 
1249 	 0.0 	 0.18 
1250 	 0.0 	 0.42 
1251 	 0.0 	 0.29 
1252 	 0.0 	 0.17 
1253 	 0.0 	 0.25 
1254 	 0.0 	 0.38 
1255 	 0.0 	 0.40 
1256 	 0.0 	 0.45 
1257 	 0.0 	 0.05 
1258 	 0.0 	 0.31 
1259 	 0.0 	 0.38 
1260 	 0.0 	 0.15 
1261 	 0.0 	 0.17 
1262 	 0.0 	 0.29 
1263 	 0.0 	 0.27 
1264 	 0.0 	 0.14 
1265 	 0.0 	 0.17 
1266 	 0.0 	 0.22 
1267 	 0.0 	 0.30 
1268 	 0.0 	 0.22 
1269 	 0.0 	 0.44 
1270 	 0.0 	 0.31 
1271 	 0.0 	 0.48 
1272 	 0.0 	 0.26 
1273 	 0.0 	 0.50 
1274 	 0.0 	 0.52 
1275 	 0.0 	 0.45 
1276 	 0.0 	 0.38 
1277 	 0.0 	 0.39 
1278 	 0.0 	 0.15 
1279 	 0.0 	 0.21 
1280 	 0.0 	 0.21 
1281 	 0.0 	 0.13 
1282 	 0.0 	 0.22 
1283 	 0.0 	 0.16 
1284 	 0.0 	 0.21 
1285 	 0.0 	 0.25 
1286 	 0.0 	 0.13 
1287 	 0.0 	 0.14 
1288 	 0.0 	 0.22 
1289 	 0.0 	 0.12 
1290 	 0.0 	 0.20 
1291 	 0.0 	 0.10 
1292 	 0.0 	 0.11 
1293 	 0.0 	 0.17 
1294 	 0.0 	 0.03 
1295 	 0.0 	 0.16 
1296 	 0.0 	 0.15 
1297 	 0.0 	 0.10 
1298 	 0.0 	 0.09 
1299 	 0.0 	 0.20 
1300 	 0.0 	 0.16 
1301 	 0.0 	 0.16 
1302 	 0.0 	 0.19 
1303 	 0.0 	 0.20 
1304 	 0.0 	 0.24 
1305 	 0.0 	 0.15 
1306 	 0.0 	 0.10 
1307 	 0.0 	 0.11 
1308 	 0.0 	 0.24 
1309 	 0.0 	 0.21 
1310 	 0.0 	 0.13 
1311 	 0.0 	 0.25 
1312 	 0.0 	 0.15 
1313 	 0.0 	 0.09 
1314 	 0.0 	 0.12 
1315 	 0.0 	 0.03 
1316 	 0.0 	 0.06 
1317 	 0.0 	 0.20 
1318 	 0.0 	 0.13 
1319 	 0.0 	 0.07 
1320 	 0.0 	 0.07 
1321 	 0.0 	 0.12 
1322 	 0.0 	 0.13 
1323 	 0.0 	 0.15 
1324 	 0.0 	 0.15 
1325 	 0.0 	 0.12 
1326 	 0.0 	 0.09 
1327 	 0.0 	 0.04 
1328 	 0.0 	 0.13 
1329 	 0.0 	 0.05 
1330 	 0.0 	 0.09 
1331 	 0.0 	 0.17 
1332 	 0.0 	 0.21 
1333 	 0.0 	 0.06 
1334 	 0.0 	 0.14 
1335 	 0.0 	 0.15 
1336 	 0.0 	 0.08 
1337 	 0.0 	 0.15 
1338 	 0.0 	 0.07 
1339 	 0.0 	 0.15 
1340 	 0.0 	 0.16 
1341 	 0.0 	 0.07 
1342 	 0.0 	 0.04 
1343 	 0.0 	 0.20 
1344 	 0.0 	 0.21 
1345 	 0.0 	 0.18 
1346 	 0.0 	 0.09 
1347 	 0.0 	 0.16 
1348 	 0.0 	 0.11 
1349 	 0.0 	 0.10 
1350 	 0.0 	 0.14 
1351 	 0.0 	 0.08 
1352 	 0.0 	 0.06 
1353 	 0.0 	 0.08 
1354 	 0.0 	 0.02 
1355 	 0.0 	 0.14 
1356 	 0.0 	 0.15 
1357 	 0.0 	 0.07 
1358 	 0.0 	 0.17 
1359 	 0.0 	 0.16 
1360 	 0.0 	 0.02 
1361 	 0.0 	 0.21 
1362 	 0.0 	 0.15 
1363 	 0.0 	 0.10 
1364 	 0.0 	 0.09 
1365 	 0.0 	 0.10 
1366 	 0.0 	 0.06 
1367 	 0.0 	 0.14 
1368 	 0.0 	 0.08 
1369 	 0.0 	 0.07 
1370 	 0.0 	 0.11 
1371 	 0.0 	 0.10 
1372 	 0.0 	 0.11 
1373 	 0.0 	 0.11 
1374 	 0.0 	 0.05 
1375 	 0.0 	 0.10 
1376 	 0.0 	 0.08 
1377 	 0.0 	 0.08 
1378 	 0.0 	 0.08 
1379 	 0.0 	 0.13 
1380 	 0.0 	 0.09 
1381 	 0.0 	 0.11 
1382 	 0.0 	 0.02 
1383 	 0.0 	 0.11 
1384 	 0.0 	 0.07 
1385 	 0.0 	 0.05 
1386 	 0.0 	 0.02 
1387 	 0.0 	 0.05 
1388 	 0.0 	 0.12 
1389 	 0.0 	 0.08 
1390 	 0.0 	 0.06 
1391 	 0.0 	 0.05 
1392 	 0.0 	 0.08 
1393 	 0.0 	 0.08 
1394 	 0.0 	 0.07 
1395 	 0.0 	 0.03 
1396 	 0.0 	 0.11 
1397 	 0.0 	 0.07 
1398 	 0.0 	 0.02 
1399 	 0.0 	 0.17 
1400 	 0.0 	 0.04 
1401 	 0.0 	 0.11 
1402 	 0.0 	 0.04 
1403 	 0.0 	 0.04 
1404 	 0.0 	 0.03 
1405 	 0.0 	 0.02 
1406 	 0.0 	 0.02 
1407 	 0.0 	 0.02 
1408 	 0.0 	 0.11 
1409 	 0.0 	 0.04 
1410 	 0.0 	 0.04 
1411 	 0.0 	 0.05 
1412 	 0.0 	 0.07 
1413 	 0.0 	 0.04 
1414 	 0.0 	 0.08 
1415 	 0.0 	 0.18 
1416 	 0.0 	 0.03 
1417 	 0.0 	 0.04 
1418 	 0.0 	 0.02 
1419 	 0.0 	 0.08 
1420 	 0.0 	 0.03 
1421 	 0.0 	 0.03 
1422 	 0.0 	 0.04 
1423 	 0.0 	 0.07 
1424 	 0.0 	 0.06 
1425 	 0.0 	 0.05 
1426 	 0.0 	 0.04 
1427 	 0.0 	 0.06 
1428 	 0.0 	 0.02 
1429 	 0.0 	 0.03 
1430 	 0.0 	 0.02 
1431 	 0.0 	 0.02 
1432 	 0.0 	 0.02 
1433 	 0.0 	 0.03 
1434 	 0.0 	 0.02 
1435 	 0.0 	 0.05 
1436 	 0.0 	 0.02 
1437 	 0.0 	 0.05 
1438 	 0.0 	 0.02 
1439 	 0.0 	 0.02 
1440 	 0.0 	 0.04 
1441 	 0.0 	 0.03 
1442 	 0.0 	 0.02 
1443 	 0.0 	 0.05 
1444 	 0.0 	 0.04 
1445 	 0.0 	 0.03 
1446 	 0.0 	 0.03 
1447 	 0.0 	 0.05 
1448 	 0.0 	 0.03 
1449 	 0.0 	 0.03 
1450 	 0.0 	 0.05 
1451 	 0.0 	 0.04 
1452 	 0.0 	 0.02 
1453 	 0.0 	 0.02 
1454 	 0.0 	 0.02 
1455 	 0.0 	 0.02 
1456 	 0.0 	 0.01 
1457 	 0.0 	 0.04 
1458 	 0.0 	 0.02 
1459 	 0.0 	 0.01 
1460 	 0.0 	 0.03 
1461 	 0.0 	 0.02 
1462 	 0.0 	 0.01 
1463 	 0.0 	 0.02 
1464 	 0.0 	 0.02 
1465 	 0.0 	 0.01 
1466 	 0.0 	 0.01 
1467 	 0.0 	 0.02 
1468 	 0.0 	 0.04 
1469 	 0.0 	 0.01 
1470 	 0.0 	 0.02 
1471 	 0.0 	 0.01 
1472 	 0.0 	 0.02 
1473 	 0.0 	 0.01 
1474 	 0.0 	 0.02 
1475 	 0.0 	 0.03 
1476 	 0.0 	 0.01 
1477 	 0.0 	 0.01 
1478 	 0.0 	 0.02 
1479 	 0.0 	 0.01 
1480 	 0.0 	 0.02 
1481 	 0.0 	 0.02 
1482 	 0.0 	 0.02 
1483 	 0.0 	 0.01 
1484 	 0.0 	 0.02 
1485 	 0.0 	 0.02 
1486 	 0.0 	 0.02 
1487 	 0.0 	 0.01 
1488 	 0.0 	 0.01 
1489 	 0.0 	 0.02 
1490 	 0.0 	 0.02 
1491 	 0.0 	 0.00 
1492 	 0.0 	 0.02 
1493 	 0.0 	 0.01 
1494 	 0.0 	 0.01 
1495 	 0.0 	 0.01 
1496 	 0.0 	 0.01 
1497 	 0.0 	 0.02 
1498 	 0.0 	 0.01 
1499 	 0.0 	 0.01 
1500 	 0.0 	 0.01 
1501 	 0.0 	 0.01 
1502 	 0.0 	 0.01 
1503 	 0.0 	 0.01 
1504 	 0.0 	 0.01 
1505 	 0.0 	 0.01 
1506 	 0.0 	 0.01 
1507 	 0.0 	 0.00 
1508 	 0.0 	 0.00 
1509 	 0.0 	 0.01 
1510 	 0.0 	 0.00 
1511 	 0.0 	 0.00 
1512 	 0.0 	 0.00 
1513 	 0.0 	 0.01 
1514 	 0.0 	 0.00 
1515 	 0.0 	 0.01 
1516 	 0.0 	 0.00 
1517 	 0.0 	 0.01 
1518 	 0.0 	 0.01 
1519 	 0.0 	 0.01 
1520 	 0.0 	 0.01 
1521 	 0.0 	 0.00 
1522 	 0.0 	 0.00 
1523 	 0.0 	 0.00 
1524 	 0.0 	 0.01 
1525 	 0.0 	 0.01 
1526 	 0.0 	 0.01 
1527 	 0.0 	 0.02 
1528 	 0.0 	 0.00 
1529 	 0.0 	 0.00 
1530 	 0.0 	 0.00 
1531 	 0.0 	 0.00 
1532 	 0.0 	 0.00 
1533 	 0.0 	 0.00 
1534 	 0.0 	 0.00 
1535 	 0.0 	 0.01 
1536 	 0.0 	 0.00 
1537 	 0.0 	 0.01 
1538 	 0.0 	 0.00 
1539 	 0.0 	 0.00 
1540 	 0.0 	 0.01 
1541 	 0.0 	 0.00 
1542 	 0.0 	 0.00 
1543 	 0.0 	 0.00 
1544 	 0.0 	 0.00 
1545 	 0.0 	 0.00 
1546 	 0.0 	 0.00 
1547 	 0.0 	 0.00 
1548 	 0.0 	 0.00 
1549 	 0.0 	 0.00 
1550 	 0.0 	 0.00 
1551 	 0.0 	 0.00 
