1 	 0.0 	 0.08 
2 	 0.0 	 0.05 
3 	 0.0 	 0.07 
4 	 0.0 	 0.09 
5 	 0.0 	 0.08 
6 	 0.0 	 0.07 
7 	 0.0 	 0.09 
8 	 0.0 	 0.07 
9 	 0.0 	 0.09 
10 	 0.0 	 0.10 
11 	 0.0 	 0.09 
12 	 0.0 	 0.05 
13 	 0.0 	 0.09 
14 	 0.0 	 0.09 
15 	 0.0 	 0.05 
16 	 0.0 	 0.09 
17 	 0.0 	 0.08 
18 	 0.0 	 0.09 
19 	 0.0 	 0.09 
20 	 0.0 	 0.09 
21 	 0.0 	 0.07 
22 	 0.0 	 0.09 
23 	 0.0 	 0.08 
24 	 0.0 	 0.06 
25 	 0.0 	 0.09 
26 	 0.0 	 0.08 
27 	 0.0 	 0.09 
28 	 0.0 	 0.12 
29 	 0.0 	 0.08 
30 	 0.0 	 0.08 
31 	 0.0 	 0.08 
32 	 0.0 	 0.08 
33 	 0.0 	 0.09 
34 	 0.0 	 0.09 
35 	 0.0 	 0.08 
36 	 0.0 	 0.07 
37 	 0.0 	 0.06 
38 	 0.0 	 0.10 
39 	 0.0 	 0.08 
40 	 0.0 	 0.07 
41 	 0.0 	 0.08 
42 	 0.0 	 0.08 
43 	 0.0 	 0.05 
44 	 0.0 	 0.08 
45 	 0.0 	 0.07 
46 	 0.0 	 0.09 
47 	 0.0 	 0.22 
48 	 0.0 	 0.06 
49 	 0.0 	 0.09 
50 	 0.0 	 0.08 
51 	 0.0 	 0.08 
52 	 0.0 	 0.09 
53 	 0.0 	 0.06 
54 	 0.0 	 0.07 
55 	 0.0 	 0.09 
56 	 0.0 	 0.07 
57 	 0.0 	 0.08 
58 	 0.0 	 0.05 
59 	 0.0 	 20.60 
60 	 0.0 	 23.44 
61 	 0.0 	 19.10 
62 	 0.0 	 17.70 
63 	 0.0 	 12.55 
64 	 0.0 	 0.08 
65 	 0.0 	 0.05 
66 	 0.0 	 0.08 
67 	 0.0 	 0.08 
68 	 0.0 	 0.08 
69 	 0.0 	 0.12 
70 	 0.0 	 0.07 
71 	 0.0 	 0.09 
72 	 0.0 	 0.09 
73 	 0.0 	 0.06 
74 	 0.0 	 0.06 
75 	 0.0 	 0.08 
76 	 0.0 	 0.09 
77 	 0.0 	 0.09 
78 	 0.0 	 0.05 
79 	 0.0 	 21.66 
80 	 0.0 	 0.06 
81 	 0.0 	 0.10 
82 	 0.0 	 0.08 
83 	 0.0 	 0.06 
84 	 0.0 	 0.11 
87 	 0.0 	 0.24 
88 	 0.0 	 0.08 
89 	 0.0 	 8.74 
91 	 0.0 	 18.26 
92 	 0.0 	 18.69 
93 	 0.0 	 14.37 
94 	 0.0 	 13.93 
95 	 0.0 	 11.96 
96 	 0.0 	 10.18 
97 	 0.0 	 10.10 
98 	 0.0 	 8.46 
99 	 0.0 	 8.02 
100 	 0.0 	 0.09 
101 	 0.0 	 0.07 
102 	 0.0 	 0.19 
103 	 0.0 	 17.12 
104 	 0.0 	 17.12 
105 	 0.0 	 16.03 
107 	 0.0 	 12.35 
108 	 0.0 	 11.47 
109 	 0.0 	 9.36 
110 	 0.0 	 6.96 
111 	 0.0 	 5.53 
112 	 0.0 	 4.50 
113 	 0.0 	 3.15 
114 	 0.0 	 2.83 
115 	 0.0 	 2.74 
116 	 0.0 	 4.05 
117 	 0.0 	 4.55 
119 	 0.0 	 5.54 
120 	 0.0 	 5.80 
121 	 0.0 	 7.21 
122 	 0.0 	 8.03 
123 	 0.0 	 10.11 
124 	 0.0 	 12.00 
126 	 0.0 	 13.56 
127 	 0.0 	 12.89 
128 	 0.0 	 12.24 
129 	 0.0 	 12.25 
130 	 0.0 	 14.02 
131 	 0.0 	 13.64 
133 	 0.0 	 13.16 
134 	 0.0 	 13.13 
135 	 0.0 	 10.96 
136 	 0.0 	 9.49 
137 	 0.0 	 8.32 
138 	 0.0 	 6.72 
139 	 0.0 	 6.07 
140 	 0.0 	 6.16 
141 	 0.0 	 5.85 
142 	 0.0 	 5.06 
143 	 0.0 	 5.92 
144 	 0.0 	 5.09 
146 	 0.0 	 3.38 
147 	 0.0 	 1.73 
148 	 0.0 	 0.47 
149 	 0.0 	 0.38 
151 	 0.0 	 0.07 
152 	 0.0 	 0.09 
153 	 0.0 	 0.09 
154 	 0.0 	 17.47 
155 	 0.0 	 15.31 
156 	 0.0 	 0.06 
157 	 0.0 	 0.07 
158 	 0.0 	 0.06 
159 	 0.0 	 22.73 
160 	 0.0 	 17.79 
161 	 0.0 	 15.74 
162 	 0.0 	 14.62 
163 	 0.0 	 9.68 
164 	 0.0 	 8.06 
165 	 0.0 	 7.28 
166 	 0.0 	 8.81 
167 	 0.0 	 0.08 
168 	 0.0 	 0.37 
169 	 0.0 	 13.70 
170 	 0.0 	 8.58 
171 	 0.0 	 5.89 
172 	 0.0 	 5.72 
173 	 0.0 	 4.89 
174 	 0.0 	 5.02 
175 	 0.0 	 5.26 
176 	 0.0 	 5.02 
177 	 0.0 	 5.45 
178 	 0.0 	 5.22 
179 	 0.0 	 4.51 
180 	 0.0 	 5.18 
181 	 0.0 	 5.47 
182 	 0.0 	 5.56 
184 	 0.0 	 5.75 
185 	 0.0 	 5.87 
186 	 0.0 	 6.56 
187 	 0.0 	 5.92 
188 	 0.0 	 3.78 
189 	 0.0 	 2.54 
190 	 0.0 	 1.69 
191 	 0.0 	 0.67 
192 	 0.0 	 0.45 
193 	 0.0 	 0.37 
194 	 0.0 	 0.39 
195 	 0.0 	 0.35 
196 	 0.0 	 0.42 
197 	 0.0 	 0.40 
198 	 0.0 	 11.11 
199 	 0.0 	 9.34 
200 	 0.0 	 10.20 
201 	 0.0 	 11.91 
202 	 0.0 	 12.61 
203 	 0.0 	 12.99 
204 	 0.0 	 11.96 
206 	 0.0 	 9.43 
207 	 0.0 	 8.16 
208 	 0.0 	 7.53 
210 	 0.0 	 7.17 
211 	 0.0 	 7.35 
214 	 0.0 	 0.07 
215 	 0.0 	 0.09 
216 	 0.0 	 0.07 
217 	 0.0 	 0.07 
219 	 0.0 	 0.06 
220 	 0.0 	 0.07 
222 	 0.0 	 0.07 
223 	 0.0 	 0.09 
224 	 0.0 	 0.07 
225 	 0.0 	 0.08 
226 	 0.0 	 0.08 
227 	 0.0 	 0.07 
228 	 0.0 	 0.08 
229 	 0.0 	 0.07 
230 	 0.0 	 0.25 
231 	 0.0 	 19.27 
233 	 0.0 	 15.94 
234 	 0.0 	 12.52 
235 	 0.0 	 12.59 
236 	 0.0 	 9.86 
237 	 0.0 	 9.52 
238 	 0.0 	 8.72 
239 	 0.0 	 7.51 
241 	 0.0 	 8.45 
242 	 0.0 	 6.89 
243 	 0.0 	 7.25 
244 	 0.0 	 7.83 
245 	 0.0 	 8.92 
246 	 0.0 	 9.59 
248 	 0.0 	 13.60 
249 	 0.0 	 13.95 
250 	 0.0 	 12.50 
251 	 0.0 	 14.57 
252 	 0.0 	 14.05 
256 	 0.0 	 13.53 
257 	 0.0 	 11.91 
258 	 0.0 	 9.55 
259 	 0.0 	 8.45 
260 	 0.0 	 7.27 
261 	 0.0 	 7.18 
263 	 0.0 	 6.44 
264 	 0.0 	 5.20 
266 	 0.0 	 1.27 
267 	 0.0 	 0.38 
268 	 0.0 	 0.42 
269 	 0.0 	 0.13 
270 	 0.0 	 0.47 
271 	 0.0 	 1.76 
273 	 0.0 	 4.04 
274 	 0.0 	 4.08 
275 	 0.0 	 4.76 
276 	 0.0 	 5.13 
277 	 0.0 	 5.50 
278 	 0.0 	 6.09 
279 	 0.0 	 6.54 
280 	 0.0 	 6.53 
281 	 0.0 	 6.72 
282 	 0.0 	 6.59 
283 	 0.0 	 6.40 
284 	 0.0 	 6.38 
285 	 0.0 	 6.41 
286 	 0.0 	 8.71 
287 	 0.0 	 10.05 
288 	 0.0 	 10.75 
289 	 0.0 	 13.08 
290 	 0.0 	 12.85 
291 	 0.0 	 14.43 
292 	 0.0 	 14.73 
293 	 0.0 	 15.30 
294 	 0.0 	 16.50 
295 	 0.0 	 16.38 
296 	 0.0 	 15.49 
297 	 0.0 	 16.34 
298 	 0.0 	 17.14 
300 	 0.0 	 13.70 
302 	 0.0 	 12.06 
303 	 0.0 	 10.37 
304 	 0.0 	 8.44 
305 	 0.0 	 7.20 
306 	 0.0 	 6.62 
307 	 0.0 	 6.73 
308 	 0.0 	 5.56 
309 	 0.0 	 5.25 
310 	 0.0 	 5.17 
311 	 0.0 	 5.43 
313 	 0.0 	 6.37 
314 	 0.0 	 6.72 
315 	 0.0 	 9.15 
316 	 0.0 	 11.48 
317 	 0.0 	 10.84 
318 	 0.0 	 10.05 
320 	 0.0 	 8.76 
321 	 0.0 	 7.86 
323 	 0.0 	 5.49 
324 	 0.0 	 5.12 
325 	 0.0 	 3.51 
326 	 0.0 	 3.30 
327 	 0.0 	 3.40 
328 	 0.0 	 2.55 
329 	 0.0 	 2.42 
331 	 0.0 	 2.33 
332 	 0.0 	 1.91 
333 	 0.0 	 2.61 
334 	 0.0 	 3.39 
335 	 0.0 	 3.40 
336 	 0.0 	 4.49 
337 	 0.0 	 5.03 
338 	 0.0 	 7.01 
339 	 0.0 	 8.25 
340 	 0.0 	 7.93 
341 	 0.0 	 6.98 
343 	 0.0 	 3.19 
344 	 0.0 	 2.70 
345 	 0.0 	 3.13 
346 	 0.0 	 4.21 
347 	 0.0 	 5.17 
348 	 0.0 	 0.08 
349 	 0.0 	 0.09 
350 	 0.0 	 0.07 
351 	 0.0 	 0.07 
352 	 0.0 	 0.06 
353 	 0.0 	 0.07 
354 	 0.0 	 13.75 
356 	 0.0 	 14.91 
357 	 0.0 	 16.32 
358 	 0.0 	 14.18 
359 	 0.0 	 0.44 
360 	 0.0 	 0.05 
361 	 0.0 	 0.08 
362 	 0.0 	 9.88 
363 	 0.0 	 16.51 
364 	 0.0 	 16.26 
365 	 0.0 	 15.76 
366 	 0.0 	 0.09 
367 	 0.0 	 0.07 
369 	 0.0 	 0.08 
370 	 0.0 	 0.33 
371 	 0.0 	 19.27 
372 	 0.0 	 15.45 
373 	 0.0 	 14.37 
374 	 0.0 	 13.84 
375 	 0.0 	 13.53 
376 	 0.0 	 0.08 
377 	 0.0 	 0.07 
379 	 0.0 	 19.09 
380 	 0.0 	 16.92 
382 	 0.0 	 13.97 
383 	 0.0 	 10.45 
385 	 0.0 	 8.05 
387 	 0.0 	 9.15 
388 	 0.0 	 8.35 
389 	 0.0 	 7.87 
390 	 0.0 	 8.09 
391 	 0.0 	 7.96 
393 	 0.0 	 7.60 
394 	 0.0 	 8.11 
395 	 0.0 	 8.63 
397 	 0.0 	 9.16 
398 	 0.0 	 0.70 
399 	 0.0 	 0.04 
400 	 0.0 	 0.07 
401 	 0.0 	 0.08 
402 	 0.0 	 0.07 
403 	 0.0 	 0.25 
404 	 0.0 	 19.00 
405 	 0.0 	 17.25 
406 	 0.0 	 16.43 
407 	 0.0 	 13.82 
408 	 0.0 	 13.09 
409 	 0.0 	 11.12 
410 	 0.0 	 11.01 
411 	 0.0 	 9.56 
413 	 0.0 	 8.97 
414 	 0.0 	 9.60 
415 	 0.0 	 9.96 
416 	 0.0 	 9.32 
417 	 0.0 	 11.00 
418 	 0.0 	 9.81 
419 	 0.0 	 10.87 
420 	 0.0 	 9.79 
421 	 0.0 	 9.86 
422 	 0.0 	 9.76 
424 	 0.0 	 9.61 
425 	 0.0 	 9.78 
426 	 0.0 	 10.02 
427 	 0.0 	 11.05 
428 	 0.0 	 10.54 
430 	 0.0 	 9.66 
431 	 0.0 	 9.68 
432 	 0.0 	 11.11 
433 	 0.0 	 9.82 
434 	 0.0 	 14.46 
435 	 0.0 	 0.12 
436 	 0.0 	 0.09 
438 	 0.0 	 0.07 
439 	 0.0 	 0.07 
440 	 0.0 	 0.08 
441 	 0.0 	 0.05 
442 	 0.0 	 0.07 
443 	 0.0 	 0.07 
445 	 0.0 	 0.08 
446 	 0.0 	 0.09 
447 	 0.0 	 0.05 
448 	 0.0 	 0.08 
449 	 0.0 	 0.09 
450 	 0.0 	 0.04 
451 	 0.0 	 0.10 
452 	 0.0 	 0.09 
453 	 0.0 	 0.08 
454 	 0.0 	 0.09 
456 	 0.0 	 18.88 
457 	 0.0 	 17.65 
458 	 0.0 	 15.26 
459 	 0.0 	 15.62 
462 	 0.0 	 11.39 
463 	 0.0 	 11.29 
464 	 0.0 	 11.24 
465 	 0.0 	 10.58 
466 	 0.0 	 10.04 
467 	 0.0 	 9.77 
468 	 0.0 	 10.54 
469 	 0.0 	 9.56 
470 	 0.0 	 9.63 
472 	 0.0 	 9.19 
473 	 0.0 	 9.05 
474 	 0.0 	 9.28 
475 	 0.0 	 8.39 
476 	 0.0 	 10.00 
477 	 0.0 	 12.78 
478 	 0.0 	 12.04 
479 	 0.0 	 10.17 
480 	 0.0 	 9.67 
481 	 0.0 	 8.96 
482 	 0.0 	 9.15 
483 	 0.0 	 9.88 
484 	 0.0 	 10.61 
485 	 0.0 	 0.10 
486 	 0.0 	 0.08 
487 	 0.0 	 0.05 
488 	 0.0 	 0.08 
489 	 0.0 	 0.07 
490 	 0.0 	 0.08 
491 	 0.0 	 0.09 
492 	 0.0 	 0.06 
493 	 0.0 	 0.09 
494 	 0.0 	 0.26 
495 	 0.0 	 20.00 
496 	 0.0 	 18.78 
497 	 0.0 	 16.42 
498 	 0.0 	 14.28 
499 	 0.0 	 15.40 
501 	 0.0 	 14.95 
502 	 0.0 	 13.15 
503 	 0.0 	 12.74 
504 	 0.0 	 13.51 
505 	 0.0 	 11.78 
506 	 0.0 	 10.59 
507 	 0.0 	 9.23 
508 	 0.0 	 9.67 
509 	 0.0 	 9.72 
511 	 0.0 	 8.00 
512 	 0.0 	 7.64 
513 	 0.0 	 7.48 
514 	 0.0 	 7.42 
515 	 0.0 	 8.22 
516 	 0.0 	 9.93 
517 	 0.0 	 11.14 
518 	 0.0 	 11.92 
519 	 0.0 	 14.23 
520 	 0.0 	 12.30 
521 	 0.0 	 14.21 
522 	 0.0 	 13.56 
523 	 0.0 	 13.18 
524 	 0.0 	 14.07 
525 	 0.0 	 13.48 
526 	 0.0 	 13.78 
527 	 0.0 	 12.89 
528 	 0.0 	 13.10 
529 	 0.0 	 12.96 
530 	 0.0 	 12.81 
531 	 0.0 	 0.07 
532 	 0.0 	 0.09 
533 	 0.0 	 0.07 
534 	 0.0 	 0.08 
535 	 0.0 	 0.07 
536 	 0.0 	 0.09 
537 	 0.0 	 0.10 
538 	 0.0 	 0.09 
539 	 0.0 	 0.08 
540 	 0.0 	 0.08 
541 	 0.0 	 0.07 
542 	 0.0 	 0.07 
543 	 0.0 	 15.29 
544 	 0.0 	 19.52 
545 	 0.0 	 16.72 
546 	 0.0 	 16.95 
547 	 0.0 	 15.85 
548 	 0.0 	 16.75 
550 	 0.0 	 14.36 
551 	 0.0 	 14.87 
552 	 0.0 	 13.57 
553 	 0.0 	 14.09 
554 	 0.0 	 14.71 
555 	 0.0 	 13.24 
556 	 0.0 	 14.11 
557 	 0.0 	 14.02 
558 	 0.0 	 13.26 
559 	 0.0 	 12.68 
560 	 0.0 	 13.11 
561 	 0.0 	 0.08 
562 	 0.0 	 0.06 
563 	 0.0 	 0.07 
564 	 0.0 	 0.07 
565 	 0.0 	 0.08 
566 	 0.0 	 0.06 
567 	 0.0 	 0.06 
568 	 0.0 	 0.09 
569 	 0.0 	 0.05 
570 	 0.0 	 0.09 
571 	 0.0 	 0.08 
572 	 0.0 	 0.07 
573 	 0.0 	 0.06 
574 	 0.0 	 0.10 
575 	 0.0 	 0.07 
576 	 0.0 	 0.08 
577 	 0.0 	 0.07 
578 	 0.0 	 0.07 
580 	 0.0 	 0.09 
581 	 0.0 	 0.10 
582 	 0.0 	 9.11 
583 	 0.0 	 18.60 
584 	 0.0 	 17.16 
585 	 0.0 	 15.92 
587 	 0.0 	 16.54 
588 	 0.0 	 15.57 
589 	 0.0 	 16.46 
590 	 0.0 	 17.60 
591 	 0.0 	 15.59 
592 	 0.0 	 15.22 
593 	 0.0 	 13.42 
595 	 0.0 	 14.48 
596 	 0.0 	 13.28 
597 	 0.0 	 14.14 
599 	 0.0 	 13.11 
600 	 0.0 	 13.21 
601 	 0.0 	 13.24 
602 	 0.0 	 14.15 
603 	 0.0 	 13.03 
604 	 0.0 	 13.17 
605 	 0.0 	 12.93 
606 	 0.0 	 11.97 
607 	 0.0 	 12.39 
608 	 0.0 	 13.08 
609 	 0.0 	 12.65 
610 	 0.0 	 12.45 
611 	 0.0 	 13.57 
612 	 0.0 	 0.06 
613 	 0.0 	 0.09 
615 	 0.0 	 19.63 
616 	 0.0 	 16.92 
617 	 0.0 	 16.24 
618 	 0.0 	 16.45 
619 	 0.0 	 17.35 
620 	 0.0 	 15.19 
621 	 0.0 	 13.06 
622 	 0.0 	 14.44 
623 	 0.0 	 0.30 
624 	 0.0 	 18.42 
625 	 0.0 	 15.94 
626 	 0.0 	 13.97 
627 	 0.0 	 15.40 
628 	 0.0 	 13.46 
629 	 0.0 	 14.31 
630 	 0.0 	 14.51 
631 	 0.0 	 14.23 
632 	 0.0 	 15.77 
633 	 0.0 	 16.24 
634 	 0.0 	 16.47 
635 	 0.0 	 15.91 
636 	 0.0 	 16.88 
637 	 0.0 	 16.76 
638 	 0.0 	 15.98 
639 	 0.0 	 16.22 
640 	 0.0 	 15.86 
641 	 0.0 	 16.21 
642 	 0.0 	 16.63 
643 	 0.0 	 16.62 
644 	 0.0 	 15.70 
645 	 0.0 	 16.28 
646 	 0.0 	 16.45 
647 	 0.0 	 16.20 
648 	 0.0 	 16.64 
650 	 0.0 	 14.58 
651 	 0.0 	 15.15 
652 	 0.0 	 16.14 
653 	 0.0 	 14.97 
654 	 0.0 	 13.91 
655 	 0.0 	 14.63 
656 	 0.0 	 16.11 
657 	 0.0 	 16.30 
658 	 0.0 	 14.59 
659 	 0.0 	 14.40 
660 	 0.0 	 15.82 
661 	 0.0 	 15.71 
662 	 0.0 	 14.71 
663 	 0.0 	 14.75 
664 	 0.0 	 0.08 
666 	 0.0 	 0.09 
667 	 0.0 	 0.07 
668 	 0.0 	 0.08 
669 	 0.0 	 0.08 
671 	 0.0 	 0.07 
672 	 0.0 	 0.06 
673 	 0.0 	 0.05 
674 	 0.0 	 0.09 
676 	 0.0 	 0.09 
677 	 0.0 	 0.17 
678 	 0.0 	 12.67 
679 	 0.0 	 18.94 
681 	 0.0 	 16.03 
682 	 0.0 	 16.51 
683 	 0.0 	 15.93 
684 	 0.0 	 16.76 
685 	 0.0 	 15.72 
686 	 0.0 	 16.64 
687 	 0.0 	 16.18 
690 	 0.0 	 13.96 
691 	 0.0 	 13.61 
692 	 0.0 	 14.97 
693 	 0.0 	 13.07 
695 	 0.0 	 13.16 
696 	 0.0 	 13.84 
697 	 0.0 	 0.59 
698 	 0.0 	 16.23 
700 	 0.0 	 15.13 
701 	 0.0 	 15.18 
702 	 0.0 	 14.51 
703 	 0.0 	 15.90 
704 	 0.0 	 14.68 
706 	 0.0 	 15.29 
707 	 0.0 	 16.39 
708 	 0.0 	 15.09 
709 	 0.0 	 16.17 
710 	 0.0 	 16.32 
711 	 0.0 	 16.46 
712 	 0.0 	 15.58 
713 	 0.0 	 17.62 
714 	 0.0 	 14.36 
715 	 0.0 	 15.17 
716 	 0.0 	 13.67 
717 	 0.0 	 14.68 
718 	 0.0 	 15.18 
719 	 0.0 	 16.17 
720 	 0.0 	 13.84 
722 	 0.0 	 0.08 
725 	 0.0 	 17.33 
726 	 0.0 	 14.38 
727 	 0.0 	 10.57 
728 	 0.0 	 7.23 
729 	 0.0 	 4.56 
731 	 0.0 	 1.76 
732 	 0.0 	 0.67 
733 	 0.0 	 0.38 
734 	 0.0 	 0.36 
735 	 0.0 	 0.28 
736 	 0.0 	 0.45 
738 	 0.0 	 0.23 
739 	 0.0 	 0.23 
740 	 0.0 	 0.33 
741 	 0.0 	 0.94 
742 	 0.0 	 0.83 
743 	 0.0 	 0.57 
744 	 0.0 	 0.09 
745 	 0.0 	 0.10 
746 	 0.0 	 0.08 
747 	 0.0 	 0.08 
748 	 0.0 	 12.29 
749 	 0.0 	 14.10 
750 	 0.0 	 8.90 
751 	 0.0 	 5.42 
752 	 0.0 	 3.45 
753 	 0.0 	 2.57 
754 	 0.0 	 1.58 
755 	 0.0 	 1.07 
756 	 0.0 	 0.05 
757 	 0.0 	 0.08 
758 	 0.0 	 0.07 
760 	 0.0 	 0.10 
761 	 0.0 	 0.06 
762 	 0.0 	 4.09 
763 	 0.0 	 15.04 
764 	 0.0 	 12.68 
765 	 0.0 	 6.88 
766 	 0.0 	 4.60 
767 	 0.0 	 1.83 
768 	 0.0 	 0.97 
769 	 0.0 	 0.26 
770 	 0.0 	 0.42 
771 	 0.0 	 0.06 
772 	 0.0 	 0.10 
773 	 0.0 	 0.07 
774 	 0.0 	 1.11 
775 	 0.0 	 0.08 
776 	 0.0 	 0.05 
777 	 0.0 	 0.05 
778 	 0.0 	 16.81 
779 	 0.0 	 11.62 
780 	 0.0 	 0.08 
781 	 0.0 	 0.21 
782 	 0.0 	 0.26 
783 	 0.0 	 0.07 
784 	 0.0 	 0.10 
785 	 0.0 	 0.08 
786 	 0.0 	 16.02 
788 	 0.0 	 14.18 
789 	 0.0 	 13.44 
790 	 0.0 	 13.30 
791 	 0.0 	 12.92 
792 	 0.0 	 0.07 
793 	 0.0 	 0.08 
794 	 0.0 	 0.08 
795 	 0.0 	 16.92 
796 	 0.0 	 0.07 
797 	 0.0 	 0.08 
798 	 0.0 	 0.27 
800 	 0.0 	 16.98 
801 	 0.0 	 16.89 
802 	 0.0 	 15.00 
803 	 0.0 	 13.54 
804 	 0.0 	 13.68 
805 	 0.0 	 11.40 
807 	 0.0 	 9.49 
808 	 0.0 	 8.95 
809 	 0.0 	 8.40 
810 	 0.0 	 7.10 
811 	 0.0 	 6.14 
812 	 0.0 	 4.64 
813 	 0.0 	 4.37 
814 	 0.0 	 3.50 
815 	 0.0 	 4.68 
816 	 0.0 	 4.25 
817 	 0.0 	 5.94 
819 	 0.0 	 5.75 
820 	 0.0 	 6.29 
821 	 0.0 	 7.04 
822 	 0.0 	 6.78 
824 	 0.0 	 7.79 
825 	 0.0 	 7.43 
827 	 0.0 	 6.96 
828 	 0.0 	 5.96 
829 	 0.0 	 4.41 
830 	 0.0 	 3.32 
831 	 0.0 	 1.54 
832 	 0.0 	 0.99 
833 	 0.0 	 0.39 
834 	 0.0 	 0.46 
835 	 0.0 	 0.09 
836 	 0.0 	 0.07 
837 	 0.0 	 0.09 
838 	 0.0 	 0.41 
839 	 0.0 	 12.90 
840 	 0.0 	 0.07 
841 	 0.0 	 0.08 
842 	 0.0 	 15.00 
843 	 0.0 	 0.09 
844 	 0.0 	 0.06 
845 	 0.0 	 17.33 
846 	 0.0 	 11.77 
847 	 0.0 	 12.25 
848 	 0.0 	 2.63 
849 	 0.0 	 0.08 
850 	 0.0 	 0.06 
851 	 0.0 	 0.49 
852 	 0.0 	 0.06 
854 	 0.0 	 0.21 
855 	 0.0 	 16.53 
856 	 0.0 	 16.06 
857 	 0.0 	 16.03 
858 	 0.0 	 16.81 
859 	 0.0 	 0.09 
860 	 0.0 	 0.07 
861 	 0.0 	 0.21 
863 	 0.0 	 16.86 
864 	 0.0 	 16.97 
865 	 0.0 	 15.82 
866 	 0.0 	 13.33 
867 	 0.0 	 14.74 
868 	 0.0 	 7.37 
869 	 0.0 	 0.08 
870 	 0.0 	 0.11 
871 	 0.0 	 16.30 
872 	 0.0 	 16.70 
873 	 0.0 	 16.16 
874 	 0.0 	 0.08 
875 	 0.0 	 8.60 
876 	 0.0 	 15.11 
877 	 0.0 	 15.67 
878 	 0.0 	 14.80 
879 	 0.0 	 14.21 
880 	 0.0 	 11.65 
881 	 0.0 	 9.64 
883 	 0.0 	 8.60 
884 	 0.0 	 8.92 
885 	 0.0 	 8.72 
886 	 0.0 	 9.29 
887 	 0.0 	 9.62 
889 	 0.0 	 9.07 
890 	 0.0 	 9.74 
892 	 0.0 	 8.49 
893 	 0.0 	 7.65 
896 	 0.0 	 0.10 
897 	 0.0 	 0.07 
898 	 0.0 	 18.66 
899 	 0.0 	 17.27 
900 	 0.0 	 14.61 
901 	 0.0 	 10.91 
902 	 0.0 	 8.06 
903 	 0.0 	 8.49 
904 	 0.0 	 11.48 
905 	 0.0 	 10.59 
906 	 0.0 	 10.20 
907 	 0.0 	 7.60 
908 	 0.0 	 6.11 
909 	 0.0 	 4.93 
910 	 0.0 	 4.73 
911 	 0.0 	 3.55 
913 	 0.0 	 3.35 
914 	 0.0 	 3.21 
915 	 0.0 	 3.04 
916 	 0.0 	 3.85 
917 	 0.0 	 3.47 
919 	 0.0 	 4.78 
920 	 0.0 	 6.17 
921 	 0.0 	 6.43 
922 	 0.0 	 7.34 
923 	 0.0 	 6.61 
924 	 0.0 	 6.19 
925 	 0.0 	 6.57 
926 	 0.0 	 6.57 
927 	 0.0 	 6.08 
929 	 0.0 	 5.98 
930 	 0.0 	 5.09 
931 	 0.0 	 5.06 
932 	 0.0 	 5.00 
933 	 0.0 	 3.80 
934 	 0.0 	 3.60 
935 	 0.0 	 3.22 
936 	 0.0 	 2.98 
937 	 0.0 	 1.56 
938 	 0.0 	 0.44 
939 	 0.0 	 0.90 
941 	 0.0 	 0.32 
942 	 0.0 	 0.30 
944 	 0.0 	 0.30 
945 	 0.0 	 0.37 
946 	 0.0 	 0.33 
948 	 0.0 	 1.17 
949 	 0.0 	 1.92 
951 	 0.0 	 3.65 
952 	 0.0 	 5.13 
953 	 0.0 	 4.00 
954 	 0.0 	 1.39 
956 	 0.0 	 0.07 
957 	 0.0 	 0.05 
958 	 0.0 	 0.07 
959 	 0.0 	 0.07 
960 	 0.0 	 0.06 
961 	 0.0 	 0.08 
962 	 0.0 	 0.07 
963 	 0.0 	 14.24 
964 	 0.0 	 8.67 
965 	 0.0 	 0.07 
966 	 0.0 	 0.08 
967 	 0.0 	 0.07 
968 	 0.0 	 0.07 
969 	 0.0 	 0.06 
970 	 0.0 	 0.06 
971 	 0.0 	 0.06 
972 	 0.0 	 10.43 
973 	 0.0 	 15.44 
974 	 0.0 	 12.76 
975 	 0.0 	 7.45 
977 	 0.0 	 4.12 
979 	 0.0 	 3.68 
980 	 0.0 	 3.72 
981 	 0.0 	 4.13 
982 	 0.0 	 4.28 
983 	 0.0 	 4.69 
984 	 0.0 	 6.03 
985 	 0.0 	 5.95 
986 	 0.0 	 7.81 
987 	 0.0 	 7.80 
988 	 0.0 	 7.99 
989 	 0.0 	 8.33 
990 	 0.0 	 0.05 
991 	 0.0 	 0.08 
992 	 0.0 	 0.07 
994 	 0.0 	 0.06 
995 	 0.0 	 20.62 
996 	 0.0 	 16.56 
997 	 0.0 	 15.97 
998 	 0.0 	 13.83 
999 	 0.0 	 13.11 
1000 	 0.0 	 0.06 
1001 	 0.0 	 0.08 
1002 	 0.0 	 0.09 
1003 	 0.0 	 0.07 
1004 	 0.0 	 0.08 
1005 	 0.0 	 0.08 
1006 	 0.0 	 0.07 
1007 	 0.0 	 0.07 
1008 	 0.0 	 0.08 
1009 	 0.0 	 0.07 
1010 	 0.0 	 0.29 
1011 	 0.0 	 16.45 
1012 	 0.0 	 14.15 
1013 	 0.0 	 0.08 
1014 	 0.0 	 0.08 
1017 	 0.0 	 0.08 
1018 	 0.0 	 0.08 
1019 	 0.0 	 0.07 
1020 	 0.0 	 0.08 
1021 	 0.0 	 0.09 
1022 	 0.0 	 0.10 
1023 	 0.0 	 0.10 
1024 	 0.0 	 0.09 
1026 	 0.0 	 0.11 
1027 	 0.0 	 0.07 
1030 	 0.0 	 0.06 
1032 	 0.0 	 0.08 
1033 	 0.0 	 0.06 
1034 	 0.0 	 0.09 
1035 	 0.0 	 0.07 
1036 	 0.0 	 0.10 
1037 	 0.0 	 17.89 
1038 	 0.0 	 15.04 
1039 	 0.0 	 14.58 
1040 	 0.0 	 13.84 
1041 	 0.0 	 0.09 
1042 	 0.0 	 0.10 
1044 	 0.0 	 0.08 
1045 	 0.0 	 16.85 
1047 	 0.0 	 12.74 
1048 	 0.0 	 13.95 
1049 	 0.0 	 10.44 
1050 	 0.0 	 8.94 
1052 	 0.0 	 0.10 
1053 	 0.0 	 0.09 
1055 	 0.0 	 0.67 
1057 	 0.0 	 15.80 
1058 	 0.0 	 13.56 
1059 	 0.0 	 13.14 
1060 	 0.0 	 0.09 
1061 	 0.0 	 0.08 
1062 	 0.0 	 0.01 
1063 	 0.0 	 17.71 
1064 	 0.0 	 15.90 
1065 	 0.0 	 15.57 
1066 	 0.0 	 14.87 
1067 	 0.0 	 12.92 
1068 	 0.0 	 10.96 
1069 	 0.0 	 10.60 
1070 	 0.0 	 9.55 
1071 	 0.0 	 0.05 
1072 	 0.0 	 0.08 
1073 	 0.0 	 0.34 
1074 	 0.0 	 19.97 
1075 	 0.0 	 0.07 
1076 	 0.0 	 16.98 
1077 	 0.0 	 16.37 
1078 	 0.0 	 16.39 
1079 	 0.0 	 14.68 
1080 	 0.0 	 13.70 
1081 	 0.0 	 14.02 
1083 	 0.0 	 11.20 
1084 	 0.0 	 11.01 
1085 	 0.0 	 11.12 
1086 	 0.0 	 9.84 
1087 	 0.0 	 0.07 
1088 	 0.0 	 0.07 
1090 	 0.0 	 16.77 
1091 	 0.0 	 0.07 
1092 	 0.0 	 7.21 
1093 	 0.0 	 20.02 
1094 	 0.0 	 0.08 
1095 	 0.0 	 0.07 
1097 	 0.0 	 14.90 
1098 	 0.0 	 16.30 
1099 	 0.0 	 16.67 
1100 	 0.0 	 0.06 
1101 	 0.0 	 0.43 
1102 	 0.0 	 16.66 
1103 	 0.0 	 16.13 
1104 	 0.0 	 14.64 
1105 	 0.0 	 13.80 
1106 	 0.0 	 12.09 
1107 	 0.0 	 11.92 
1108 	 0.0 	 12.27 
1109 	 0.0 	 13.23 
1110 	 0.0 	 10.18 
1111 	 0.0 	 11.46 
1112 	 0.0 	 12.86 
1113 	 0.0 	 12.19 
1115 	 0.0 	 12.01 
1116 	 0.0 	 12.33 
1117 	 0.0 	 14.03 
1118 	 0.0 	 12.62 
1119 	 0.0 	 11.99 
1120 	 0.0 	 12.97 
1121 	 0.0 	 12.12 
1122 	 0.0 	 13.71 
1123 	 0.0 	 12.05 
1125 	 0.0 	 11.75 
1127 	 0.0 	 12.53 
1128 	 0.0 	 0.08 
1129 	 0.0 	 0.09 
1131 	 0.0 	 21.05 
1132 	 0.0 	 17.75 
1133 	 0.0 	 15.79 
1135 	 0.0 	 14.84 
1136 	 0.0 	 16.52 
1137 	 0.0 	 14.26 
1138 	 0.0 	 13.07 
1139 	 0.0 	 15.23 
1140 	 0.0 	 16.10 
1141 	 0.0 	 13.83 
1142 	 0.0 	 13.90 
1143 	 0.0 	 0.09 
1144 	 0.0 	 3.16 
1145 	 0.0 	 18.99 
1148 	 0.0 	 0.11 
1149 	 0.0 	 12.55 
1150 	 0.0 	 0.08 
1151 	 0.0 	 0.06 
1152 	 0.0 	 14.07 
1153 	 0.0 	 20.70 
1154 	 0.0 	 17.17 
1155 	 0.0 	 0.07 
1156 	 0.0 	 0.08 
1157 	 0.0 	 0.06 
1158 	 0.0 	 0.09 
1159 	 0.0 	 0.08 
1160 	 0.0 	 0.65 
1161 	 0.0 	 15.63 
1162 	 0.0 	 17.61 
1163 	 0.0 	 14.69 
1164 	 0.0 	 15.57 
1165 	 0.0 	 0.07 
1166 	 0.0 	 6.07 
1167 	 0.0 	 15.77 
1168 	 0.0 	 15.51 
1170 	 0.0 	 15.67 
1171 	 0.0 	 16.38 
1172 	 0.0 	 15.76 
1173 	 0.0 	 15.75 
1174 	 0.0 	 14.32 
1175 	 0.0 	 13.23 
1176 	 0.0 	 13.37 
1177 	 0.0 	 13.25 
1178 	 0.0 	 11.94 
1179 	 0.0 	 14.38 
1181 	 0.0 	 14.15 
1182 	 0.0 	 13.18 
1183 	 0.0 	 14.09 
1184 	 0.0 	 12.99 
1185 	 0.0 	 12.12 
1186 	 0.0 	 13.52 
1187 	 0.0 	 11.79 
1188 	 0.0 	 13.09 
1189 	 0.0 	 12.24 
1190 	 0.0 	 12.49 
1191 	 0.0 	 14.05 
1192 	 0.0 	 12.50 
1193 	 0.0 	 12.54 
1194 	 0.0 	 11.47 
1195 	 0.0 	 11.09 
1196 	 0.0 	 10.78 
1197 	 0.0 	 8.40 
1198 	 0.0 	 9.63 
1199 	 0.0 	 7.97 
1200 	 0.0 	 7.10 
1201 	 0.0 	 7.83 
1203 	 0.0 	 11.08 
1204 	 0.0 	 14.02 
1205 	 0.0 	 12.52 
1206 	 0.0 	 13.94 
1208 	 0.0 	 14.06 
1209 	 0.0 	 17.69 
1210 	 0.0 	 17.34 
1211 	 0.0 	 17.29 
1212 	 0.0 	 15.76 
1213 	 0.0 	 18.62 
1214 	 0.0 	 14.12 
1215 	 0.0 	 19.02 
1216 	 0.0 	 14.16 
1217 	 0.0 	 15.09 
1218 	 0.0 	 15.75 
1219 	 0.0 	 15.68 
1220 	 0.0 	 16.38 
1221 	 0.0 	 0.07 
1222 	 0.0 	 0.06 
1223 	 0.0 	 0.08 
1224 	 0.0 	 0.06 
1225 	 0.0 	 0.06 
1227 	 0.0 	 0.08 
1228 	 0.0 	 0.07 
1229 	 0.0 	 0.07 
1230 	 0.0 	 0.09 
1231 	 0.0 	 0.07 
1232 	 0.0 	 0.07 
1233 	 0.0 	 0.09 
1234 	 0.0 	 0.07 
1235 	 0.0 	 0.08 
1236 	 0.0 	 0.17 
1237 	 0.0 	 18.89 
1238 	 0.0 	 18.78 
1239 	 0.0 	 18.56 
1240 	 0.0 	 17.88 
1241 	 0.0 	 14.57 
1242 	 0.0 	 12.00 
1243 	 0.0 	 15.30 
1244 	 0.0 	 14.39 
1245 	 0.0 	 17.42 
1247 	 0.0 	 16.04 
1248 	 0.0 	 17.93 
1249 	 0.0 	 18.50 
1250 	 0.0 	 19.25 
1251 	 0.0 	 14.68 
1252 	 0.0 	 17.46 
1253 	 0.0 	 16.61 
1254 	 0.0 	 17.40 
1255 	 0.0 	 14.82 
1256 	 0.0 	 14.71 
1257 	 0.0 	 15.33 
1258 	 0.0 	 13.95 
1259 	 0.0 	 15.75 
1260 	 0.0 	 15.28 
1261 	 0.0 	 14.03 
1262 	 0.0 	 14.77 
1263 	 0.0 	 15.58 
1264 	 0.0 	 15.45 
1265 	 0.0 	 17.41 
1266 	 0.0 	 17.29 
1267 	 0.0 	 16.15 
1268 	 0.0 	 12.81 
1269 	 0.0 	 14.67 
1270 	 0.0 	 15.31 
1271 	 0.0 	 13.88 
1272 	 0.0 	 13.05 
1273 	 0.0 	 11.92 
1274 	 0.0 	 12.10 
1275 	 0.0 	 11.03 
1278 	 0.0 	 14.36 
1279 	 0.0 	 16.44 
1280 	 0.0 	 16.06 
1282 	 0.0 	 16.31 
1283 	 0.0 	 18.98 
1284 	 0.0 	 18.74 
1285 	 0.0 	 15.05 
1286 	 0.0 	 19.98 
1287 	 0.0 	 18.13 
1288 	 0.0 	 17.92 
1289 	 0.0 	 16.86 
1290 	 0.0 	 19.91 
1291 	 0.0 	 16.27 
1292 	 0.0 	 18.40 
1293 	 0.0 	 17.19 
1294 	 0.0 	 17.58 
1295 	 0.0 	 18.55 
1297 	 0.0 	 15.93 
1298 	 0.0 	 17.42 
1299 	 0.0 	 15.70 
1301 	 0.0 	 15.99 
1302 	 0.0 	 13.74 
1303 	 0.0 	 16.98 
1304 	 0.0 	 13.12 
1305 	 0.0 	 14.96 
1306 	 0.0 	 16.34 
1307 	 0.0 	 18.94 
1309 	 0.0 	 20.35 
1310 	 0.0 	 14.73 
1311 	 0.0 	 17.54 
1313 	 0.0 	 19.66 
1314 	 0.0 	 17.66 
1315 	 0.0 	 15.89 
1316 	 0.0 	 19.37 
1317 	 0.0 	 13.92 
1318 	 0.0 	 16.51 
1319 	 0.0 	 16.07 
1320 	 0.0 	 17.11 
1321 	 0.0 	 16.05 
1322 	 0.0 	 17.87 
1323 	 0.0 	 12.54 
1324 	 0.0 	 14.56 
1325 	 0.0 	 15.79 
1326 	 0.0 	 15.24 
1327 	 0.0 	 16.63 
1328 	 0.0 	 16.01 
1329 	 0.0 	 16.42 
1330 	 0.0 	 16.54 
1331 	 0.0 	 14.82 
1333 	 0.0 	 15.56 
1335 	 0.0 	 14.85 
1336 	 0.0 	 12.34 
1337 	 0.0 	 14.16 
1338 	 0.0 	 16.22 
1339 	 0.0 	 15.44 
1341 	 0.0 	 15.52 
1342 	 0.0 	 16.80 
1343 	 0.0 	 15.14 
1344 	 0.0 	 16.14 
1345 	 0.0 	 16.63 
1346 	 0.0 	 17.31 
1347 	 0.0 	 15.43 
1348 	 0.0 	 15.70 
1349 	 0.0 	 18.57 
1350 	 0.0 	 16.60 
1351 	 0.0 	 18.17 
1352 	 0.0 	 14.61 
1353 	 0.0 	 19.33 
1354 	 0.0 	 15.59 
1355 	 0.0 	 15.93 
1356 	 0.0 	 13.87 
1357 	 0.0 	 16.06 
1358 	 0.0 	 15.06 
1359 	 0.0 	 14.65 
1360 	 0.0 	 14.05 
1362 	 0.0 	 15.55 
1363 	 0.0 	 16.10 
1364 	 0.0 	 15.71 
1365 	 0.0 	 16.02 
1366 	 0.0 	 11.70 
1367 	 0.0 	 13.19 
1368 	 0.0 	 12.09 
1369 	 0.0 	 16.59 
1370 	 0.0 	 15.18 
1371 	 0.0 	 14.62 
1373 	 0.0 	 19.16 
1374 	 0.0 	 16.45 
1375 	 0.0 	 15.41 
1376 	 0.0 	 13.58 
1377 	 0.0 	 16.50 
1378 	 0.0 	 15.72 
1379 	 0.0 	 12.37 
1380 	 0.0 	 17.20 
1381 	 0.0 	 11.54 
1382 	 0.0 	 12.48 
1384 	 0.0 	 17.02 
1385 	 0.0 	 14.77 
1386 	 0.0 	 17.98 
1387 	 0.0 	 18.06 
1388 	 0.0 	 11.73 
1389 	 0.0 	 14.89 
1390 	 0.0 	 16.69 
1391 	 0.0 	 13.80 
1393 	 0.0 	 13.80 
1394 	 0.0 	 11.24 
1395 	 0.0 	 12.95 
1396 	 0.0 	 15.53 
1397 	 0.0 	 16.29 
1398 	 0.0 	 12.12 
1399 	 0.0 	 13.90 
1401 	 0.0 	 16.61 
1402 	 0.0 	 13.88 
1403 	 0.0 	 12.78 
1404 	 0.0 	 14.38 
1405 	 0.0 	 14.03 
1406 	 0.0 	 13.21 
1407 	 0.0 	 13.85 
1408 	 0.0 	 13.77 
1410 	 0.0 	 14.69 
1411 	 0.0 	 14.94 
1412 	 0.0 	 12.28 
1413 	 0.0 	 16.72 
1414 	 0.0 	 11.90 
1415 	 0.0 	 12.97 
1416 	 0.0 	 12.29 
1417 	 0.0 	 15.61 
1418 	 0.0 	 14.27 
1420 	 0.0 	 14.10 
1421 	 0.0 	 15.42 
1422 	 0.0 	 12.19 
1423 	 0.0 	 14.28 
1424 	 0.0 	 14.57 
1425 	 0.0 	 15.04 
1426 	 0.0 	 16.30 
1427 	 0.0 	 11.59 
1428 	 0.0 	 15.51 
1429 	 0.0 	 12.72 
1430 	 0.0 	 14.01 
1431 	 0.0 	 13.59 
1433 	 0.0 	 9.21 
1435 	 0.0 	 9.68 
1436 	 0.0 	 14.48 
1437 	 0.0 	 14.97 
1438 	 0.0 	 5.43 
1441 	 0.0 	 13.58 
1442 	 0.0 	 12.82 
1443 	 0.0 	 11.19 
1444 	 0.0 	 11.75 
1445 	 0.0 	 12.32 
1446 	 0.0 	 13.84 
1447 	 0.0 	 13.16 
1448 	 0.0 	 2.23 
1449 	 0.0 	 11.45 
1450 	 0.0 	 8.70 
1452 	 0.0 	 11.02 
1453 	 0.0 	 12.18 
1454 	 0.0 	 9.33 
1455 	 0.0 	 13.58 
1456 	 0.0 	 10.33 
1457 	 0.0 	 13.85 
1458 	 0.0 	 10.79 
1459 	 0.0 	 9.75 
1460 	 0.0 	 10.71 
1461 	 0.0 	 13.01 
1462 	 0.0 	 13.71 
1463 	 0.0 	 9.41 
1464 	 0.0 	 9.53 
1465 	 0.0 	 9.94 
1466 	 0.0 	 8.93 
1467 	 0.0 	 11.20 
1468 	 0.0 	 9.69 
1469 	 0.0 	 11.43 
1471 	 0.0 	 11.14 
1472 	 0.0 	 12.11 
1474 	 0.0 	 8.19 
1475 	 0.0 	 8.68 
1476 	 0.0 	 11.35 
1477 	 0.0 	 10.18 
1478 	 0.0 	 10.02 
1479 	 0.0 	 7.78 
1480 	 0.0 	 8.96 
1481 	 0.0 	 9.00 
1482 	 0.0 	 9.86 
1483 	 0.0 	 10.13 
1484 	 0.0 	 7.53 
1485 	 0.0 	 7.24 
1486 	 0.0 	 8.56 
1487 	 0.0 	 6.85 
1489 	 0.0 	 6.35 
1490 	 0.0 	 5.96 
1491 	 0.0 	 7.22 
1492 	 0.0 	 7.60 
1493 	 0.0 	 6.69 
1494 	 0.0 	 8.61 
1495 	 0.0 	 7.62 
1496 	 0.0 	 5.99 
1497 	 0.0 	 7.17 
1498 	 0.0 	 8.16 
1499 	 0.0 	 6.68 
1500 	 0.0 	 7.35 
1501 	 0.0 	 6.92 
1503 	 0.0 	 6.31 
1504 	 0.0 	 6.87 
1506 	 0.0 	 4.48 
1507 	 0.0 	 4.59 
1508 	 0.0 	 3.61 
1509 	 0.0 	 3.35 
1510 	 0.0 	 3.82 
1511 	 0.0 	 3.11 
1512 	 0.0 	 3.63 
1513 	 0.0 	 4.43 
1514 	 0.0 	 4.68 
1515 	 0.0 	 6.46 
1516 	 0.0 	 5.26 
1517 	 0.0 	 6.05 
1519 	 0.0 	 7.02 
1520 	 0.0 	 6.58 
1521 	 0.0 	 6.98 
1522 	 0.0 	 5.90 
1523 	 0.0 	 5.76 
1524 	 0.0 	 6.46 
1525 	 0.0 	 5.19 
1527 	 0.0 	 8.97 
1528 	 0.0 	 3.07 
1529 	 0.0 	 8.93 
1530 	 0.0 	 6.04 
1531 	 0.0 	 5.58 
1534 	 0.0 	 4.54 
1535 	 0.0 	 0.00 
1536 	 0.0 	 9.24 
1538 	 0.0 	 0.00 
1539 	 0.0 	 0.00 
1540 	 0.0 	 11.87 
1541 	 0.0 	 11.31 
1542 	 0.0 	 8.36 
1543 	 0.0 	 0.00 
1544 	 0.0 	 5.83 
1545 	 0.0 	 10.64 
1546 	 0.0 	 6.78 
1547 	 0.0 	 5.64 
1548 	 0.0 	 6.96 
1550 	 0.0 	 8.28 
