1 	 0.0 	 0.07 
2 	 0.0 	 0.03 
3 	 0.0 	 0.07 
4 	 0.0 	 0.07 
5 	 0.0 	 0.07 
6 	 0.0 	 0.06 
7 	 0.0 	 0.09 
8 	 0.0 	 0.09 
9 	 0.0 	 0.08 
10 	 0.0 	 0.07 
11 	 0.0 	 0.05 
12 	 0.0 	 0.11 
13 	 0.0 	 0.07 
14 	 0.0 	 0.07 
15 	 0.0 	 0.09 
16 	 0.0 	 0.07 
17 	 0.0 	 0.07 
18 	 0.0 	 0.10 
19 	 0.0 	 0.09 
20 	 0.0 	 0.09 
21 	 0.0 	 0.11 
22 	 0.0 	 0.10 
23 	 0.0 	 0.08 
24 	 0.0 	 0.09 
25 	 0.0 	 0.09 
26 	 0.0 	 0.10 
27 	 0.0 	 0.06 
28 	 0.0 	 0.09 
29 	 0.0 	 0.07 
30 	 0.0 	 0.08 
31 	 0.0 	 0.07 
32 	 0.0 	 0.06 
33 	 0.0 	 0.08 
34 	 0.0 	 0.07 
35 	 0.0 	 0.05 
36 	 0.0 	 0.08 
37 	 0.0 	 0.09 
38 	 0.0 	 0.06 
39 	 0.0 	 0.04 
40 	 0.0 	 0.08 
41 	 0.0 	 0.08 
42 	 0.0 	 0.07 
43 	 0.0 	 0.10 
44 	 0.0 	 0.08 
45 	 0.0 	 0.07 
46 	 0.0 	 0.09 
47 	 0.0 	 0.08 
48 	 0.0 	 0.00 
49 	 0.0 	 0.09 
50 	 0.0 	 0.07 
51 	 0.0 	 0.08 
52 	 0.0 	 0.10 
53 	 0.0 	 0.12 
54 	 0.0 	 0.06 
55 	 0.0 	 0.09 
56 	 0.0 	 0.07 
57 	 0.0 	 0.07 
58 	 0.0 	 0.07 
59 	 0.0 	 9.83 
60 	 0.0 	 19.72 
61 	 0.0 	 19.00 
62 	 0.0 	 16.37 
63 	 0.0 	 14.74 
64 	 0.0 	 0.08 
65 	 0.0 	 0.10 
66 	 0.0 	 0.08 
67 	 0.0 	 0.09 
68 	 0.0 	 0.08 
69 	 0.0 	 0.10 
70 	 0.0 	 0.08 
71 	 0.0 	 0.08 
72 	 0.0 	 0.06 
73 	 0.0 	 0.07 
74 	 0.0 	 0.08 
75 	 0.0 	 0.08 
80 	 0.0 	 0.05 
81 	 0.0 	 0.07 
82 	 0.0 	 0.08 
83 	 0.0 	 0.07 
84 	 0.0 	 0.08 
85 	 0.0 	 0.06 
86 	 0.0 	 0.09 
87 	 0.0 	 0.09 
88 	 0.0 	 20.93 
89 	 0.0 	 0.23 
90 	 0.0 	 19.66 
91 	 0.0 	 20.00 
92 	 0.0 	 15.47 
93 	 0.0 	 14.10 
94 	 0.0 	 15.11 
95 	 0.0 	 11.09 
96 	 0.0 	 10.66 
97 	 0.0 	 10.48 
98 	 0.0 	 8.76 
99 	 0.0 	 9.07 
100 	 0.0 	 7.00 
101 	 0.0 	 0.07 
102 	 0.0 	 0.09 
104 	 0.0 	 18.39 
106 	 0.0 	 13.91 
107 	 0.0 	 11.82 
108 	 0.0 	 12.27 
109 	 0.0 	 9.26 
110 	 0.0 	 7.51 
111 	 0.0 	 5.78 
112 	 0.0 	 5.10 
113 	 0.0 	 3.61 
114 	 0.0 	 2.86 
115 	 0.0 	 2.64 
116 	 0.0 	 3.70 
117 	 0.0 	 3.92 
118 	 0.0 	 4.37 
119 	 0.0 	 4.60 
120 	 0.0 	 5.88 
121 	 0.0 	 6.10 
122 	 0.0 	 7.67 
123 	 0.0 	 10.44 
124 	 0.0 	 12.76 
125 	 0.0 	 12.22 
126 	 0.0 	 13.91 
127 	 0.0 	 13.85 
128 	 0.0 	 14.30 
129 	 0.0 	 14.11 
130 	 0.0 	 14.06 
131 	 0.0 	 14.59 
132 	 0.0 	 12.64 
134 	 0.0 	 12.42 
135 	 0.0 	 11.20 
136 	 0.0 	 10.38 
137 	 0.0 	 8.83 
138 	 0.0 	 7.16 
139 	 0.0 	 7.15 
140 	 0.0 	 6.64 
141 	 0.0 	 5.67 
142 	 0.0 	 5.24 
143 	 0.0 	 5.30 
144 	 0.0 	 5.91 
145 	 0.0 	 4.80 
146 	 0.0 	 3.63 
147 	 0.0 	 2.10 
148 	 0.0 	 0.88 
149 	 0.0 	 0.45 
150 	 0.0 	 0.08 
152 	 0.0 	 0.08 
153 	 0.0 	 0.08 
154 	 0.0 	 0.76 
155 	 0.0 	 15.52 
156 	 0.0 	 0.10 
157 	 0.0 	 0.07 
158 	 0.0 	 0.06 
159 	 0.0 	 15.26 
160 	 0.0 	 21.00 
161 	 0.0 	 14.52 
162 	 0.0 	 14.42 
163 	 0.0 	 10.84 
164 	 0.0 	 7.75 
165 	 0.0 	 7.93 
166 	 0.0 	 8.25 
167 	 0.0 	 0.07 
168 	 0.0 	 0.33 
169 	 0.0 	 14.88 
170 	 0.0 	 9.10 
172 	 0.0 	 5.43 
173 	 0.0 	 4.97 
174 	 0.0 	 5.15 
176 	 0.0 	 4.93 
177 	 0.0 	 5.12 
178 	 0.0 	 5.33 
180 	 0.0 	 5.50 
181 	 0.0 	 6.38 
182 	 0.0 	 5.96 
183 	 0.0 	 6.38 
184 	 0.0 	 6.37 
185 	 0.0 	 6.48 
186 	 0.0 	 6.40 
187 	 0.0 	 5.46 
188 	 0.0 	 4.42 
189 	 0.0 	 2.63 
190 	 0.0 	 2.17 
191 	 0.0 	 0.97 
193 	 0.0 	 0.41 
194 	 0.0 	 0.35 
195 	 0.0 	 0.36 
196 	 0.0 	 0.39 
197 	 0.0 	 0.47 
199 	 0.0 	 10.06 
200 	 0.0 	 10.74 
201 	 0.0 	 11.51 
202 	 0.0 	 12.08 
203 	 0.0 	 13.06 
204 	 0.0 	 11.28 
205 	 0.0 	 9.45 
206 	 0.0 	 8.66 
207 	 0.0 	 7.70 
208 	 0.0 	 7.41 
209 	 0.0 	 7.33 
210 	 0.0 	 7.61 
211 	 0.0 	 7.31 
212 	 0.0 	 6.58 
213 	 0.0 	 6.43 
214 	 0.0 	 0.03 
215 	 0.0 	 0.08 
216 	 0.0 	 0.06 
217 	 0.0 	 0.07 
218 	 0.0 	 0.07 
220 	 0.0 	 0.09 
221 	 0.0 	 0.08 
222 	 0.0 	 0.09 
223 	 0.0 	 0.07 
224 	 0.0 	 0.08 
225 	 0.0 	 0.06 
226 	 0.0 	 0.08 
227 	 0.0 	 0.09 
228 	 0.0 	 0.10 
229 	 0.0 	 0.07 
230 	 0.0 	 0.05 
231 	 0.0 	 16.94 
232 	 0.0 	 17.19 
233 	 0.0 	 15.56 
234 	 0.0 	 15.00 
235 	 0.0 	 12.45 
236 	 0.0 	 11.20 
237 	 0.0 	 9.06 
238 	 0.0 	 9.30 
239 	 0.0 	 8.65 
240 	 0.0 	 7.31 
241 	 0.0 	 7.28 
242 	 0.0 	 6.64 
243 	 0.0 	 7.62 
244 	 0.0 	 6.65 
245 	 0.0 	 7.47 
246 	 0.0 	 9.79 
247 	 0.0 	 10.61 
248 	 0.0 	 12.46 
249 	 0.0 	 12.26 
250 	 0.0 	 12.22 
251 	 0.0 	 14.79 
252 	 0.0 	 14.26 
253 	 0.0 	 15.43 
254 	 0.0 	 13.10 
255 	 0.0 	 13.88 
256 	 0.0 	 13.10 
257 	 0.0 	 12.26 
258 	 0.0 	 10.36 
259 	 0.0 	 8.85 
260 	 0.0 	 9.03 
261 	 0.0 	 7.27 
262 	 0.0 	 6.86 
263 	 0.0 	 6.13 
264 	 0.0 	 5.28 
265 	 0.0 	 3.44 
266 	 0.0 	 1.17 
268 	 0.0 	 0.42 
269 	 0.0 	 0.35 
270 	 0.0 	 0.36 
271 	 0.0 	 1.38 
272 	 0.0 	 2.45 
273 	 0.0 	 3.52 
274 	 0.0 	 4.56 
275 	 0.0 	 4.95 
276 	 0.0 	 5.56 
277 	 0.0 	 6.16 
278 	 0.0 	 6.48 
279 	 0.0 	 6.37 
280 	 0.0 	 6.22 
281 	 0.0 	 6.54 
282 	 0.0 	 6.56 
283 	 0.0 	 6.32 
284 	 0.0 	 6.26 
285 	 0.0 	 6.70 
286 	 0.0 	 8.07 
287 	 0.0 	 9.86 
288 	 0.0 	 11.24 
289 	 0.0 	 12.72 
290 	 0.0 	 12.59 
291 	 0.0 	 14.44 
292 	 0.0 	 15.68 
293 	 0.0 	 15.24 
294 	 0.0 	 15.99 
295 	 0.0 	 15.18 
296 	 0.0 	 16.50 
297 	 0.0 	 15.59 
298 	 0.0 	 14.10 
299 	 0.0 	 15.98 
300 	 0.0 	 13.96 
301 	 0.0 	 12.83 
302 	 0.0 	 12.03 
303 	 0.0 	 10.00 
304 	 0.0 	 8.01 
305 	 0.0 	 7.83 
306 	 0.0 	 6.90 
307 	 0.0 	 6.20 
308 	 0.0 	 5.84 
309 	 0.0 	 5.87 
310 	 0.0 	 5.13 
311 	 0.0 	 5.49 
312 	 0.0 	 5.33 
313 	 0.0 	 6.34 
314 	 0.0 	 6.47 
315 	 0.0 	 8.82 
316 	 0.0 	 10.62 
317 	 0.0 	 11.35 
318 	 0.0 	 10.59 
319 	 0.0 	 9.95 
320 	 0.0 	 8.46 
321 	 0.0 	 7.82 
322 	 0.0 	 6.75 
323 	 0.0 	 6.56 
324 	 0.0 	 5.21 
325 	 0.0 	 4.12 
326 	 0.0 	 3.51 
327 	 0.0 	 3.24 
328 	 0.0 	 3.04 
329 	 0.0 	 2.81 
330 	 0.0 	 2.68 
331 	 0.0 	 1.69 
332 	 0.0 	 2.26 
333 	 0.0 	 2.13 
334 	 0.0 	 1.61 
336 	 0.0 	 3.93 
337 	 0.0 	 5.11 
338 	 0.0 	 6.12 
339 	 0.0 	 6.72 
340 	 0.0 	 7.86 
341 	 0.0 	 7.97 
342 	 0.0 	 5.74 
343 	 0.0 	 3.45 
344 	 0.0 	 2.68 
345 	 0.0 	 2.83 
346 	 0.0 	 3.38 
347 	 0.0 	 4.91 
348 	 0.0 	 0.17 
349 	 0.0 	 0.07 
351 	 0.0 	 0.10 
352 	 0.0 	 0.09 
353 	 0.0 	 0.08 
354 	 0.0 	 14.32 
355 	 0.0 	 17.78 
356 	 0.0 	 16.44 
357 	 0.0 	 15.45 
358 	 0.0 	 14.16 
359 	 0.0 	 11.74 
360 	 0.0 	 0.08 
361 	 0.0 	 0.07 
362 	 0.0 	 0.25 
363 	 0.0 	 17.89 
364 	 0.0 	 15.39 
365 	 0.0 	 15.82 
366 	 0.0 	 0.06 
367 	 0.0 	 0.08 
368 	 0.0 	 0.07 
369 	 0.0 	 0.07 
370 	 0.0 	 0.07 
371 	 0.0 	 19.25 
372 	 0.0 	 18.15 
373 	 0.0 	 15.48 
374 	 0.0 	 13.85 
376 	 0.0 	 0.07 
378 	 0.0 	 0.09 
379 	 0.0 	 7.49 
380 	 0.0 	 16.65 
381 	 0.0 	 15.12 
382 	 0.0 	 13.90 
383 	 0.0 	 12.31 
384 	 0.0 	 10.56 
385 	 0.0 	 8.28 
386 	 0.0 	 8.64 
387 	 0.0 	 8.06 
388 	 0.0 	 7.80 
390 	 0.0 	 8.19 
391 	 0.0 	 7.31 
392 	 0.0 	 6.36 
393 	 0.0 	 7.78 
394 	 0.0 	 8.14 
395 	 0.0 	 8.25 
396 	 0.0 	 7.77 
397 	 0.0 	 8.32 
398 	 0.0 	 0.08 
399 	 0.0 	 0.09 
400 	 0.0 	 0.09 
402 	 0.0 	 0.09 
403 	 0.0 	 0.07 
404 	 0.0 	 19.51 
405 	 0.0 	 17.18 
406 	 0.0 	 15.58 
407 	 0.0 	 15.10 
408 	 0.0 	 14.09 
409 	 0.0 	 12.31 
410 	 0.0 	 11.70 
411 	 0.0 	 9.81 
412 	 0.0 	 9.10 
413 	 0.0 	 9.62 
414 	 0.0 	 10.66 
415 	 0.0 	 10.18 
416 	 0.0 	 10.01 
417 	 0.0 	 9.90 
418 	 0.0 	 9.33 
419 	 0.0 	 9.96 
420 	 0.0 	 10.26 
421 	 0.0 	 10.14 
422 	 0.0 	 9.49 
423 	 0.0 	 9.53 
424 	 0.0 	 9.27 
425 	 0.0 	 11.22 
426 	 0.0 	 8.60 
427 	 0.0 	 9.48 
428 	 0.0 	 10.51 
429 	 0.0 	 10.06 
430 	 0.0 	 9.47 
431 	 0.0 	 10.26 
432 	 0.0 	 11.14 
433 	 0.0 	 10.30 
434 	 0.0 	 14.09 
435 	 0.0 	 0.54 
436 	 0.0 	 0.07 
437 	 0.0 	 0.07 
438 	 0.0 	 0.07 
439 	 0.0 	 0.05 
440 	 0.0 	 0.07 
441 	 0.0 	 0.07 
442 	 0.0 	 0.08 
443 	 0.0 	 0.09 
444 	 0.0 	 0.06 
445 	 0.0 	 0.07 
446 	 0.0 	 0.05 
447 	 0.0 	 0.06 
448 	 0.0 	 0.07 
449 	 0.0 	 0.07 
450 	 0.0 	 0.09 
451 	 0.0 	 0.09 
452 	 0.0 	 0.09 
453 	 0.0 	 0.10 
454 	 0.0 	 0.07 
455 	 0.0 	 12.98 
456 	 0.0 	 16.80 
457 	 0.0 	 18.01 
458 	 0.0 	 16.59 
459 	 0.0 	 15.13 
460 	 0.0 	 14.19 
461 	 0.0 	 13.98 
462 	 0.0 	 13.41 
463 	 0.0 	 11.73 
464 	 0.0 	 10.76 
465 	 0.0 	 9.25 
466 	 0.0 	 9.76 
467 	 0.0 	 10.98 
468 	 0.0 	 9.93 
470 	 0.0 	 9.48 
471 	 0.0 	 9.34 
472 	 0.0 	 10.13 
473 	 0.0 	 9.55 
474 	 0.0 	 9.91 
475 	 0.0 	 8.47 
476 	 0.0 	 9.17 
477 	 0.0 	 11.61 
478 	 0.0 	 11.70 
479 	 0.0 	 9.86 
480 	 0.0 	 9.64 
481 	 0.0 	 9.49 
482 	 0.0 	 9.44 
483 	 0.0 	 9.34 
484 	 0.0 	 9.91 
485 	 0.0 	 10.82 
486 	 0.0 	 0.07 
487 	 0.0 	 0.07 
488 	 0.0 	 0.06 
489 	 0.0 	 0.08 
490 	 0.0 	 0.07 
492 	 0.0 	 0.07 
493 	 0.0 	 0.04 
494 	 0.0 	 0.08 
495 	 0.0 	 19.63 
496 	 0.0 	 18.19 
497 	 0.0 	 17.16 
498 	 0.0 	 14.44 
499 	 0.0 	 15.26 
500 	 0.0 	 14.53 
501 	 0.0 	 14.10 
502 	 0.0 	 13.61 
503 	 0.0 	 13.42 
504 	 0.0 	 12.51 
505 	 0.0 	 12.61 
506 	 0.0 	 10.43 
507 	 0.0 	 10.85 
508 	 0.0 	 9.46 
509 	 0.0 	 9.41 
510 	 0.0 	 8.32 
511 	 0.0 	 7.08 
512 	 0.0 	 7.28 
513 	 0.0 	 7.82 
514 	 0.0 	 7.15 
515 	 0.0 	 8.12 
516 	 0.0 	 8.45 
517 	 0.0 	 10.74 
518 	 0.0 	 11.06 
520 	 0.0 	 12.86 
521 	 0.0 	 12.82 
522 	 0.0 	 13.43 
523 	 0.0 	 13.14 
524 	 0.0 	 15.08 
525 	 0.0 	 13.34 
526 	 0.0 	 12.26 
527 	 0.0 	 12.79 
528 	 0.0 	 12.91 
529 	 0.0 	 14.06 
530 	 0.0 	 12.32 
531 	 0.0 	 0.07 
532 	 0.0 	 0.07 
533 	 0.0 	 0.10 
534 	 0.0 	 0.09 
535 	 0.0 	 0.08 
536 	 0.0 	 0.05 
537 	 0.0 	 0.06 
538 	 0.0 	 0.08 
539 	 0.0 	 0.09 
540 	 0.0 	 0.09 
541 	 0.0 	 0.08 
542 	 0.0 	 0.05 
543 	 0.0 	 1.98 
544 	 0.0 	 20.14 
545 	 0.0 	 16.53 
546 	 0.0 	 19.07 
547 	 0.0 	 17.51 
548 	 0.0 	 17.27 
549 	 0.0 	 15.49 
550 	 0.0 	 14.64 
551 	 0.0 	 14.32 
552 	 0.0 	 12.94 
553 	 0.0 	 14.21 
554 	 0.0 	 13.57 
555 	 0.0 	 14.27 
556 	 0.0 	 13.48 
557 	 0.0 	 12.56 
558 	 0.0 	 14.73 
559 	 0.0 	 14.67 
560 	 0.0 	 13.15 
561 	 0.0 	 12.91 
562 	 0.0 	 0.06 
563 	 0.0 	 0.06 
564 	 0.0 	 0.08 
565 	 0.0 	 0.09 
566 	 0.0 	 0.08 
568 	 0.0 	 0.08 
569 	 0.0 	 0.08 
570 	 0.0 	 0.09 
571 	 0.0 	 0.07 
572 	 0.0 	 0.07 
573 	 0.0 	 0.06 
574 	 0.0 	 0.06 
575 	 0.0 	 0.10 
576 	 0.0 	 0.08 
577 	 0.0 	 0.10 
578 	 0.0 	 0.05 
579 	 0.0 	 0.06 
580 	 0.0 	 0.07 
581 	 0.0 	 0.09 
582 	 0.0 	 0.19 
584 	 0.0 	 18.38 
585 	 0.0 	 17.43 
586 	 0.0 	 15.86 
587 	 0.0 	 17.50 
588 	 0.0 	 15.64 
589 	 0.0 	 15.72 
590 	 0.0 	 16.66 
591 	 0.0 	 15.27 
592 	 0.0 	 14.84 
593 	 0.0 	 13.56 
594 	 0.0 	 14.93 
595 	 0.0 	 13.96 
596 	 0.0 	 13.36 
597 	 0.0 	 13.10 
598 	 0.0 	 11.85 
599 	 0.0 	 13.35 
600 	 0.0 	 13.21 
601 	 0.0 	 12.38 
602 	 0.0 	 13.77 
603 	 0.0 	 13.24 
604 	 0.0 	 12.35 
605 	 0.0 	 11.55 
606 	 0.0 	 12.88 
607 	 0.0 	 13.37 
608 	 0.0 	 12.98 
609 	 0.0 	 12.79 
610 	 0.0 	 13.64 
611 	 0.0 	 12.70 
612 	 0.0 	 0.08 
613 	 0.0 	 0.07 
614 	 0.0 	 0.08 
615 	 0.0 	 20.26 
616 	 0.0 	 15.38 
617 	 0.0 	 17.04 
618 	 0.0 	 17.69 
619 	 0.0 	 16.63 
620 	 0.0 	 14.69 
622 	 0.0 	 14.90 
623 	 0.0 	 0.06 
624 	 0.0 	 18.69 
625 	 0.0 	 15.55 
626 	 0.0 	 12.81 
627 	 0.0 	 12.83 
628 	 0.0 	 14.28 
629 	 0.0 	 12.91 
630 	 0.0 	 13.97 
631 	 0.0 	 17.92 
632 	 0.0 	 15.53 
633 	 0.0 	 16.12 
634 	 0.0 	 15.71 
635 	 0.0 	 16.26 
636 	 0.0 	 17.48 
637 	 0.0 	 16.85 
638 	 0.0 	 16.00 
639 	 0.0 	 16.35 
640 	 0.0 	 16.59 
641 	 0.0 	 16.51 
642 	 0.0 	 15.80 
643 	 0.0 	 15.94 
644 	 0.0 	 15.33 
645 	 0.0 	 16.52 
646 	 0.0 	 16.84 
647 	 0.0 	 15.94 
648 	 0.0 	 16.60 
649 	 0.0 	 15.05 
650 	 0.0 	 14.72 
651 	 0.0 	 14.38 
652 	 0.0 	 14.43 
653 	 0.0 	 14.49 
654 	 0.0 	 15.91 
655 	 0.0 	 14.91 
656 	 0.0 	 13.35 
657 	 0.0 	 13.81 
658 	 0.0 	 15.61 
659 	 0.0 	 14.96 
660 	 0.0 	 14.84 
661 	 0.0 	 13.75 
662 	 0.0 	 13.92 
663 	 0.0 	 15.49 
664 	 0.0 	 0.07 
666 	 0.0 	 0.08 
667 	 0.0 	 0.11 
668 	 0.0 	 0.07 
669 	 0.0 	 0.08 
670 	 0.0 	 0.09 
671 	 0.0 	 0.04 
672 	 0.0 	 0.04 
673 	 0.0 	 0.08 
674 	 0.0 	 0.08 
675 	 0.0 	 0.08 
676 	 0.0 	 0.09 
677 	 0.0 	 0.06 
678 	 0.0 	 13.99 
679 	 0.0 	 16.36 
680 	 0.0 	 14.84 
681 	 0.0 	 16.35 
682 	 0.0 	 16.58 
683 	 0.0 	 15.36 
684 	 0.0 	 15.08 
685 	 0.0 	 15.78 
686 	 0.0 	 16.39 
687 	 0.0 	 15.65 
688 	 0.0 	 16.55 
689 	 0.0 	 13.91 
690 	 0.0 	 15.56 
691 	 0.0 	 15.42 
692 	 0.0 	 14.86 
693 	 0.0 	 14.29 
694 	 0.0 	 14.13 
695 	 0.0 	 14.57 
696 	 0.0 	 15.04 
697 	 0.0 	 0.14 
698 	 0.0 	 17.08 
699 	 0.0 	 15.38 
700 	 0.0 	 15.14 
701 	 0.0 	 14.14 
702 	 0.0 	 15.88 
703 	 0.0 	 14.63 
704 	 0.0 	 14.80 
705 	 0.0 	 14.69 
706 	 0.0 	 15.11 
707 	 0.0 	 15.41 
708 	 0.0 	 16.61 
709 	 0.0 	 14.57 
710 	 0.0 	 14.01 
711 	 0.0 	 15.71 
712 	 0.0 	 16.37 
713 	 0.0 	 15.38 
714 	 0.0 	 14.60 
715 	 0.0 	 15.45 
716 	 0.0 	 14.96 
717 	 0.0 	 15.10 
718 	 0.0 	 15.31 
719 	 0.0 	 16.09 
720 	 0.0 	 15.02 
721 	 0.0 	 16.77 
722 	 0.0 	 0.06 
723 	 0.0 	 0.08 
724 	 0.0 	 0.08 
726 	 0.0 	 15.15 
727 	 0.0 	 12.31 
728 	 0.0 	 7.39 
729 	 0.0 	 5.18 
730 	 0.0 	 3.56 
731 	 0.0 	 1.93 
732 	 0.0 	 0.65 
733 	 0.0 	 0.52 
734 	 0.0 	 0.39 
735 	 0.0 	 0.31 
736 	 0.0 	 0.30 
737 	 0.0 	 0.34 
738 	 0.0 	 0.36 
739 	 0.0 	 0.35 
740 	 0.0 	 0.26 
741 	 0.0 	 0.55 
742 	 0.0 	 1.01 
743 	 0.0 	 0.55 
744 	 0.0 	 0.06 
745 	 0.0 	 0.09 
746 	 0.0 	 0.09 
747 	 0.0 	 0.08 
748 	 0.0 	 0.67 
749 	 0.0 	 14.30 
750 	 0.0 	 10.20 
751 	 0.0 	 6.10 
752 	 0.0 	 4.09 
753 	 0.0 	 2.78 
754 	 0.0 	 2.14 
755 	 0.0 	 1.42 
756 	 0.0 	 0.09 
757 	 0.0 	 0.07 
758 	 0.0 	 0.07 
759 	 0.0 	 0.07 
760 	 0.0 	 0.06 
761 	 0.0 	 0.06 
762 	 0.0 	 0.21 
763 	 0.0 	 17.95 
764 	 0.0 	 14.21 
765 	 0.0 	 8.06 
766 	 0.0 	 4.67 
767 	 0.0 	 2.98 
768 	 0.0 	 0.85 
769 	 0.0 	 0.35 
770 	 0.0 	 0.44 
771 	 0.0 	 0.08 
772 	 0.0 	 0.08 
773 	 0.0 	 0.08 
774 	 0.0 	 0.09 
775 	 0.0 	 14.57 
776 	 0.0 	 0.09 
777 	 0.0 	 0.09 
778 	 0.0 	 17.71 
779 	 0.0 	 13.16 
780 	 0.0 	 0.09 
781 	 0.0 	 0.08 
782 	 0.0 	 0.07 
783 	 0.0 	 16.73 
784 	 0.0 	 0.06 
785 	 0.0 	 0.08 
786 	 0.0 	 11.45 
787 	 0.0 	 16.51 
788 	 0.0 	 14.42 
789 	 0.0 	 14.52 
790 	 0.0 	 13.75 
792 	 0.0 	 12.79 
793 	 0.0 	 0.09 
794 	 0.0 	 0.10 
795 	 0.0 	 11.31 
796 	 0.0 	 0.07 
797 	 0.0 	 0.07 
798 	 0.0 	 0.09 
799 	 0.0 	 16.33 
800 	 0.0 	 17.58 
801 	 0.0 	 15.76 
802 	 0.0 	 15.13 
803 	 0.0 	 13.33 
804 	 0.0 	 12.81 
805 	 0.0 	 11.73 
806 	 0.0 	 11.13 
808 	 0.0 	 9.89 
809 	 0.0 	 8.52 
810 	 0.0 	 7.24 
811 	 0.0 	 5.74 
812 	 0.0 	 4.81 
813 	 0.0 	 4.35 
814 	 0.0 	 3.99 
815 	 0.0 	 4.25 
816 	 0.0 	 4.83 
817 	 0.0 	 5.61 
818 	 0.0 	 6.28 
819 	 0.0 	 5.67 
820 	 0.0 	 6.36 
822 	 0.0 	 7.37 
823 	 0.0 	 7.59 
824 	 0.0 	 7.26 
826 	 0.0 	 8.56 
827 	 0.0 	 6.89 
828 	 0.0 	 5.99 
829 	 0.0 	 5.11 
830 	 0.0 	 3.60 
831 	 0.0 	 1.86 
832 	 0.0 	 0.81 
833 	 0.0 	 0.28 
834 	 0.0 	 0.22 
835 	 0.0 	 0.09 
836 	 0.0 	 0.11 
837 	 0.0 	 0.09 
838 	 0.0 	 0.31 
839 	 0.0 	 14.41 
840 	 0.0 	 11.97 
841 	 0.0 	 0.10 
842 	 0.0 	 0.54 
843 	 0.0 	 14.00 
844 	 0.0 	 16.05 
845 	 0.0 	 16.52 
846 	 0.0 	 14.14 
847 	 0.0 	 11.89 
848 	 0.0 	 9.27 
849 	 0.0 	 0.09 
850 	 0.0 	 0.07 
851 	 0.0 	 0.27 
852 	 0.0 	 0.19 
853 	 0.0 	 0.10 
854 	 0.0 	 0.07 
855 	 0.0 	 21.38 
856 	 0.0 	 18.40 
857 	 0.0 	 16.03 
858 	 0.0 	 18.61 
859 	 0.0 	 0.10 
860 	 0.0 	 0.07 
861 	 0.0 	 0.08 
862 	 0.0 	 15.24 
863 	 0.0 	 18.12 
864 	 0.0 	 16.18 
865 	 0.0 	 14.16 
866 	 0.0 	 14.15 
867 	 0.0 	 14.45 
868 	 0.0 	 0.20 
869 	 0.0 	 0.08 
870 	 0.0 	 0.08 
871 	 0.0 	 5.00 
872 	 0.0 	 15.80 
873 	 0.0 	 15.13 
874 	 0.0 	 0.10 
875 	 0.0 	 0.22 
876 	 0.0 	 12.64 
877 	 0.0 	 15.86 
878 	 0.0 	 15.96 
879 	 0.0 	 15.14 
880 	 0.0 	 11.73 
881 	 0.0 	 11.17 
882 	 0.0 	 8.36 
883 	 0.0 	 8.70 
884 	 0.0 	 9.49 
885 	 0.0 	 8.64 
886 	 0.0 	 8.81 
887 	 0.0 	 9.80 
888 	 0.0 	 8.97 
889 	 0.0 	 10.29 
890 	 0.0 	 9.40 
891 	 0.0 	 8.70 
892 	 0.0 	 8.44 
893 	 0.0 	 8.02 
894 	 0.0 	 0.06 
895 	 0.0 	 0.07 
896 	 0.0 	 0.06 
897 	 0.0 	 0.08 
898 	 0.0 	 10.47 
899 	 0.0 	 15.71 
900 	 0.0 	 13.43 
902 	 0.0 	 9.84 
904 	 0.0 	 10.58 
905 	 0.0 	 11.52 
906 	 0.0 	 7.91 
907 	 0.0 	 8.50 
908 	 0.0 	 6.65 
909 	 0.0 	 5.40 
910 	 0.0 	 5.12 
911 	 0.0 	 4.69 
912 	 0.0 	 4.03 
913 	 0.0 	 3.42 
914 	 0.0 	 2.87 
915 	 0.0 	 3.39 
916 	 0.0 	 3.35 
917 	 0.0 	 3.74 
918 	 0.0 	 4.28 
919 	 0.0 	 5.08 
920 	 0.0 	 6.05 
921 	 0.0 	 6.70 
922 	 0.0 	 7.25 
923 	 0.0 	 6.38 
924 	 0.0 	 6.87 
926 	 0.0 	 6.18 
927 	 0.0 	 6.16 
928 	 0.0 	 6.31 
929 	 0.0 	 5.12 
930 	 0.0 	 6.07 
931 	 0.0 	 5.38 
932 	 0.0 	 4.71 
933 	 0.0 	 4.35 
934 	 0.0 	 3.57 
935 	 0.0 	 3.03 
936 	 0.0 	 2.62 
937 	 0.0 	 1.82 
938 	 0.0 	 0.56 
939 	 0.0 	 0.42 
940 	 0.0 	 0.45 
941 	 0.0 	 0.30 
942 	 0.0 	 0.33 
943 	 0.0 	 0.31 
944 	 0.0 	 0.30 
945 	 0.0 	 0.31 
946 	 0.0 	 0.44 
947 	 0.0 	 0.48 
948 	 0.0 	 0.81 
949 	 0.0 	 2.15 
950 	 0.0 	 3.20 
951 	 0.0 	 4.10 
952 	 0.0 	 4.23 
953 	 0.0 	 4.76 
954 	 0.0 	 2.32 
955 	 0.0 	 0.08 
956 	 0.0 	 0.09 
957 	 0.0 	 0.06 
958 	 0.0 	 0.10 
959 	 0.0 	 0.05 
960 	 0.0 	 0.07 
961 	 0.0 	 0.06 
962 	 0.0 	 0.08 
963 	 0.0 	 0.44 
964 	 0.0 	 9.57 
965 	 0.0 	 0.09 
966 	 0.0 	 0.09 
967 	 0.0 	 0.06 
968 	 0.0 	 0.09 
969 	 0.0 	 0.09 
970 	 0.0 	 0.10 
971 	 0.0 	 0.08 
974 	 0.0 	 14.95 
976 	 0.0 	 6.40 
977 	 0.0 	 3.88 
978 	 0.0 	 3.60 
980 	 0.0 	 3.89 
981 	 0.0 	 3.97 
982 	 0.0 	 4.87 
983 	 0.0 	 4.77 
984 	 0.0 	 4.73 
985 	 0.0 	 6.59 
986 	 0.0 	 7.71 
987 	 0.0 	 7.25 
988 	 0.0 	 8.02 
989 	 0.0 	 7.87 
990 	 0.0 	 0.10 
991 	 0.0 	 0.07 
992 	 0.0 	 0.05 
994 	 0.0 	 0.08 
995 	 0.0 	 9.70 
996 	 0.0 	 17.59 
997 	 0.0 	 14.52 
998 	 0.0 	 13.47 
999 	 0.0 	 13.69 
1000 	 0.0 	 11.50 
1001 	 0.0 	 0.07 
1003 	 0.0 	 0.09 
1004 	 0.0 	 0.09 
1005 	 0.0 	 0.07 
1006 	 0.0 	 0.08 
1007 	 0.0 	 0.09 
1008 	 0.0 	 0.10 
1009 	 0.0 	 0.06 
1010 	 0.0 	 0.07 
1011 	 0.0 	 16.27 
1012 	 0.0 	 16.16 
1013 	 0.0 	 11.12 
1014 	 0.0 	 0.08 
1015 	 0.0 	 0.09 
1016 	 0.0 	 0.08 
1017 	 0.0 	 0.06 
1018 	 0.0 	 0.07 
1019 	 0.0 	 0.07 
1020 	 0.0 	 0.09 
1021 	 0.0 	 0.09 
1022 	 0.0 	 0.06 
1023 	 0.0 	 0.07 
1024 	 0.0 	 0.08 
1025 	 0.0 	 0.07 
1026 	 0.0 	 0.07 
1027 	 0.0 	 0.07 
1028 	 0.0 	 0.09 
1029 	 0.0 	 0.08 
1030 	 0.0 	 0.08 
1031 	 0.0 	 0.08 
1032 	 0.0 	 0.07 
1033 	 0.0 	 0.08 
1034 	 0.0 	 0.07 
1035 	 0.0 	 0.08 
1036 	 0.0 	 0.10 
1038 	 0.0 	 16.13 
1039 	 0.0 	 14.60 
1040 	 0.0 	 13.31 
1041 	 0.0 	 0.09 
1042 	 0.0 	 0.09 
1043 	 0.0 	 0.09 
1044 	 0.0 	 0.08 
1045 	 0.0 	 3.18 
1046 	 0.0 	 16.08 
1047 	 0.0 	 15.46 
1048 	 0.0 	 0.49 
1049 	 0.0 	 11.16 
1050 	 0.0 	 9.73 
1051 	 0.0 	 0.08 
1052 	 0.0 	 0.07 
1053 	 0.0 	 0.07 
1054 	 0.0 	 0.06 
1055 	 0.0 	 0.23 
1056 	 0.0 	 17.03 
1057 	 0.0 	 14.81 
1058 	 0.0 	 14.34 
1059 	 0.0 	 12.30 
1060 	 0.0 	 0.08 
1061 	 0.0 	 0.09 
1062 	 0.0 	 0.09 
1063 	 0.0 	 19.00 
1064 	 0.0 	 15.93 
1065 	 0.0 	 16.92 
1066 	 0.0 	 14.55 
1067 	 0.0 	 13.09 
1068 	 0.0 	 11.82 
1069 	 0.0 	 11.35 
1070 	 0.0 	 10.90 
1071 	 0.0 	 0.08 
1072 	 0.0 	 0.10 
1074 	 0.0 	 17.64 
1075 	 0.0 	 0.05 
1076 	 0.0 	 14.33 
1077 	 0.0 	 16.26 
1078 	 0.0 	 16.12 
1079 	 0.0 	 14.31 
1080 	 0.0 	 12.18 
1081 	 0.0 	 13.57 
1082 	 0.0 	 12.19 
1083 	 0.0 	 12.23 
1084 	 0.0 	 10.19 
1086 	 0.0 	 10.82 
1088 	 0.0 	 0.06 
1089 	 0.0 	 1.25 
1090 	 0.0 	 14.65 
1091 	 0.0 	 0.07 
1092 	 0.0 	 0.16 
1093 	 0.0 	 20.50 
1094 	 0.0 	 0.08 
1095 	 0.0 	 0.07 
1096 	 0.0 	 0.25 
1097 	 0.0 	 17.25 
1098 	 0.0 	 13.85 
1099 	 0.0 	 15.80 
1100 	 0.0 	 0.54 
1101 	 0.0 	 0.43 
1102 	 0.0 	 18.22 
1103 	 0.0 	 14.65 
1104 	 0.0 	 13.81 
1105 	 0.0 	 14.90 
1106 	 0.0 	 12.92 
1107 	 0.0 	 12.99 
1108 	 0.0 	 13.60 
1109 	 0.0 	 12.64 
1110 	 0.0 	 12.87 
1111 	 0.0 	 12.34 
1112 	 0.0 	 11.51 
1113 	 0.0 	 11.38 
1114 	 0.0 	 13.00 
1115 	 0.0 	 12.10 
1116 	 0.0 	 12.61 
1117 	 0.0 	 13.56 
1118 	 0.0 	 13.50 
1119 	 0.0 	 11.40 
1120 	 0.0 	 11.74 
1121 	 0.0 	 12.08 
1122 	 0.0 	 12.11 
1123 	 0.0 	 11.20 
1124 	 0.0 	 10.75 
1125 	 0.0 	 12.13 
1126 	 0.0 	 12.70 
1127 	 0.0 	 12.81 
1128 	 0.0 	 0.10 
1129 	 0.0 	 0.10 
1130 	 0.0 	 9.67 
1131 	 0.0 	 19.12 
1132 	 0.0 	 18.52 
1133 	 0.0 	 16.82 
1134 	 0.0 	 16.25 
1135 	 0.0 	 14.73 
1136 	 0.0 	 15.40 
1137 	 0.0 	 13.74 
1138 	 0.0 	 14.65 
1139 	 0.0 	 12.80 
1140 	 0.0 	 13.96 
1141 	 0.0 	 15.01 
1142 	 0.0 	 13.59 
1143 	 0.0 	 0.07 
1144 	 0.0 	 0.34 
1145 	 0.0 	 13.73 
1146 	 0.0 	 17.32 
1147 	 0.0 	 18.08 
1148 	 0.0 	 0.04 
1149 	 0.0 	 0.24 
1150 	 0.0 	 18.52 
1151 	 0.0 	 0.07 
1152 	 0.0 	 16.40 
1154 	 0.0 	 18.15 
1155 	 0.0 	 0.07 
1156 	 0.0 	 0.09 
1157 	 0.0 	 0.06 
1158 	 0.0 	 0.07 
1160 	 0.0 	 0.09 
1161 	 0.0 	 19.39 
1162 	 0.0 	 17.85 
1163 	 0.0 	 16.59 
1164 	 0.0 	 15.87 
1165 	 0.0 	 14.86 
1166 	 0.0 	 0.32 
1167 	 0.0 	 17.74 
1168 	 0.0 	 16.37 
1169 	 0.0 	 15.66 
1170 	 0.0 	 14.84 
1172 	 0.0 	 14.24 
1173 	 0.0 	 16.47 
1174 	 0.0 	 13.23 
1175 	 0.0 	 13.73 
1176 	 0.0 	 13.14 
1177 	 0.0 	 13.11 
1178 	 0.0 	 12.19 
1179 	 0.0 	 12.68 
1180 	 0.0 	 14.27 
1181 	 0.0 	 14.52 
1182 	 0.0 	 13.48 
1184 	 0.0 	 12.23 
1186 	 0.0 	 13.82 
1187 	 0.0 	 12.82 
1188 	 0.0 	 12.46 
1189 	 0.0 	 13.20 
1190 	 0.0 	 13.35 
1191 	 0.0 	 13.54 
1192 	 0.0 	 12.50 
1193 	 0.0 	 12.47 
1194 	 0.0 	 13.77 
1195 	 0.0 	 11.49 
1196 	 0.0 	 10.57 
1197 	 0.0 	 9.19 
1198 	 0.0 	 8.76 
1199 	 0.0 	 8.30 
1200 	 0.0 	 7.61 
1201 	 0.0 	 7.66 
1202 	 0.0 	 8.38 
1203 	 0.0 	 9.84 
1204 	 0.0 	 11.16 
1205 	 0.0 	 11.48 
1206 	 0.0 	 14.16 
1207 	 0.0 	 13.66 
1208 	 0.0 	 15.45 
1209 	 0.0 	 14.69 
1210 	 0.0 	 17.88 
1212 	 0.0 	 17.61 
1213 	 0.0 	 14.74 
1214 	 0.0 	 16.47 
1215 	 0.0 	 17.11 
1216 	 0.0 	 15.23 
1217 	 0.0 	 15.59 
1218 	 0.0 	 16.39 
1219 	 0.0 	 15.04 
1220 	 0.0 	 17.03 
1221 	 0.0 	 0.05 
1222 	 0.0 	 0.08 
1223 	 0.0 	 0.06 
1224 	 0.0 	 0.08 
1225 	 0.0 	 0.13 
1226 	 0.0 	 0.10 
1227 	 0.0 	 0.08 
1228 	 0.0 	 0.08 
1229 	 0.0 	 0.07 
1230 	 0.0 	 0.08 
1231 	 0.0 	 0.10 
1232 	 0.0 	 0.07 
1233 	 0.0 	 0.11 
1234 	 0.0 	 0.08 
1235 	 0.0 	 0.06 
1236 	 0.0 	 0.11 
1237 	 0.0 	 15.50 
1238 	 0.0 	 16.92 
1239 	 0.0 	 19.44 
1240 	 0.0 	 15.04 
1241 	 0.0 	 14.98 
1242 	 0.0 	 14.78 
1243 	 0.0 	 13.23 
1244 	 0.0 	 14.71 
1245 	 0.0 	 16.06 
1246 	 0.0 	 17.65 
1247 	 0.0 	 18.08 
1248 	 0.0 	 17.58 
1249 	 0.0 	 17.87 
1250 	 0.0 	 16.56 
1251 	 0.0 	 17.95 
1252 	 0.0 	 19.05 
1253 	 0.0 	 14.54 
1254 	 0.0 	 14.78 
1255 	 0.0 	 14.72 
1256 	 0.0 	 15.50 
1257 	 0.0 	 13.91 
1258 	 0.0 	 12.75 
1259 	 0.0 	 14.15 
1260 	 0.0 	 15.67 
1261 	 0.0 	 16.70 
1262 	 0.0 	 16.00 
1263 	 0.0 	 15.87 
1264 	 0.0 	 13.95 
1266 	 0.0 	 13.28 
1267 	 0.0 	 15.52 
1268 	 0.0 	 15.78 
1269 	 0.0 	 16.79 
1270 	 0.0 	 14.68 
1272 	 0.0 	 12.26 
1273 	 0.0 	 12.08 
1274 	 0.0 	 12.12 
1275 	 0.0 	 11.80 
1276 	 0.0 	 12.03 
1277 	 0.0 	 12.02 
1278 	 0.0 	 14.15 
1279 	 0.0 	 16.79 
1280 	 0.0 	 17.00 
1281 	 0.0 	 16.80 
1282 	 0.0 	 18.08 
1283 	 0.0 	 17.82 
1284 	 0.0 	 17.92 
1285 	 0.0 	 16.47 
1286 	 0.0 	 14.44 
1287 	 0.0 	 18.66 
1288 	 0.0 	 19.10 
1289 	 0.0 	 15.83 
1290 	 0.0 	 15.62 
1291 	 0.0 	 17.35 
1292 	 0.0 	 17.35 
1293 	 0.0 	 21.02 
1294 	 0.0 	 19.11 
1295 	 0.0 	 12.59 
1296 	 0.0 	 17.43 
1297 	 0.0 	 17.35 
1298 	 0.0 	 15.68 
1299 	 0.0 	 16.82 
1300 	 0.0 	 17.44 
1301 	 0.0 	 13.69 
1302 	 0.0 	 18.46 
1303 	 0.0 	 13.08 
1304 	 0.0 	 16.28 
1305 	 0.0 	 17.39 
1306 	 0.0 	 18.35 
1307 	 0.0 	 17.78 
1308 	 0.0 	 14.12 
1309 	 0.0 	 13.97 
1310 	 0.0 	 12.34 
1311 	 0.0 	 16.28 
1312 	 0.0 	 20.24 
1313 	 0.0 	 13.92 
1314 	 0.0 	 13.58 
1315 	 0.0 	 13.90 
1316 	 0.0 	 16.80 
1317 	 0.0 	 19.72 
1318 	 0.0 	 17.58 
1319 	 0.0 	 18.05 
1320 	 0.0 	 16.53 
1321 	 0.0 	 16.42 
1322 	 0.0 	 13.49 
1323 	 0.0 	 13.58 
1324 	 0.0 	 16.84 
1325 	 0.0 	 16.97 
1326 	 0.0 	 12.27 
1327 	 0.0 	 16.67 
1328 	 0.0 	 13.63 
1329 	 0.0 	 16.38 
1330 	 0.0 	 14.55 
1331 	 0.0 	 14.88 
1332 	 0.0 	 17.28 
1333 	 0.0 	 16.37 
1334 	 0.0 	 16.17 
1335 	 0.0 	 16.75 
1336 	 0.0 	 14.51 
1337 	 0.0 	 16.06 
1338 	 0.0 	 18.94 
1339 	 0.0 	 16.86 
1340 	 0.0 	 15.74 
1341 	 0.0 	 14.99 
1342 	 0.0 	 17.87 
1343 	 0.0 	 17.90 
1344 	 0.0 	 16.79 
1345 	 0.0 	 16.09 
1346 	 0.0 	 13.67 
1347 	 0.0 	 14.19 
1348 	 0.0 	 13.97 
1349 	 0.0 	 14.69 
1350 	 0.0 	 12.94 
1351 	 0.0 	 13.32 
1352 	 0.0 	 18.91 
1353 	 0.0 	 17.75 
1354 	 0.0 	 18.26 
1355 	 0.0 	 15.77 
1356 	 0.0 	 16.71 
1357 	 0.0 	 17.59 
1358 	 0.0 	 13.18 
1359 	 0.0 	 15.33 
1360 	 0.0 	 15.40 
1361 	 0.0 	 17.11 
1362 	 0.0 	 15.08 
1363 	 0.0 	 14.17 
1364 	 0.0 	 15.14 
1365 	 0.0 	 19.26 
1366 	 0.0 	 15.64 
1367 	 0.0 	 13.79 
1368 	 0.0 	 14.15 
1369 	 0.0 	 16.44 
1370 	 0.0 	 18.42 
1371 	 0.0 	 15.61 
1372 	 0.0 	 14.78 
1373 	 0.0 	 15.92 
1374 	 0.0 	 18.43 
1375 	 0.0 	 16.14 
1376 	 0.0 	 16.21 
1377 	 0.0 	 16.49 
1378 	 0.0 	 18.91 
1379 	 0.0 	 16.80 
1380 	 0.0 	 14.27 
1381 	 0.0 	 12.40 
1382 	 0.0 	 12.25 
1383 	 0.0 	 14.69 
1384 	 0.0 	 16.20 
1385 	 0.0 	 12.87 
1386 	 0.0 	 16.16 
1387 	 0.0 	 18.00 
1388 	 0.0 	 12.38 
1389 	 0.0 	 17.90 
1390 	 0.0 	 16.34 
1391 	 0.0 	 15.45 
1393 	 0.0 	 12.53 
1394 	 0.0 	 15.26 
1395 	 0.0 	 13.99 
1396 	 0.0 	 16.10 
1397 	 0.0 	 16.31 
1398 	 0.0 	 17.62 
1399 	 0.0 	 11.44 
1400 	 0.0 	 13.42 
1401 	 0.0 	 15.92 
1402 	 0.0 	 10.73 
1403 	 0.0 	 13.63 
1404 	 0.0 	 16.51 
1405 	 0.0 	 8.78 
1406 	 0.0 	 12.64 
1407 	 0.0 	 14.42 
1408 	 0.0 	 15.34 
1409 	 0.0 	 12.19 
1410 	 0.0 	 14.62 
1411 	 0.0 	 10.94 
1412 	 0.0 	 12.82 
1413 	 0.0 	 15.33 
1414 	 0.0 	 16.31 
1415 	 0.0 	 13.77 
1416 	 0.0 	 15.55 
1417 	 0.0 	 14.38 
1418 	 0.0 	 16.25 
1419 	 0.0 	 14.18 
1420 	 0.0 	 18.38 
1421 	 0.0 	 11.73 
1422 	 0.0 	 14.00 
1423 	 0.0 	 12.05 
1424 	 0.0 	 14.96 
1425 	 0.0 	 12.15 
1426 	 0.0 	 10.95 
1427 	 0.0 	 10.24 
1428 	 0.0 	 11.39 
1429 	 0.0 	 16.17 
1430 	 0.0 	 12.67 
1431 	 0.0 	 15.62 
1432 	 0.0 	 14.21 
1433 	 0.0 	 13.01 
1434 	 0.0 	 14.27 
1435 	 0.0 	 14.01 
1436 	 0.0 	 12.27 
1437 	 0.0 	 12.67 
1438 	 0.0 	 10.83 
1439 	 0.0 	 10.84 
1440 	 0.0 	 13.19 
1441 	 0.0 	 13.03 
1442 	 0.0 	 12.60 
1443 	 0.0 	 14.72 
1444 	 0.0 	 11.93 
1445 	 0.0 	 11.73 
1446 	 0.0 	 11.23 
1447 	 0.0 	 10.45 
1448 	 0.0 	 12.94 
1449 	 0.0 	 11.35 
1450 	 0.0 	 10.07 
1451 	 0.0 	 7.99 
1452 	 0.0 	 8.99 
1453 	 0.0 	 9.82 
1454 	 0.0 	 10.91 
1455 	 0.0 	 10.26 
1456 	 0.0 	 11.90 
1457 	 0.0 	 10.73 
1458 	 0.0 	 2.89 
1459 	 0.0 	 13.07 
1460 	 0.0 	 10.89 
1461 	 0.0 	 11.99 
1462 	 0.0 	 10.87 
1463 	 0.0 	 12.26 
1464 	 0.0 	 10.44 
1465 	 0.0 	 14.16 
1466 	 0.0 	 9.96 
1467 	 0.0 	 9.48 
1468 	 0.0 	 9.10 
1469 	 0.0 	 1.60 
1470 	 0.0 	 8.88 
1471 	 0.0 	 10.29 
1472 	 0.0 	 11.74 
1473 	 0.0 	 8.10 
1474 	 0.0 	 11.59 
1475 	 0.0 	 9.15 
1476 	 0.0 	 9.33 
1477 	 0.0 	 9.60 
1478 	 0.0 	 7.76 
1479 	 0.0 	 10.59 
1480 	 0.0 	 9.20 
1481 	 0.0 	 7.25 
1482 	 0.0 	 6.50 
1483 	 0.0 	 9.36 
1484 	 0.0 	 7.18 
1485 	 0.0 	 9.60 
1486 	 0.0 	 7.28 
1487 	 0.0 	 7.04 
1488 	 0.0 	 7.46 
1489 	 0.0 	 6.29 
1490 	 0.0 	 8.13 
1491 	 0.0 	 7.31 
1492 	 0.0 	 6.60 
1493 	 0.0 	 8.34 
1494 	 0.0 	 7.72 
1495 	 0.0 	 7.07 
1496 	 0.0 	 8.71 
1497 	 0.0 	 7.79 
1498 	 0.0 	 8.52 
1499 	 0.0 	 5.47 
1500 	 0.0 	 5.29 
1501 	 0.0 	 7.07 
1502 	 0.0 	 6.26 
1503 	 0.0 	 6.03 
1504 	 0.0 	 6.10 
1505 	 0.0 	 5.65 
1506 	 0.0 	 4.57 
1507 	 0.0 	 4.11 
1508 	 0.0 	 3.73 
1509 	 0.0 	 3.38 
1510 	 0.0 	 3.02 
1511 	 0.0 	 3.68 
1512 	 0.0 	 3.93 
1513 	 0.0 	 3.55 
1514 	 0.0 	 4.60 
1515 	 0.0 	 5.47 
1516 	 0.0 	 3.83 
1517 	 0.0 	 8.06 
1518 	 0.0 	 6.85 
1519 	 0.0 	 12.33 
1520 	 0.0 	 7.97 
1521 	 0.0 	 7.73 
1522 	 0.0 	 6.64 
1523 	 0.0 	 7.37 
1524 	 0.0 	 3.04 
1525 	 0.0 	 7.06 
1526 	 0.0 	 6.71 
1527 	 0.0 	 3.62 
1528 	 0.0 	 3.50 
1530 	 0.0 	 7.12 
1531 	 0.0 	 8.20 
1532 	 0.0 	 2.35 
1533 	 0.0 	 8.42 
1534 	 0.0 	 4.71 
1535 	 0.0 	 8.85 
1536 	 0.0 	 0.00 
1537 	 0.0 	 6.70 
1538 	 0.0 	 0.00 
1539 	 0.0 	 9.85 
1540 	 0.0 	 0.00 
1541 	 0.0 	 0.00 
1542 	 0.0 	 2.56 
1543 	 0.0 	 0.00 
1544 	 0.0 	 0.00 
1545 	 0.0 	 8.00 
1546 	 0.0 	 3.36 
1547 	 0.0 	 5.80 
1548 	 0.0 	 3.72 
1549 	 0.0 	 6.37 
1550 	 0.0 	 1.94 
