1 	 0.0 	 0.00 
2 	 0.0 	 0.00 
3 	 0.0 	 0.00 
4 	 0.0 	 0.00 
5 	 0.0 	 0.00 
6 	 0.0 	 0.00 
7 	 0.0 	 0.00 
8 	 0.0 	 0.00 
9 	 0.0 	 0.00 
10 	 0.0 	 0.01 
11 	 0.0 	 0.00 
12 	 0.0 	 0.00 
13 	 0.0 	 0.00 
14 	 0.0 	 0.00 
15 	 0.0 	 0.00 
16 	 0.0 	 0.00 
17 	 0.0 	 0.00 
18 	 0.0 	 0.00 
19 	 0.0 	 0.00 
20 	 0.0 	 0.00 
21 	 0.0 	 0.00 
22 	 0.0 	 0.00 
23 	 0.0 	 0.00 
24 	 0.0 	 0.00 
25 	 0.0 	 0.00 
26 	 0.0 	 0.00 
27 	 0.0 	 0.00 
28 	 0.0 	 0.01 
29 	 0.0 	 0.00 
30 	 0.0 	 0.00 
31 	 0.0 	 0.00 
32 	 0.0 	 0.00 
33 	 0.0 	 0.00 
34 	 0.0 	 0.00 
35 	 0.0 	 0.00 
36 	 0.0 	 0.00 
37 	 0.0 	 0.00 
38 	 0.0 	 0.01 
39 	 0.0 	 0.00 
40 	 0.0 	 0.00 
41 	 0.0 	 0.00 
42 	 0.0 	 0.00 
43 	 0.0 	 0.00 
44 	 0.0 	 0.00 
45 	 0.0 	 0.00 
46 	 0.0 	 0.00 
47 	 0.0 	 0.01 
48 	 0.0 	 0.00 
49 	 0.0 	 0.00 
50 	 0.0 	 0.00 
51 	 0.0 	 0.00 
52 	 0.0 	 0.00 
53 	 0.0 	 0.00 
54 	 0.0 	 0.00 
55 	 0.0 	 0.00 
56 	 0.0 	 0.00 
57 	 0.0 	 0.00 
58 	 0.0 	 0.00 
59 	 0.0 	 1.07 
60 	 0.0 	 1.21 
61 	 0.0 	 0.99 
62 	 0.0 	 0.92 
63 	 0.0 	 0.65 
64 	 0.0 	 0.00 
65 	 0.0 	 0.00 
66 	 0.0 	 0.00 
67 	 0.0 	 0.00 
68 	 0.0 	 0.00 
69 	 0.0 	 0.01 
70 	 0.0 	 0.00 
71 	 0.0 	 0.00 
72 	 0.0 	 0.00 
73 	 0.0 	 0.00 
74 	 0.0 	 0.00 
75 	 0.0 	 0.00 
76 	 0.0 	 0.00 
77 	 0.0 	 0.00 
78 	 0.0 	 0.00 
79 	 0.0 	 1.12 
80 	 0.0 	 0.00 
81 	 0.0 	 0.01 
82 	 0.0 	 0.00 
83 	 0.0 	 0.00 
84 	 0.0 	 0.01 
85 	 0.0 	 0.00 
86 	 0.0 	 0.00 
87 	 0.0 	 0.01 
88 	 0.0 	 0.00 
89 	 0.0 	 0.45 
90 	 0.0 	 0.83 
91 	 0.0 	 0.95 
92 	 0.0 	 0.97 
93 	 0.0 	 0.74 
94 	 0.0 	 0.72 
95 	 0.0 	 0.62 
96 	 0.0 	 0.53 
97 	 0.0 	 0.52 
98 	 0.0 	 0.44 
99 	 0.0 	 0.42 
100 	 0.0 	 0.00 
101 	 0.0 	 0.00 
102 	 0.0 	 0.01 
103 	 0.0 	 0.89 
104 	 0.0 	 0.89 
105 	 0.0 	 0.83 
106 	 0.0 	 0.70 
107 	 0.0 	 0.64 
108 	 0.0 	 0.59 
109 	 0.0 	 0.48 
110 	 0.0 	 0.36 
111 	 0.0 	 0.29 
113 	 0.0 	 0.16 
114 	 0.0 	 0.15 
115 	 0.0 	 0.14 
116 	 0.0 	 0.21 
118 	 0.0 	 0.27 
120 	 0.0 	 0.30 
121 	 0.0 	 0.37 
122 	 0.0 	 0.42 
123 	 0.0 	 0.52 
124 	 0.0 	 0.62 
125 	 0.0 	 0.63 
126 	 0.0 	 0.70 
127 	 0.0 	 0.67 
128 	 0.0 	 0.63 
129 	 0.0 	 0.63 
130 	 0.0 	 0.73 
131 	 0.0 	 0.71 
132 	 0.0 	 0.73 
133 	 0.0 	 0.68 
134 	 0.0 	 0.68 
135 	 0.0 	 0.57 
136 	 0.0 	 0.49 
137 	 0.0 	 0.43 
138 	 0.0 	 0.35 
139 	 0.0 	 0.31 
140 	 0.0 	 0.32 
141 	 0.0 	 0.30 
142 	 0.0 	 0.26 
143 	 0.0 	 0.31 
145 	 0.0 	 0.24 
146 	 0.0 	 0.18 
147 	 0.0 	 0.09 
148 	 0.0 	 0.02 
149 	 0.0 	 0.02 
150 	 0.0 	 0.00 
151 	 0.0 	 0.00 
152 	 0.0 	 0.00 
153 	 0.0 	 0.00 
154 	 0.0 	 0.91 
155 	 0.0 	 0.79 
156 	 0.0 	 0.00 
158 	 0.0 	 0.00 
159 	 0.0 	 1.18 
160 	 0.0 	 0.92 
161 	 0.0 	 0.82 
162 	 0.0 	 0.76 
163 	 0.0 	 0.50 
164 	 0.0 	 0.42 
165 	 0.0 	 0.38 
166 	 0.0 	 0.46 
167 	 0.0 	 0.00 
168 	 0.0 	 0.02 
169 	 0.0 	 0.71 
170 	 0.0 	 0.44 
171 	 0.0 	 0.31 
172 	 0.0 	 0.30 
173 	 0.0 	 0.25 
174 	 0.0 	 0.26 
175 	 0.0 	 0.27 
176 	 0.0 	 0.26 
177 	 0.0 	 0.28 
178 	 0.0 	 0.27 
179 	 0.0 	 0.23 
180 	 0.0 	 0.27 
181 	 0.0 	 0.28 
182 	 0.0 	 0.29 
183 	 0.0 	 0.33 
184 	 0.0 	 0.30 
185 	 0.0 	 0.30 
186 	 0.0 	 0.34 
187 	 0.0 	 0.31 
188 	 0.0 	 0.20 
189 	 0.0 	 0.13 
190 	 0.0 	 0.09 
191 	 0.0 	 0.03 
192 	 0.0 	 0.02 
193 	 0.0 	 0.02 
194 	 0.0 	 0.02 
196 	 0.0 	 0.02 
197 	 0.0 	 0.02 
198 	 0.0 	 0.58 
199 	 0.0 	 0.48 
201 	 0.0 	 0.62 
202 	 0.0 	 0.65 
203 	 0.0 	 0.67 
204 	 0.0 	 0.62 
205 	 0.0 	 0.54 
206 	 0.0 	 0.49 
207 	 0.0 	 0.42 
208 	 0.0 	 0.39 
209 	 0.0 	 0.35 
210 	 0.0 	 0.37 
211 	 0.0 	 0.38 
212 	 0.0 	 0.38 
213 	 0.0 	 0.00 
214 	 0.0 	 0.00 
215 	 0.0 	 0.00 
216 	 0.0 	 0.00 
217 	 0.0 	 0.00 
218 	 0.0 	 0.00 
219 	 0.0 	 0.00 
220 	 0.0 	 0.00 
221 	 0.0 	 0.00 
222 	 0.0 	 0.00 
223 	 0.0 	 0.00 
225 	 0.0 	 0.00 
226 	 0.0 	 0.00 
227 	 0.0 	 0.00 
228 	 0.0 	 0.00 
229 	 0.0 	 0.00 
231 	 0.0 	 1.00 
232 	 0.0 	 0.98 
233 	 0.0 	 0.83 
234 	 0.0 	 0.65 
236 	 0.0 	 0.51 
237 	 0.0 	 0.49 
238 	 0.0 	 0.45 
239 	 0.0 	 0.39 
240 	 0.0 	 0.36 
241 	 0.0 	 0.44 
242 	 0.0 	 0.36 
244 	 0.0 	 0.41 
245 	 0.0 	 0.46 
246 	 0.0 	 0.50 
247 	 0.0 	 0.61 
248 	 0.0 	 0.70 
249 	 0.0 	 0.72 
250 	 0.0 	 0.65 
251 	 0.0 	 0.75 
252 	 0.0 	 0.73 
253 	 0.0 	 0.66 
254 	 0.0 	 0.67 
255 	 0.0 	 0.66 
256 	 0.0 	 0.70 
257 	 0.0 	 0.62 
258 	 0.0 	 0.49 
259 	 0.0 	 0.44 
260 	 0.0 	 0.38 
261 	 0.0 	 0.37 
262 	 0.0 	 0.36 
263 	 0.0 	 0.33 
264 	 0.0 	 0.27 
265 	 0.0 	 0.15 
266 	 0.0 	 0.07 
267 	 0.0 	 0.02 
268 	 0.0 	 0.02 
269 	 0.0 	 0.01 
270 	 0.0 	 0.02 
272 	 0.0 	 0.15 
273 	 0.0 	 0.21 
274 	 0.0 	 0.21 
275 	 0.0 	 0.25 
276 	 0.0 	 0.27 
277 	 0.0 	 0.29 
278 	 0.0 	 0.32 
279 	 0.0 	 0.34 
280 	 0.0 	 0.34 
281 	 0.0 	 0.35 
282 	 0.0 	 0.34 
283 	 0.0 	 0.33 
284 	 0.0 	 0.33 
285 	 0.0 	 0.33 
286 	 0.0 	 0.45 
287 	 0.0 	 0.52 
288 	 0.0 	 0.56 
289 	 0.0 	 0.68 
290 	 0.0 	 0.67 
291 	 0.0 	 0.75 
293 	 0.0 	 0.79 
294 	 0.0 	 0.85 
295 	 0.0 	 0.85 
296 	 0.0 	 0.80 
297 	 0.0 	 0.85 
298 	 0.0 	 0.89 
299 	 0.0 	 0.75 
300 	 0.0 	 0.71 
301 	 0.0 	 0.77 
302 	 0.0 	 0.63 
303 	 0.0 	 0.54 
304 	 0.0 	 0.44 
305 	 0.0 	 0.37 
306 	 0.0 	 0.34 
307 	 0.0 	 0.35 
308 	 0.0 	 0.29 
309 	 0.0 	 0.27 
310 	 0.0 	 0.27 
311 	 0.0 	 0.28 
312 	 0.0 	 0.27 
313 	 0.0 	 0.33 
314 	 0.0 	 0.35 
315 	 0.0 	 0.47 
316 	 0.0 	 0.59 
317 	 0.0 	 0.56 
318 	 0.0 	 0.52 
319 	 0.0 	 0.51 
320 	 0.0 	 0.45 
321 	 0.0 	 0.41 
322 	 0.0 	 0.38 
323 	 0.0 	 0.28 
324 	 0.0 	 0.27 
325 	 0.0 	 0.18 
326 	 0.0 	 0.17 
327 	 0.0 	 0.18 
328 	 0.0 	 0.13 
329 	 0.0 	 0.13 
330 	 0.0 	 0.12 
331 	 0.0 	 0.12 
332 	 0.0 	 0.10 
333 	 0.0 	 0.14 
334 	 0.0 	 0.18 
335 	 0.0 	 0.18 
337 	 0.0 	 0.26 
338 	 0.0 	 0.36 
339 	 0.0 	 0.43 
340 	 0.0 	 0.41 
341 	 0.0 	 0.36 
342 	 0.0 	 0.24 
343 	 0.0 	 0.17 
344 	 0.0 	 0.14 
345 	 0.0 	 0.16 
346 	 0.0 	 0.22 
347 	 0.0 	 0.27 
349 	 0.0 	 0.00 
350 	 0.0 	 0.00 
351 	 0.0 	 0.00 
352 	 0.0 	 0.00 
354 	 0.0 	 0.71 
355 	 0.0 	 1.05 
356 	 0.0 	 0.77 
357 	 0.0 	 0.85 
358 	 0.0 	 0.73 
359 	 0.0 	 0.02 
360 	 0.0 	 0.00 
361 	 0.0 	 0.00 
362 	 0.0 	 0.51 
363 	 0.0 	 0.86 
364 	 0.0 	 0.84 
365 	 0.0 	 0.82 
366 	 0.0 	 0.00 
367 	 0.0 	 0.00 
368 	 0.0 	 0.00 
369 	 0.0 	 0.00 
370 	 0.0 	 0.02 
371 	 0.0 	 1.00 
372 	 0.0 	 0.80 
374 	 0.0 	 0.72 
375 	 0.0 	 0.70 
376 	 0.0 	 0.00 
377 	 0.0 	 0.00 
378 	 0.0 	 0.00 
381 	 0.0 	 0.82 
382 	 0.0 	 0.72 
383 	 0.0 	 0.54 
384 	 0.0 	 0.49 
385 	 0.0 	 0.42 
386 	 0.0 	 0.43 
387 	 0.0 	 0.47 
388 	 0.0 	 0.43 
389 	 0.0 	 0.41 
390 	 0.0 	 0.42 
391 	 0.0 	 0.41 
392 	 0.0 	 0.37 
393 	 0.0 	 0.39 
394 	 0.0 	 0.42 
395 	 0.0 	 0.45 
396 	 0.0 	 0.44 
398 	 0.0 	 0.04 
400 	 0.0 	 0.00 
401 	 0.0 	 0.00 
402 	 0.0 	 0.00 
403 	 0.0 	 0.01 
406 	 0.0 	 0.85 
407 	 0.0 	 0.72 
408 	 0.0 	 0.68 
410 	 0.0 	 0.57 
411 	 0.0 	 0.50 
412 	 0.0 	 0.47 
413 	 0.0 	 0.46 
414 	 0.0 	 0.50 
415 	 0.0 	 0.52 
416 	 0.0 	 0.48 
418 	 0.0 	 0.51 
419 	 0.0 	 0.56 
420 	 0.0 	 0.51 
421 	 0.0 	 0.51 
422 	 0.0 	 0.51 
423 	 0.0 	 0.49 
424 	 0.0 	 0.50 
425 	 0.0 	 0.51 
426 	 0.0 	 0.52 
427 	 0.0 	 0.57 
428 	 0.0 	 0.55 
429 	 0.0 	 0.48 
430 	 0.0 	 0.50 
431 	 0.0 	 0.50 
432 	 0.0 	 0.58 
433 	 0.0 	 0.51 
434 	 0.0 	 0.75 
436 	 0.0 	 0.00 
437 	 0.0 	 0.00 
438 	 0.0 	 0.00 
439 	 0.0 	 0.00 
440 	 0.0 	 0.00 
441 	 0.0 	 0.00 
442 	 0.0 	 0.00 
444 	 0.0 	 0.00 
445 	 0.0 	 0.00 
446 	 0.0 	 0.00 
447 	 0.0 	 0.00 
448 	 0.0 	 0.00 
449 	 0.0 	 0.00 
450 	 0.0 	 0.00 
451 	 0.0 	 0.01 
452 	 0.0 	 0.00 
453 	 0.0 	 0.00 
455 	 0.0 	 0.95 
456 	 0.0 	 0.98 
458 	 0.0 	 0.79 
459 	 0.0 	 0.81 
460 	 0.0 	 0.73 
461 	 0.0 	 0.71 
462 	 0.0 	 0.59 
463 	 0.0 	 0.59 
464 	 0.0 	 0.58 
465 	 0.0 	 0.55 
466 	 0.0 	 0.52 
467 	 0.0 	 0.51 
468 	 0.0 	 0.55 
469 	 0.0 	 0.50 
470 	 0.0 	 0.50 
471 	 0.0 	 0.47 
472 	 0.0 	 0.48 
473 	 0.0 	 0.47 
474 	 0.0 	 0.48 
475 	 0.0 	 0.43 
476 	 0.0 	 0.52 
477 	 0.0 	 0.66 
478 	 0.0 	 0.62 
479 	 0.0 	 0.53 
480 	 0.0 	 0.50 
481 	 0.0 	 0.46 
482 	 0.0 	 0.47 
483 	 0.0 	 0.51 
484 	 0.0 	 0.55 
485 	 0.0 	 0.01 
486 	 0.0 	 0.00 
487 	 0.0 	 0.00 
488 	 0.0 	 0.00 
489 	 0.0 	 0.00 
490 	 0.0 	 0.00 
491 	 0.0 	 0.00 
492 	 0.0 	 0.00 
493 	 0.0 	 0.00 
494 	 0.0 	 0.01 
495 	 0.0 	 1.04 
496 	 0.0 	 0.97 
498 	 0.0 	 0.74 
499 	 0.0 	 0.80 
500 	 0.0 	 0.75 
501 	 0.0 	 0.77 
502 	 0.0 	 0.68 
503 	 0.0 	 0.66 
504 	 0.0 	 0.70 
506 	 0.0 	 0.55 
507 	 0.0 	 0.48 
508 	 0.0 	 0.50 
509 	 0.0 	 0.50 
510 	 0.0 	 0.43 
511 	 0.0 	 0.41 
512 	 0.0 	 0.40 
513 	 0.0 	 0.39 
514 	 0.0 	 0.38 
515 	 0.0 	 0.43 
516 	 0.0 	 0.51 
517 	 0.0 	 0.58 
519 	 0.0 	 0.74 
520 	 0.0 	 0.64 
521 	 0.0 	 0.74 
522 	 0.0 	 0.70 
523 	 0.0 	 0.68 
524 	 0.0 	 0.73 
525 	 0.0 	 0.70 
526 	 0.0 	 0.71 
527 	 0.0 	 0.67 
528 	 0.0 	 0.68 
529 	 0.0 	 0.67 
530 	 0.0 	 0.66 
531 	 0.0 	 0.00 
532 	 0.0 	 0.00 
533 	 0.0 	 0.00 
534 	 0.0 	 0.00 
535 	 0.0 	 0.00 
536 	 0.0 	 0.00 
537 	 0.0 	 0.00 
538 	 0.0 	 0.00 
540 	 0.0 	 0.00 
541 	 0.0 	 0.00 
542 	 0.0 	 0.00 
543 	 0.0 	 0.79 
544 	 0.0 	 1.01 
545 	 0.0 	 0.87 
546 	 0.0 	 0.88 
547 	 0.0 	 0.82 
548 	 0.0 	 0.87 
549 	 0.0 	 0.81 
550 	 0.0 	 0.74 
551 	 0.0 	 0.77 
552 	 0.0 	 0.70 
553 	 0.0 	 0.73 
554 	 0.0 	 0.76 
555 	 0.0 	 0.69 
556 	 0.0 	 0.73 
557 	 0.0 	 0.73 
558 	 0.0 	 0.69 
559 	 0.0 	 0.66 
561 	 0.0 	 0.00 
562 	 0.0 	 0.00 
563 	 0.0 	 0.00 
564 	 0.0 	 0.00 
565 	 0.0 	 0.00 
566 	 0.0 	 0.00 
567 	 0.0 	 0.00 
568 	 0.0 	 0.00 
569 	 0.0 	 0.00 
570 	 0.0 	 0.00 
571 	 0.0 	 0.00 
572 	 0.0 	 0.00 
573 	 0.0 	 0.00 
574 	 0.0 	 0.01 
576 	 0.0 	 0.00 
577 	 0.0 	 0.00 
578 	 0.0 	 0.00 
579 	 0.0 	 0.00 
580 	 0.0 	 0.00 
581 	 0.0 	 0.01 
582 	 0.0 	 0.47 
583 	 0.0 	 0.96 
584 	 0.0 	 0.89 
585 	 0.0 	 0.82 
586 	 0.0 	 0.97 
587 	 0.0 	 0.86 
588 	 0.0 	 0.81 
589 	 0.0 	 0.85 
590 	 0.0 	 0.91 
591 	 0.0 	 0.81 
592 	 0.0 	 0.79 
593 	 0.0 	 0.70 
594 	 0.0 	 0.72 
595 	 0.0 	 0.75 
596 	 0.0 	 0.69 
597 	 0.0 	 0.73 
598 	 0.0 	 0.70 
599 	 0.0 	 0.68 
600 	 0.0 	 0.68 
601 	 0.0 	 0.69 
602 	 0.0 	 0.73 
603 	 0.0 	 0.68 
605 	 0.0 	 0.67 
607 	 0.0 	 0.64 
608 	 0.0 	 0.68 
609 	 0.0 	 0.66 
610 	 0.0 	 0.65 
611 	 0.0 	 0.70 
612 	 0.0 	 0.00 
613 	 0.0 	 0.00 
614 	 0.0 	 0.01 
615 	 0.0 	 1.02 
616 	 0.0 	 0.88 
617 	 0.0 	 0.84 
618 	 0.0 	 0.85 
619 	 0.0 	 0.90 
620 	 0.0 	 0.79 
621 	 0.0 	 0.68 
622 	 0.0 	 0.75 
623 	 0.0 	 0.02 
624 	 0.0 	 0.95 
625 	 0.0 	 0.83 
626 	 0.0 	 0.72 
627 	 0.0 	 0.80 
628 	 0.0 	 0.70 
629 	 0.0 	 0.74 
630 	 0.0 	 0.75 
631 	 0.0 	 0.74 
632 	 0.0 	 0.82 
633 	 0.0 	 0.84 
634 	 0.0 	 0.85 
635 	 0.0 	 0.82 
636 	 0.0 	 0.87 
637 	 0.0 	 0.87 
638 	 0.0 	 0.83 
639 	 0.0 	 0.84 
640 	 0.0 	 0.82 
641 	 0.0 	 0.84 
642 	 0.0 	 0.86 
643 	 0.0 	 0.86 
644 	 0.0 	 0.81 
645 	 0.0 	 0.84 
646 	 0.0 	 0.85 
647 	 0.0 	 0.84 
648 	 0.0 	 0.86 
649 	 0.0 	 0.76 
650 	 0.0 	 0.76 
651 	 0.0 	 0.78 
652 	 0.0 	 0.84 
653 	 0.0 	 0.78 
654 	 0.0 	 0.72 
655 	 0.0 	 0.76 
656 	 0.0 	 0.83 
657 	 0.0 	 0.84 
658 	 0.0 	 0.76 
659 	 0.0 	 0.75 
660 	 0.0 	 0.82 
661 	 0.0 	 0.81 
662 	 0.0 	 0.76 
663 	 0.0 	 0.76 
664 	 0.0 	 0.00 
665 	 0.0 	 0.00 
666 	 0.0 	 0.00 
667 	 0.0 	 0.00 
668 	 0.0 	 0.00 
669 	 0.0 	 0.00 
670 	 0.0 	 0.00 
671 	 0.0 	 0.00 
672 	 0.0 	 0.00 
673 	 0.0 	 0.00 
674 	 0.0 	 0.00 
675 	 0.0 	 0.00 
676 	 0.0 	 0.00 
677 	 0.0 	 0.01 
678 	 0.0 	 0.66 
679 	 0.0 	 0.98 
680 	 0.0 	 0.85 
681 	 0.0 	 0.83 
682 	 0.0 	 0.86 
683 	 0.0 	 0.83 
684 	 0.0 	 0.87 
685 	 0.0 	 0.81 
686 	 0.0 	 0.86 
688 	 0.0 	 0.88 
689 	 0.0 	 0.76 
690 	 0.0 	 0.72 
691 	 0.0 	 0.71 
692 	 0.0 	 0.78 
693 	 0.0 	 0.68 
694 	 0.0 	 0.73 
695 	 0.0 	 0.68 
696 	 0.0 	 0.72 
697 	 0.0 	 0.03 
698 	 0.0 	 0.84 
699 	 0.0 	 0.90 
701 	 0.0 	 0.79 
702 	 0.0 	 0.75 
703 	 0.0 	 0.82 
704 	 0.0 	 0.76 
705 	 0.0 	 0.74 
706 	 0.0 	 0.79 
707 	 0.0 	 0.85 
708 	 0.0 	 0.78 
709 	 0.0 	 0.84 
710 	 0.0 	 0.85 
711 	 0.0 	 0.85 
712 	 0.0 	 0.81 
714 	 0.0 	 0.74 
715 	 0.0 	 0.79 
716 	 0.0 	 0.71 
717 	 0.0 	 0.76 
718 	 0.0 	 0.79 
719 	 0.0 	 0.84 
720 	 0.0 	 0.72 
721 	 0.0 	 0.65 
722 	 0.0 	 0.00 
723 	 0.0 	 0.01 
724 	 0.0 	 0.01 
725 	 0.0 	 0.90 
726 	 0.0 	 0.74 
727 	 0.0 	 0.55 
728 	 0.0 	 0.37 
729 	 0.0 	 0.24 
730 	 0.0 	 0.16 
731 	 0.0 	 0.09 
734 	 0.0 	 0.02 
735 	 0.0 	 0.01 
736 	 0.0 	 0.02 
737 	 0.0 	 0.02 
738 	 0.0 	 0.01 
739 	 0.0 	 0.01 
740 	 0.0 	 0.02 
741 	 0.0 	 0.05 
742 	 0.0 	 0.04 
743 	 0.0 	 0.03 
744 	 0.0 	 0.00 
745 	 0.0 	 0.01 
746 	 0.0 	 0.00 
747 	 0.0 	 0.00 
749 	 0.0 	 0.73 
750 	 0.0 	 0.46 
751 	 0.0 	 0.28 
752 	 0.0 	 0.18 
753 	 0.0 	 0.13 
754 	 0.0 	 0.08 
756 	 0.0 	 0.00 
757 	 0.0 	 0.00 
758 	 0.0 	 0.00 
759 	 0.0 	 0.00 
760 	 0.0 	 0.01 
761 	 0.0 	 0.00 
763 	 0.0 	 0.78 
764 	 0.0 	 0.66 
765 	 0.0 	 0.36 
766 	 0.0 	 0.24 
768 	 0.0 	 0.05 
770 	 0.0 	 0.02 
771 	 0.0 	 0.00 
772 	 0.0 	 0.01 
773 	 0.0 	 0.00 
774 	 0.0 	 0.06 
775 	 0.0 	 0.00 
776 	 0.0 	 0.00 
777 	 0.0 	 0.00 
778 	 0.0 	 0.87 
779 	 0.0 	 0.60 
780 	 0.0 	 0.00 
781 	 0.0 	 0.01 
782 	 0.0 	 0.01 
783 	 0.0 	 0.00 
784 	 0.0 	 0.01 
785 	 0.0 	 0.00 
786 	 0.0 	 0.83 
787 	 0.0 	 0.82 
788 	 0.0 	 0.73 
789 	 0.0 	 0.70 
790 	 0.0 	 0.69 
791 	 0.0 	 0.67 
792 	 0.0 	 0.00 
793 	 0.0 	 0.00 
794 	 0.0 	 0.00 
795 	 0.0 	 0.88 
796 	 0.0 	 0.00 
797 	 0.0 	 0.00 
798 	 0.0 	 0.01 
799 	 0.0 	 1.06 
800 	 0.0 	 0.88 
801 	 0.0 	 0.88 
802 	 0.0 	 0.78 
804 	 0.0 	 0.71 
805 	 0.0 	 0.59 
806 	 0.0 	 0.59 
807 	 0.0 	 0.49 
808 	 0.0 	 0.46 
809 	 0.0 	 0.44 
810 	 0.0 	 0.37 
811 	 0.0 	 0.32 
812 	 0.0 	 0.24 
813 	 0.0 	 0.23 
814 	 0.0 	 0.18 
815 	 0.0 	 0.24 
816 	 0.0 	 0.22 
817 	 0.0 	 0.31 
818 	 0.0 	 0.30 
819 	 0.0 	 0.30 
820 	 0.0 	 0.33 
821 	 0.0 	 0.36 
822 	 0.0 	 0.35 
823 	 0.0 	 0.40 
824 	 0.0 	 0.40 
826 	 0.0 	 0.41 
827 	 0.0 	 0.36 
828 	 0.0 	 0.31 
829 	 0.0 	 0.23 
830 	 0.0 	 0.17 
831 	 0.0 	 0.08 
832 	 0.0 	 0.05 
833 	 0.0 	 0.02 
834 	 0.0 	 0.02 
835 	 0.0 	 0.00 
836 	 0.0 	 0.00 
837 	 0.0 	 0.00 
838 	 0.0 	 0.02 
839 	 0.0 	 0.67 
840 	 0.0 	 0.00 
841 	 0.0 	 0.00 
843 	 0.0 	 0.00 
844 	 0.0 	 0.00 
845 	 0.0 	 0.90 
846 	 0.0 	 0.61 
847 	 0.0 	 0.63 
848 	 0.0 	 0.14 
849 	 0.0 	 0.00 
850 	 0.0 	 0.00 
851 	 0.0 	 0.03 
852 	 0.0 	 0.00 
853 	 0.0 	 0.01 
855 	 0.0 	 0.86 
856 	 0.0 	 0.83 
857 	 0.0 	 0.83 
858 	 0.0 	 0.87 
859 	 0.0 	 0.00 
860 	 0.0 	 0.00 
861 	 0.0 	 0.01 
862 	 0.0 	 0.95 
863 	 0.0 	 0.87 
864 	 0.0 	 0.88 
865 	 0.0 	 0.82 
866 	 0.0 	 0.69 
867 	 0.0 	 0.76 
869 	 0.0 	 0.00 
870 	 0.0 	 0.01 
871 	 0.0 	 0.84 
872 	 0.0 	 0.87 
873 	 0.0 	 0.84 
874 	 0.0 	 0.00 
876 	 0.0 	 0.78 
877 	 0.0 	 0.81 
878 	 0.0 	 0.77 
879 	 0.0 	 0.74 
880 	 0.0 	 0.60 
881 	 0.0 	 0.50 
882 	 0.0 	 0.46 
883 	 0.0 	 0.45 
884 	 0.0 	 0.46 
885 	 0.0 	 0.45 
886 	 0.0 	 0.48 
887 	 0.0 	 0.50 
888 	 0.0 	 0.47 
889 	 0.0 	 0.47 
890 	 0.0 	 0.50 
891 	 0.0 	 0.48 
894 	 0.0 	 0.00 
895 	 0.0 	 0.00 
896 	 0.0 	 0.00 
898 	 0.0 	 0.97 
899 	 0.0 	 0.89 
900 	 0.0 	 0.76 
901 	 0.0 	 0.57 
902 	 0.0 	 0.42 
903 	 0.0 	 0.44 
904 	 0.0 	 0.59 
905 	 0.0 	 0.55 
906 	 0.0 	 0.53 
907 	 0.0 	 0.39 
908 	 0.0 	 0.32 
909 	 0.0 	 0.26 
910 	 0.0 	 0.25 
911 	 0.0 	 0.18 
912 	 0.0 	 0.18 
913 	 0.0 	 0.17 
914 	 0.0 	 0.17 
915 	 0.0 	 0.16 
916 	 0.0 	 0.20 
917 	 0.0 	 0.18 
919 	 0.0 	 0.25 
920 	 0.0 	 0.32 
921 	 0.0 	 0.33 
922 	 0.0 	 0.38 
923 	 0.0 	 0.34 
924 	 0.0 	 0.32 
925 	 0.0 	 0.34 
926 	 0.0 	 0.34 
927 	 0.0 	 0.31 
928 	 0.0 	 0.31 
929 	 0.0 	 0.31 
931 	 0.0 	 0.26 
932 	 0.0 	 0.26 
933 	 0.0 	 0.20 
934 	 0.0 	 0.19 
935 	 0.0 	 0.17 
936 	 0.0 	 0.15 
937 	 0.0 	 0.08 
938 	 0.0 	 0.02 
939 	 0.0 	 0.05 
940 	 0.0 	 0.02 
941 	 0.0 	 0.02 
942 	 0.0 	 0.02 
943 	 0.0 	 0.02 
944 	 0.0 	 0.02 
945 	 0.0 	 0.02 
946 	 0.0 	 0.02 
947 	 0.0 	 0.02 
948 	 0.0 	 0.06 
949 	 0.0 	 0.10 
950 	 0.0 	 0.16 
951 	 0.0 	 0.19 
952 	 0.0 	 0.27 
953 	 0.0 	 0.21 
954 	 0.0 	 0.07 
955 	 0.0 	 0.00 
956 	 0.0 	 0.00 
957 	 0.0 	 0.00 
958 	 0.0 	 0.00 
959 	 0.0 	 0.00 
960 	 0.0 	 0.00 
961 	 0.0 	 0.00 
962 	 0.0 	 0.00 
963 	 0.0 	 0.74 
964 	 0.0 	 0.45 
965 	 0.0 	 0.00 
966 	 0.0 	 0.00 
967 	 0.0 	 0.00 
968 	 0.0 	 0.00 
969 	 0.0 	 0.00 
970 	 0.0 	 0.00 
971 	 0.0 	 0.00 
972 	 0.0 	 0.54 
973 	 0.0 	 0.80 
974 	 0.0 	 0.66 
975 	 0.0 	 0.39 
976 	 0.0 	 0.33 
977 	 0.0 	 0.21 
978 	 0.0 	 0.22 
979 	 0.0 	 0.19 
980 	 0.0 	 0.19 
981 	 0.0 	 0.21 
982 	 0.0 	 0.22 
983 	 0.0 	 0.24 
986 	 0.0 	 0.40 
987 	 0.0 	 0.40 
988 	 0.0 	 0.41 
989 	 0.0 	 0.43 
990 	 0.0 	 0.00 
991 	 0.0 	 0.00 
993 	 0.0 	 0.00 
994 	 0.0 	 0.00 
995 	 0.0 	 1.07 
996 	 0.0 	 0.86 
997 	 0.0 	 0.83 
998 	 0.0 	 0.72 
999 	 0.0 	 0.68 
1000 	 0.0 	 0.00 
1001 	 0.0 	 0.00 
1002 	 0.0 	 0.00 
1003 	 0.0 	 0.00 
1005 	 0.0 	 0.00 
1006 	 0.0 	 0.00 
1007 	 0.0 	 0.00 
1008 	 0.0 	 0.00 
1010 	 0.0 	 0.02 
1011 	 0.0 	 0.85 
1012 	 0.0 	 0.73 
1013 	 0.0 	 0.00 
1014 	 0.0 	 0.00 
1015 	 0.0 	 0.00 
1016 	 0.0 	 0.01 
1017 	 0.0 	 0.00 
1018 	 0.0 	 0.00 
1019 	 0.0 	 0.00 
1020 	 0.0 	 0.00 
1021 	 0.0 	 0.00 
1022 	 0.0 	 0.01 
1023 	 0.0 	 0.01 
1024 	 0.0 	 0.00 
1025 	 0.0 	 0.00 
1026 	 0.0 	 0.01 
1027 	 0.0 	 0.00 
1028 	 0.0 	 0.00 
1029 	 0.0 	 0.00 
1030 	 0.0 	 0.00 
1032 	 0.0 	 0.00 
1033 	 0.0 	 0.00 
1034 	 0.0 	 0.00 
1035 	 0.0 	 0.00 
1036 	 0.0 	 0.01 
1037 	 0.0 	 0.93 
1038 	 0.0 	 0.78 
1039 	 0.0 	 0.76 
1040 	 0.0 	 0.72 
1041 	 0.0 	 0.00 
1042 	 0.0 	 0.00 
1043 	 0.0 	 0.01 
1044 	 0.0 	 0.00 
1045 	 0.0 	 0.87 
1046 	 0.0 	 0.90 
1047 	 0.0 	 0.66 
1048 	 0.0 	 0.72 
1049 	 0.0 	 0.54 
1050 	 0.0 	 0.46 
1051 	 0.0 	 0.00 
1052 	 0.0 	 0.00 
1053 	 0.0 	 0.00 
1054 	 0.0 	 0.00 
1055 	 0.0 	 0.03 
1056 	 0.0 	 0.85 
1057 	 0.0 	 0.82 
1058 	 0.0 	 0.70 
1059 	 0.0 	 0.68 
1060 	 0.0 	 0.00 
1061 	 0.0 	 0.00 
1062 	 0.0 	 0.00 
1063 	 0.0 	 0.92 
1064 	 0.0 	 0.82 
1066 	 0.0 	 0.77 
1067 	 0.0 	 0.67 
1068 	 0.0 	 0.57 
1069 	 0.0 	 0.55 
1070 	 0.0 	 0.49 
1071 	 0.0 	 0.00 
1072 	 0.0 	 0.00 
1073 	 0.0 	 0.02 
1074 	 0.0 	 1.03 
1075 	 0.0 	 0.00 
1076 	 0.0 	 0.88 
1078 	 0.0 	 0.85 
1079 	 0.0 	 0.76 
1080 	 0.0 	 0.71 
1082 	 0.0 	 0.56 
1083 	 0.0 	 0.58 
1084 	 0.0 	 0.57 
1085 	 0.0 	 0.58 
1086 	 0.0 	 0.51 
1087 	 0.0 	 0.00 
1088 	 0.0 	 0.00 
1089 	 0.0 	 0.83 
1090 	 0.0 	 0.87 
1091 	 0.0 	 0.00 
1092 	 0.0 	 0.37 
1093 	 0.0 	 1.04 
1094 	 0.0 	 0.00 
1095 	 0.0 	 0.00 
1096 	 0.0 	 0.42 
1097 	 0.0 	 0.77 
1098 	 0.0 	 0.84 
1099 	 0.0 	 0.86 
1100 	 0.0 	 0.00 
1101 	 0.0 	 0.02 
1102 	 0.0 	 0.86 
1103 	 0.0 	 0.84 
1104 	 0.0 	 0.76 
1105 	 0.0 	 0.72 
1106 	 0.0 	 0.63 
1107 	 0.0 	 0.62 
1108 	 0.0 	 0.64 
1109 	 0.0 	 0.69 
1110 	 0.0 	 0.53 
1111 	 0.0 	 0.59 
1112 	 0.0 	 0.67 
1114 	 0.0 	 0.56 
1115 	 0.0 	 0.62 
1116 	 0.0 	 0.64 
1117 	 0.0 	 0.73 
1118 	 0.0 	 0.65 
1119 	 0.0 	 0.62 
1120 	 0.0 	 0.67 
1121 	 0.0 	 0.63 
1122 	 0.0 	 0.71 
1123 	 0.0 	 0.62 
1124 	 0.0 	 0.71 
1125 	 0.0 	 0.61 
1126 	 0.0 	 0.59 
1127 	 0.0 	 0.65 
1128 	 0.0 	 0.00 
1129 	 0.0 	 0.00 
1130 	 0.0 	 0.72 
1131 	 0.0 	 1.09 
1132 	 0.0 	 0.92 
1133 	 0.0 	 0.82 
1134 	 0.0 	 0.78 
1135 	 0.0 	 0.77 
1136 	 0.0 	 0.86 
1138 	 0.0 	 0.68 
1139 	 0.0 	 0.79 
1140 	 0.0 	 0.83 
1141 	 0.0 	 0.72 
1142 	 0.0 	 0.72 
1143 	 0.0 	 0.00 
1144 	 0.0 	 0.16 
1145 	 0.0 	 0.98 
1146 	 0.0 	 0.99 
1147 	 0.0 	 0.86 
1148 	 0.0 	 0.01 
1149 	 0.0 	 0.65 
1151 	 0.0 	 0.00 
1152 	 0.0 	 0.73 
1153 	 0.0 	 1.07 
1154 	 0.0 	 0.89 
1155 	 0.0 	 0.00 
1156 	 0.0 	 0.00 
1158 	 0.0 	 0.00 
1159 	 0.0 	 0.00 
1160 	 0.0 	 0.03 
1161 	 0.0 	 0.81 
1162 	 0.0 	 0.91 
1164 	 0.0 	 0.81 
1165 	 0.0 	 0.00 
1166 	 0.0 	 0.31 
1167 	 0.0 	 0.82 
1168 	 0.0 	 0.80 
1169 	 0.0 	 0.77 
1170 	 0.0 	 0.81 
1171 	 0.0 	 0.85 
1172 	 0.0 	 0.82 
1173 	 0.0 	 0.82 
1174 	 0.0 	 0.74 
1175 	 0.0 	 0.69 
1177 	 0.0 	 0.69 
1178 	 0.0 	 0.62 
1179 	 0.0 	 0.74 
1180 	 0.0 	 0.71 
1182 	 0.0 	 0.68 
1183 	 0.0 	 0.73 
1184 	 0.0 	 0.67 
1185 	 0.0 	 0.63 
1186 	 0.0 	 0.70 
1187 	 0.0 	 0.61 
1188 	 0.0 	 0.68 
1189 	 0.0 	 0.63 
1190 	 0.0 	 0.65 
1191 	 0.0 	 0.73 
1192 	 0.0 	 0.65 
1193 	 0.0 	 0.65 
1194 	 0.0 	 0.59 
1195 	 0.0 	 0.57 
1196 	 0.0 	 0.56 
1197 	 0.0 	 0.44 
1198 	 0.0 	 0.50 
1199 	 0.0 	 0.41 
1200 	 0.0 	 0.37 
1201 	 0.0 	 0.41 
1202 	 0.0 	 0.45 
1203 	 0.0 	 0.57 
1204 	 0.0 	 0.73 
1205 	 0.0 	 0.65 
1206 	 0.0 	 0.72 
1207 	 0.0 	 0.71 
1208 	 0.0 	 0.73 
1209 	 0.0 	 0.92 
1210 	 0.0 	 0.90 
1211 	 0.0 	 0.90 
1212 	 0.0 	 0.82 
1213 	 0.0 	 0.96 
1214 	 0.0 	 0.73 
1215 	 0.0 	 0.99 
1216 	 0.0 	 0.73 
1217 	 0.0 	 0.78 
1218 	 0.0 	 0.82 
1219 	 0.0 	 0.81 
1221 	 0.0 	 0.00 
1222 	 0.0 	 0.00 
1223 	 0.0 	 0.00 
1224 	 0.0 	 0.00 
1225 	 0.0 	 0.00 
1226 	 0.0 	 0.00 
1227 	 0.0 	 0.00 
1228 	 0.0 	 0.00 
1230 	 0.0 	 0.00 
1231 	 0.0 	 0.00 
1232 	 0.0 	 0.00 
1234 	 0.0 	 0.00 
1235 	 0.0 	 0.00 
1236 	 0.0 	 0.01 
1237 	 0.0 	 0.98 
1238 	 0.0 	 0.97 
1239 	 0.0 	 0.96 
1240 	 0.0 	 0.93 
1241 	 0.0 	 0.76 
1242 	 0.0 	 0.62 
1243 	 0.0 	 0.79 
1244 	 0.0 	 0.75 
1245 	 0.0 	 0.90 
1246 	 0.0 	 0.86 
1247 	 0.0 	 0.83 
1248 	 0.0 	 0.93 
1249 	 0.0 	 0.96 
1250 	 0.0 	 1.00 
1251 	 0.0 	 0.76 
1252 	 0.0 	 0.90 
1253 	 0.0 	 0.86 
1254 	 0.0 	 0.90 
1255 	 0.0 	 0.77 
1256 	 0.0 	 0.76 
1258 	 0.0 	 0.72 
1259 	 0.0 	 0.82 
1260 	 0.0 	 0.79 
1261 	 0.0 	 0.73 
1262 	 0.0 	 0.77 
1263 	 0.0 	 0.81 
1264 	 0.0 	 0.80 
1265 	 0.0 	 0.90 
1266 	 0.0 	 0.90 
1268 	 0.0 	 0.66 
1270 	 0.0 	 0.79 
1271 	 0.0 	 0.72 
1272 	 0.0 	 0.68 
1273 	 0.0 	 0.62 
1274 	 0.0 	 0.63 
1276 	 0.0 	 0.62 
1277 	 0.0 	 0.66 
1278 	 0.0 	 0.74 
1279 	 0.0 	 0.85 
1280 	 0.0 	 0.83 
1282 	 0.0 	 0.85 
1283 	 0.0 	 0.98 
1284 	 0.0 	 0.97 
1285 	 0.0 	 0.78 
1286 	 0.0 	 1.04 
1287 	 0.0 	 0.94 
1288 	 0.0 	 0.93 
1289 	 0.0 	 0.87 
1290 	 0.0 	 1.03 
1291 	 0.0 	 0.84 
1293 	 0.0 	 0.89 
1294 	 0.0 	 0.91 
1295 	 0.0 	 0.96 
1296 	 0.0 	 0.96 
1297 	 0.0 	 0.83 
1298 	 0.0 	 0.90 
1299 	 0.0 	 0.81 
1300 	 0.0 	 0.96 
1301 	 0.0 	 0.83 
1302 	 0.0 	 0.71 
1303 	 0.0 	 0.88 
1304 	 0.0 	 0.68 
1305 	 0.0 	 0.77 
1306 	 0.0 	 0.85 
1307 	 0.0 	 0.98 
1308 	 0.0 	 0.95 
1309 	 0.0 	 1.05 
1311 	 0.0 	 0.91 
1312 	 0.0 	 0.98 
1313 	 0.0 	 1.02 
1314 	 0.0 	 0.92 
1315 	 0.0 	 0.82 
1316 	 0.0 	 1.00 
1317 	 0.0 	 0.72 
1318 	 0.0 	 0.86 
1319 	 0.0 	 0.83 
1320 	 0.0 	 0.89 
1321 	 0.0 	 0.83 
1322 	 0.0 	 0.93 
1323 	 0.0 	 0.65 
1324 	 0.0 	 0.75 
1325 	 0.0 	 0.82 
1327 	 0.0 	 0.86 
1328 	 0.0 	 0.83 
1329 	 0.0 	 0.85 
1331 	 0.0 	 0.77 
1332 	 0.0 	 0.80 
1333 	 0.0 	 0.81 
1334 	 0.0 	 0.76 
1335 	 0.0 	 0.77 
1336 	 0.0 	 0.64 
1337 	 0.0 	 0.73 
1338 	 0.0 	 0.84 
1339 	 0.0 	 0.80 
1340 	 0.0 	 0.82 
1341 	 0.0 	 0.80 
1342 	 0.0 	 0.87 
1343 	 0.0 	 0.78 
1344 	 0.0 	 0.84 
1345 	 0.0 	 0.86 
1346 	 0.0 	 0.90 
1347 	 0.0 	 0.80 
1348 	 0.0 	 0.81 
1349 	 0.0 	 0.96 
1350 	 0.0 	 0.86 
1351 	 0.0 	 0.94 
1352 	 0.0 	 0.76 
1353 	 0.0 	 1.00 
1354 	 0.0 	 0.81 
1355 	 0.0 	 0.83 
1356 	 0.0 	 0.72 
1357 	 0.0 	 0.83 
1358 	 0.0 	 0.78 
1359 	 0.0 	 0.76 
1360 	 0.0 	 0.73 
1361 	 0.0 	 0.75 
1362 	 0.0 	 0.81 
1363 	 0.0 	 0.83 
1364 	 0.0 	 0.81 
1366 	 0.0 	 0.61 
1367 	 0.0 	 0.68 
1368 	 0.0 	 0.63 
1369 	 0.0 	 0.86 
1370 	 0.0 	 0.79 
1371 	 0.0 	 0.76 
1372 	 0.0 	 0.83 
1373 	 0.0 	 0.99 
1374 	 0.0 	 0.85 
1375 	 0.0 	 0.80 
1376 	 0.0 	 0.70 
1377 	 0.0 	 0.85 
1378 	 0.0 	 0.81 
1379 	 0.0 	 0.64 
1380 	 0.0 	 0.89 
1381 	 0.0 	 0.60 
1382 	 0.0 	 0.65 
1383 	 0.0 	 0.85 
1386 	 0.0 	 0.93 
1387 	 0.0 	 0.94 
1388 	 0.0 	 0.61 
1389 	 0.0 	 0.77 
1390 	 0.0 	 0.86 
1391 	 0.0 	 0.72 
1392 	 0.0 	 0.78 
1393 	 0.0 	 0.71 
1394 	 0.0 	 0.58 
1395 	 0.0 	 0.67 
1396 	 0.0 	 0.80 
1397 	 0.0 	 0.84 
1399 	 0.0 	 0.72 
1400 	 0.0 	 0.81 
1401 	 0.0 	 0.86 
1402 	 0.0 	 0.72 
1403 	 0.0 	 0.66 
1405 	 0.0 	 0.73 
1406 	 0.0 	 0.68 
1407 	 0.0 	 0.72 
1408 	 0.0 	 0.71 
1409 	 0.0 	 0.82 
1410 	 0.0 	 0.76 
1411 	 0.0 	 0.77 
1412 	 0.0 	 0.64 
1413 	 0.0 	 0.87 
1414 	 0.0 	 0.62 
1415 	 0.0 	 0.67 
1416 	 0.0 	 0.64 
1417 	 0.0 	 0.81 
1418 	 0.0 	 0.74 
1419 	 0.0 	 0.97 
1420 	 0.0 	 0.73 
1421 	 0.0 	 0.80 
1422 	 0.0 	 0.63 
1424 	 0.0 	 0.75 
1425 	 0.0 	 0.78 
1426 	 0.0 	 0.84 
1427 	 0.0 	 0.60 
1428 	 0.0 	 0.80 
1429 	 0.0 	 0.66 
1430 	 0.0 	 0.73 
1431 	 0.0 	 0.70 
1432 	 0.0 	 0.87 
1434 	 0.0 	 0.25 
1435 	 0.0 	 0.50 
1436 	 0.0 	 0.75 
1437 	 0.0 	 0.78 
1438 	 0.0 	 0.28 
1439 	 0.0 	 0.78 
1440 	 0.0 	 0.70 
1441 	 0.0 	 0.70 
1442 	 0.0 	 0.66 
1443 	 0.0 	 0.58 
1444 	 0.0 	 0.61 
1445 	 0.0 	 0.64 
1446 	 0.0 	 0.72 
1447 	 0.0 	 0.68 
1448 	 0.0 	 0.12 
1449 	 0.0 	 0.59 
1450 	 0.0 	 0.45 
1451 	 0.0 	 0.45 
1452 	 0.0 	 0.57 
1454 	 0.0 	 0.48 
1455 	 0.0 	 0.70 
1456 	 0.0 	 0.54 
1457 	 0.0 	 0.72 
1458 	 0.0 	 0.56 
1459 	 0.0 	 0.51 
1460 	 0.0 	 0.55 
1461 	 0.0 	 0.67 
1462 	 0.0 	 0.71 
1463 	 0.0 	 0.49 
1464 	 0.0 	 0.49 
1465 	 0.0 	 0.52 
1466 	 0.0 	 0.46 
1467 	 0.0 	 0.58 
1468 	 0.0 	 0.50 
1469 	 0.0 	 0.59 
1470 	 0.0 	 0.63 
1471 	 0.0 	 0.58 
1472 	 0.0 	 0.63 
1473 	 0.0 	 0.11 
1474 	 0.0 	 0.42 
1475 	 0.0 	 0.45 
1476 	 0.0 	 0.59 
1477 	 0.0 	 0.53 
1478 	 0.0 	 0.52 
1479 	 0.0 	 0.40 
1480 	 0.0 	 0.46 
1481 	 0.0 	 0.47 
1482 	 0.0 	 0.51 
1483 	 0.0 	 0.52 
1484 	 0.0 	 0.39 
1485 	 0.0 	 0.38 
1486 	 0.0 	 0.44 
1487 	 0.0 	 0.35 
1488 	 0.0 	 0.40 
1489 	 0.0 	 0.33 
1490 	 0.0 	 0.31 
1491 	 0.0 	 0.37 
1492 	 0.0 	 0.39 
1493 	 0.0 	 0.35 
1494 	 0.0 	 0.45 
1495 	 0.0 	 0.39 
1496 	 0.0 	 0.31 
1497 	 0.0 	 0.37 
1498 	 0.0 	 0.42 
1499 	 0.0 	 0.35 
1500 	 0.0 	 0.38 
1501 	 0.0 	 0.36 
1502 	 0.0 	 0.31 
1503 	 0.0 	 0.33 
1504 	 0.0 	 0.36 
1505 	 0.0 	 0.26 
1506 	 0.0 	 0.23 
1507 	 0.0 	 0.24 
1508 	 0.0 	 0.19 
1509 	 0.0 	 0.17 
1510 	 0.0 	 0.20 
1511 	 0.0 	 0.16 
1512 	 0.0 	 0.19 
1513 	 0.0 	 0.23 
1514 	 0.0 	 0.24 
1515 	 0.0 	 0.33 
1516 	 0.0 	 0.27 
1517 	 0.0 	 0.31 
1518 	 0.0 	 0.21 
1520 	 0.0 	 0.34 
1521 	 0.0 	 0.36 
1522 	 0.0 	 0.31 
1523 	 0.0 	 0.30 
1524 	 0.0 	 0.33 
1527 	 0.0 	 0.46 
1528 	 0.0 	 0.16 
1529 	 0.0 	 0.46 
1530 	 0.0 	 0.31 
1531 	 0.0 	 0.29 
1532 	 0.0 	 0.00 
1533 	 0.0 	 0.73 
1534 	 0.0 	 0.24 
1535 	 0.0 	 0.00 
1536 	 0.0 	 0.48 
1537 	 0.0 	 0.00 
1538 	 0.0 	 0.00 
1539 	 0.0 	 0.00 
1540 	 0.0 	 0.62 
1541 	 0.0 	 0.59 
1542 	 0.0 	 0.43 
1543 	 0.0 	 0.00 
1544 	 0.0 	 0.30 
1546 	 0.0 	 0.35 
1547 	 0.0 	 0.29 
1548 	 0.0 	 0.36 
1549 	 0.0 	 0.29 
1550 	 0.0 	 0.43 
