1 	 0.0 	 0.00 
2 	 0.0 	 0.01 
3 	 0.0 	 0.01 
4 	 0.0 	 0.00 
5 	 0.0 	 0.01 
6 	 0.0 	 0.00 
7 	 0.0 	 0.00 
8 	 0.0 	 0.00 
9 	 0.0 	 0.00 
10 	 0.0 	 0.01 
11 	 0.0 	 0.00 
12 	 0.0 	 0.00 
13 	 0.0 	 0.00 
14 	 0.0 	 0.00 
15 	 0.0 	 0.00 
16 	 0.0 	 0.00 
17 	 0.0 	 0.00 
18 	 0.0 	 0.00 
19 	 0.0 	 0.00 
20 	 0.0 	 0.00 
21 	 0.0 	 0.00 
22 	 0.0 	 0.00 
23 	 0.0 	 0.00 
24 	 0.0 	 0.00 
25 	 0.0 	 0.00 
26 	 0.0 	 0.00 
27 	 0.0 	 0.00 
28 	 0.0 	 0.00 
29 	 0.0 	 0.00 
30 	 0.0 	 0.00 
31 	 0.0 	 0.01 
32 	 0.0 	 0.00 
33 	 0.0 	 0.00 
34 	 0.0 	 0.00 
35 	 0.0 	 0.00 
36 	 0.0 	 0.00 
37 	 0.0 	 0.01 
38 	 0.0 	 0.00 
39 	 0.0 	 0.00 
40 	 0.0 	 0.00 
41 	 0.0 	 0.00 
42 	 0.0 	 0.00 
43 	 0.0 	 0.00 
44 	 0.0 	 0.00 
45 	 0.0 	 0.00 
46 	 0.0 	 0.00 
47 	 0.0 	 0.01 
48 	 0.0 	 0.00 
49 	 0.0 	 0.00 
50 	 0.0 	 0.00 
51 	 0.0 	 0.00 
52 	 0.0 	 0.00 
53 	 0.0 	 0.00 
54 	 0.0 	 0.00 
55 	 0.0 	 0.00 
56 	 0.0 	 0.00 
57 	 0.0 	 0.00 
58 	 0.0 	 0.00 
59 	 0.0 	 0.89 
60 	 0.0 	 1.02 
61 	 0.0 	 0.96 
62 	 0.0 	 0.74 
63 	 0.0 	 0.78 
64 	 0.0 	 0.00 
65 	 0.0 	 0.00 
66 	 0.0 	 0.00 
67 	 0.0 	 0.00 
68 	 0.0 	 0.00 
69 	 0.0 	 0.00 
70 	 0.0 	 0.00 
71 	 0.0 	 0.00 
72 	 0.0 	 0.00 
73 	 0.0 	 0.00 
74 	 0.0 	 0.00 
75 	 0.0 	 0.00 
76 	 0.0 	 0.00 
77 	 0.0 	 0.00 
78 	 0.0 	 0.00 
79 	 0.0 	 1.34 
80 	 0.0 	 0.00 
81 	 0.0 	 0.00 
82 	 0.0 	 0.00 
83 	 0.0 	 0.00 
84 	 0.0 	 0.00 
85 	 0.0 	 0.00 
86 	 0.0 	 0.00 
87 	 0.0 	 0.00 
88 	 0.0 	 0.00 
89 	 0.0 	 0.02 
90 	 0.0 	 1.11 
91 	 0.0 	 0.98 
92 	 0.0 	 0.92 
93 	 0.0 	 0.77 
94 	 0.0 	 0.62 
95 	 0.0 	 0.63 
96 	 0.0 	 0.59 
97 	 0.0 	 0.51 
98 	 0.0 	 0.48 
99 	 0.0 	 0.43 
100 	 0.0 	 0.00 
102 	 0.0 	 0.00 
103 	 0.0 	 0.91 
104 	 0.0 	 0.83 
105 	 0.0 	 0.81 
106 	 0.0 	 0.72 
107 	 0.0 	 0.66 
108 	 0.0 	 0.52 
109 	 0.0 	 0.47 
110 	 0.0 	 0.37 
111 	 0.0 	 0.33 
112 	 0.0 	 0.22 
113 	 0.0 	 0.18 
114 	 0.0 	 0.14 
115 	 0.0 	 0.16 
116 	 0.0 	 0.19 
117 	 0.0 	 0.25 
118 	 0.0 	 0.27 
119 	 0.0 	 0.24 
120 	 0.0 	 0.31 
121 	 0.0 	 0.34 
122 	 0.0 	 0.45 
123 	 0.0 	 0.57 
124 	 0.0 	 0.62 
125 	 0.0 	 0.68 
126 	 0.0 	 0.72 
127 	 0.0 	 0.70 
128 	 0.0 	 0.72 
129 	 0.0 	 0.79 
130 	 0.0 	 0.76 
131 	 0.0 	 0.69 
132 	 0.0 	 0.82 
133 	 0.0 	 0.71 
134 	 0.0 	 0.64 
135 	 0.0 	 0.56 
136 	 0.0 	 0.49 
137 	 0.0 	 0.44 
138 	 0.0 	 0.34 
139 	 0.0 	 0.38 
140 	 0.0 	 0.36 
141 	 0.0 	 0.33 
142 	 0.0 	 0.29 
143 	 0.0 	 0.30 
144 	 0.0 	 0.29 
146 	 0.0 	 0.18 
147 	 0.0 	 0.10 
148 	 0.0 	 0.04 
149 	 0.0 	 0.02 
150 	 0.0 	 0.00 
151 	 0.0 	 0.00 
152 	 0.0 	 0.00 
153 	 0.0 	 0.00 
154 	 0.0 	 0.25 
155 	 0.0 	 0.83 
156 	 0.0 	 0.00 
157 	 0.0 	 0.00 
158 	 0.0 	 0.00 
159 	 0.0 	 1.03 
160 	 0.0 	 0.94 
161 	 0.0 	 0.80 
162 	 0.0 	 0.75 
163 	 0.0 	 0.51 
164 	 0.0 	 0.45 
165 	 0.0 	 0.39 
166 	 0.0 	 0.47 
167 	 0.0 	 0.01 
168 	 0.0 	 0.04 
169 	 0.0 	 0.76 
170 	 0.0 	 0.45 
171 	 0.0 	 0.33 
172 	 0.0 	 0.25 
173 	 0.0 	 0.23 
174 	 0.0 	 0.26 
175 	 0.0 	 0.24 
176 	 0.0 	 0.27 
177 	 0.0 	 0.29 
178 	 0.0 	 0.26 
179 	 0.0 	 0.29 
180 	 0.0 	 0.27 
181 	 0.0 	 0.27 
182 	 0.0 	 0.27 
183 	 0.0 	 0.29 
184 	 0.0 	 0.29 
186 	 0.0 	 0.34 
187 	 0.0 	 0.29 
188 	 0.0 	 0.27 
189 	 0.0 	 0.15 
190 	 0.0 	 0.09 
191 	 0.0 	 0.07 
192 	 0.0 	 0.02 
193 	 0.0 	 0.02 
194 	 0.0 	 0.02 
195 	 0.0 	 0.02 
196 	 0.0 	 0.02 
197 	 0.0 	 0.02 
198 	 0.0 	 0.53 
199 	 0.0 	 0.54 
200 	 0.0 	 0.54 
201 	 0.0 	 0.59 
203 	 0.0 	 0.63 
204 	 0.0 	 0.57 
205 	 0.0 	 0.50 
206 	 0.0 	 0.49 
207 	 0.0 	 0.44 
208 	 0.0 	 0.39 
209 	 0.0 	 0.44 
210 	 0.0 	 0.38 
211 	 0.0 	 0.38 
212 	 0.0 	 0.36 
213 	 0.0 	 0.36 
214 	 0.0 	 0.00 
215 	 0.0 	 0.01 
216 	 0.0 	 0.00 
217 	 0.0 	 0.00 
218 	 0.0 	 0.00 
219 	 0.0 	 0.00 
220 	 0.0 	 0.00 
221 	 0.0 	 0.01 
222 	 0.0 	 0.00 
223 	 0.0 	 0.00 
224 	 0.0 	 0.00 
225 	 0.0 	 0.00 
226 	 0.0 	 0.00 
227 	 0.0 	 0.00 
228 	 0.0 	 0.00 
229 	 0.0 	 0.00 
230 	 0.0 	 0.02 
232 	 0.0 	 0.99 
233 	 0.0 	 0.80 
234 	 0.0 	 0.67 
235 	 0.0 	 0.63 
236 	 0.0 	 0.57 
237 	 0.0 	 0.51 
238 	 0.0 	 0.44 
239 	 0.0 	 0.41 
240 	 0.0 	 0.39 
241 	 0.0 	 0.40 
242 	 0.0 	 0.38 
243 	 0.0 	 0.37 
244 	 0.0 	 0.37 
245 	 0.0 	 0.42 
246 	 0.0 	 0.44 
247 	 0.0 	 0.56 
248 	 0.0 	 0.64 
249 	 0.0 	 0.71 
250 	 0.0 	 0.71 
251 	 0.0 	 0.73 
252 	 0.0 	 0.73 
254 	 0.0 	 0.72 
255 	 0.0 	 0.75 
256 	 0.0 	 0.69 
257 	 0.0 	 0.66 
258 	 0.0 	 0.49 
259 	 0.0 	 0.49 
260 	 0.0 	 0.40 
261 	 0.0 	 0.37 
262 	 0.0 	 0.38 
263 	 0.0 	 0.29 
264 	 0.0 	 0.25 
266 	 0.0 	 0.06 
267 	 0.0 	 0.02 
268 	 0.0 	 0.02 
269 	 0.0 	 0.01 
270 	 0.0 	 0.01 
271 	 0.0 	 0.06 
272 	 0.0 	 0.14 
273 	 0.0 	 0.20 
274 	 0.0 	 0.23 
275 	 0.0 	 0.25 
276 	 0.0 	 0.23 
277 	 0.0 	 0.31 
278 	 0.0 	 0.32 
279 	 0.0 	 0.34 
280 	 0.0 	 0.30 
281 	 0.0 	 0.36 
282 	 0.0 	 0.31 
283 	 0.0 	 0.34 
284 	 0.0 	 0.33 
285 	 0.0 	 0.31 
286 	 0.0 	 0.44 
287 	 0.0 	 0.50 
288 	 0.0 	 0.59 
289 	 0.0 	 0.73 
290 	 0.0 	 0.70 
291 	 0.0 	 0.76 
292 	 0.0 	 0.81 
293 	 0.0 	 0.76 
294 	 0.0 	 0.76 
295 	 0.0 	 0.83 
296 	 0.0 	 0.91 
297 	 0.0 	 0.80 
298 	 0.0 	 0.83 
299 	 0.0 	 0.80 
300 	 0.0 	 0.75 
301 	 0.0 	 0.69 
302 	 0.0 	 0.64 
303 	 0.0 	 0.52 
304 	 0.0 	 0.44 
305 	 0.0 	 0.40 
306 	 0.0 	 0.35 
307 	 0.0 	 0.36 
308 	 0.0 	 0.32 
309 	 0.0 	 0.27 
310 	 0.0 	 0.24 
311 	 0.0 	 0.28 
312 	 0.0 	 0.30 
313 	 0.0 	 0.29 
314 	 0.0 	 0.38 
315 	 0.0 	 0.48 
316 	 0.0 	 0.57 
317 	 0.0 	 0.52 
318 	 0.0 	 0.54 
320 	 0.0 	 0.46 
322 	 0.0 	 0.35 
323 	 0.0 	 0.28 
324 	 0.0 	 0.27 
325 	 0.0 	 0.21 
326 	 0.0 	 0.18 
327 	 0.0 	 0.17 
328 	 0.0 	 0.21 
329 	 0.0 	 0.14 
330 	 0.0 	 0.11 
331 	 0.0 	 0.08 
332 	 0.0 	 0.09 
333 	 0.0 	 0.12 
334 	 0.0 	 0.15 
335 	 0.0 	 0.15 
336 	 0.0 	 0.23 
337 	 0.0 	 0.26 
338 	 0.0 	 0.33 
339 	 0.0 	 0.40 
340 	 0.0 	 0.44 
341 	 0.0 	 0.39 
342 	 0.0 	 0.29 
343 	 0.0 	 0.17 
344 	 0.0 	 0.14 
345 	 0.0 	 0.13 
346 	 0.0 	 0.21 
347 	 0.0 	 0.26 
348 	 0.0 	 0.00 
349 	 0.0 	 0.00 
350 	 0.0 	 0.00 
351 	 0.0 	 0.00 
352 	 0.0 	 0.00 
353 	 0.0 	 0.01 
354 	 0.0 	 0.77 
355 	 0.0 	 0.94 
356 	 0.0 	 0.87 
357 	 0.0 	 0.80 
358 	 0.0 	 0.78 
359 	 0.0 	 0.61 
360 	 0.0 	 0.00 
361 	 0.0 	 0.00 
362 	 0.0 	 0.05 
363 	 0.0 	 0.96 
364 	 0.0 	 0.74 
365 	 0.0 	 0.77 
366 	 0.0 	 0.00 
367 	 0.0 	 0.00 
368 	 0.0 	 0.00 
369 	 0.0 	 0.01 
370 	 0.0 	 0.01 
371 	 0.0 	 0.76 
372 	 0.0 	 0.97 
373 	 0.0 	 0.81 
374 	 0.0 	 0.74 
375 	 0.0 	 0.66 
376 	 0.0 	 0.00 
377 	 0.0 	 0.00 
378 	 0.0 	 0.00 
379 	 0.0 	 0.81 
380 	 0.0 	 0.82 
382 	 0.0 	 0.71 
383 	 0.0 	 0.59 
384 	 0.0 	 0.49 
385 	 0.0 	 0.44 
386 	 0.0 	 0.42 
387 	 0.0 	 0.43 
388 	 0.0 	 0.43 
389 	 0.0 	 0.44 
390 	 0.0 	 0.40 
391 	 0.0 	 0.43 
392 	 0.0 	 0.40 
393 	 0.0 	 0.37 
394 	 0.0 	 0.42 
395 	 0.0 	 0.41 
396 	 0.0 	 0.41 
397 	 0.0 	 0.40 
398 	 0.0 	 0.02 
399 	 0.0 	 0.00 
400 	 0.0 	 0.00 
401 	 0.0 	 0.00 
402 	 0.0 	 0.00 
403 	 0.0 	 0.00 
404 	 0.0 	 1.12 
405 	 0.0 	 0.90 
406 	 0.0 	 0.80 
408 	 0.0 	 0.74 
409 	 0.0 	 0.65 
410 	 0.0 	 0.53 
411 	 0.0 	 0.48 
412 	 0.0 	 0.46 
413 	 0.0 	 0.45 
414 	 0.0 	 0.49 
415 	 0.0 	 0.49 
416 	 0.0 	 0.55 
417 	 0.0 	 0.52 
418 	 0.0 	 0.51 
419 	 0.0 	 0.54 
420 	 0.0 	 0.52 
421 	 0.0 	 0.48 
422 	 0.0 	 0.47 
424 	 0.0 	 0.55 
426 	 0.0 	 0.51 
427 	 0.0 	 0.51 
428 	 0.0 	 0.49 
429 	 0.0 	 0.59 
430 	 0.0 	 0.53 
431 	 0.0 	 0.54 
432 	 0.0 	 0.50 
433 	 0.0 	 0.56 
434 	 0.0 	 0.73 
435 	 0.0 	 0.61 
436 	 0.0 	 0.00 
437 	 0.0 	 0.00 
438 	 0.0 	 0.00 
439 	 0.0 	 0.00 
440 	 0.0 	 0.00 
441 	 0.0 	 0.00 
442 	 0.0 	 0.00 
443 	 0.0 	 0.00 
444 	 0.0 	 0.00 
445 	 0.0 	 0.00 
446 	 0.0 	 0.00 
447 	 0.0 	 0.00 
448 	 0.0 	 0.00 
449 	 0.0 	 0.00 
450 	 0.0 	 0.00 
451 	 0.0 	 0.00 
452 	 0.0 	 0.01 
453 	 0.0 	 0.00 
454 	 0.0 	 0.00 
456 	 0.0 	 0.97 
457 	 0.0 	 0.90 
458 	 0.0 	 0.91 
459 	 0.0 	 0.79 
460 	 0.0 	 0.78 
461 	 0.0 	 0.80 
462 	 0.0 	 0.68 
463 	 0.0 	 0.65 
464 	 0.0 	 0.62 
465 	 0.0 	 0.55 
466 	 0.0 	 0.53 
467 	 0.0 	 0.51 
468 	 0.0 	 0.47 
469 	 0.0 	 0.47 
470 	 0.0 	 0.45 
471 	 0.0 	 0.48 
472 	 0.0 	 0.48 
473 	 0.0 	 0.47 
474 	 0.0 	 0.50 
476 	 0.0 	 0.49 
477 	 0.0 	 0.56 
478 	 0.0 	 0.66 
480 	 0.0 	 0.48 
481 	 0.0 	 0.46 
482 	 0.0 	 0.46 
483 	 0.0 	 0.47 
484 	 0.0 	 0.54 
485 	 0.0 	 0.55 
486 	 0.0 	 0.00 
487 	 0.0 	 0.00 
488 	 0.0 	 0.01 
489 	 0.0 	 0.00 
490 	 0.0 	 0.00 
491 	 0.0 	 0.00 
492 	 0.0 	 0.00 
493 	 0.0 	 0.00 
494 	 0.0 	 0.02 
495 	 0.0 	 0.83 
496 	 0.0 	 0.96 
497 	 0.0 	 0.89 
498 	 0.0 	 0.80 
499 	 0.0 	 0.82 
500 	 0.0 	 0.76 
501 	 0.0 	 0.78 
502 	 0.0 	 0.71 
503 	 0.0 	 0.73 
504 	 0.0 	 0.69 
505 	 0.0 	 0.57 
506 	 0.0 	 0.59 
507 	 0.0 	 0.54 
508 	 0.0 	 0.46 
509 	 0.0 	 0.49 
510 	 0.0 	 0.47 
511 	 0.0 	 0.38 
512 	 0.0 	 0.45 
513 	 0.0 	 0.40 
514 	 0.0 	 0.35 
515 	 0.0 	 0.45 
516 	 0.0 	 0.48 
517 	 0.0 	 0.51 
518 	 0.0 	 0.61 
519 	 0.0 	 0.60 
520 	 0.0 	 0.67 
521 	 0.0 	 0.66 
522 	 0.0 	 0.70 
523 	 0.0 	 0.63 
524 	 0.0 	 0.69 
525 	 0.0 	 0.72 
526 	 0.0 	 0.62 
527 	 0.0 	 0.65 
528 	 0.0 	 0.70 
529 	 0.0 	 0.65 
530 	 0.0 	 0.68 
531 	 0.0 	 0.00 
532 	 0.0 	 0.00 
533 	 0.0 	 0.00 
534 	 0.0 	 0.00 
535 	 0.0 	 0.00 
536 	 0.0 	 0.00 
537 	 0.0 	 0.00 
538 	 0.0 	 0.00 
539 	 0.0 	 0.00 
540 	 0.0 	 0.00 
541 	 0.0 	 0.00 
542 	 0.0 	 0.00 
543 	 0.0 	 0.75 
544 	 0.0 	 1.02 
546 	 0.0 	 0.84 
547 	 0.0 	 0.83 
548 	 0.0 	 0.72 
549 	 0.0 	 0.85 
550 	 0.0 	 0.72 
551 	 0.0 	 0.80 
552 	 0.0 	 0.75 
553 	 0.0 	 0.72 
554 	 0.0 	 0.79 
555 	 0.0 	 0.72 
556 	 0.0 	 0.77 
557 	 0.0 	 0.62 
558 	 0.0 	 0.80 
559 	 0.0 	 0.66 
560 	 0.0 	 0.66 
561 	 0.0 	 0.00 
562 	 0.0 	 0.00 
563 	 0.0 	 0.00 
564 	 0.0 	 0.00 
565 	 0.0 	 0.00 
566 	 0.0 	 0.00 
567 	 0.0 	 0.00 
568 	 0.0 	 0.00 
569 	 0.0 	 0.00 
570 	 0.0 	 0.00 
572 	 0.0 	 0.00 
573 	 0.0 	 0.00 
574 	 0.0 	 0.00 
575 	 0.0 	 0.00 
576 	 0.0 	 0.01 
577 	 0.0 	 0.00 
578 	 0.0 	 0.00 
579 	 0.0 	 0.00 
580 	 0.0 	 0.00 
581 	 0.0 	 0.01 
582 	 0.0 	 0.01 
583 	 0.0 	 1.15 
584 	 0.0 	 0.97 
585 	 0.0 	 0.81 
586 	 0.0 	 0.88 
587 	 0.0 	 0.88 
588 	 0.0 	 0.86 
589 	 0.0 	 0.85 
590 	 0.0 	 0.73 
591 	 0.0 	 0.78 
592 	 0.0 	 0.77 
593 	 0.0 	 0.76 
594 	 0.0 	 0.76 
595 	 0.0 	 0.75 
596 	 0.0 	 0.64 
597 	 0.0 	 0.72 
598 	 0.0 	 0.71 
599 	 0.0 	 0.70 
600 	 0.0 	 0.74 
601 	 0.0 	 0.65 
602 	 0.0 	 0.74 
603 	 0.0 	 0.68 
604 	 0.0 	 0.61 
605 	 0.0 	 0.63 
606 	 0.0 	 0.66 
607 	 0.0 	 0.62 
608 	 0.0 	 0.65 
609 	 0.0 	 0.64 
610 	 0.0 	 0.65 
611 	 0.0 	 0.71 
612 	 0.0 	 0.00 
613 	 0.0 	 0.00 
614 	 0.0 	 0.00 
615 	 0.0 	 0.87 
616 	 0.0 	 0.88 
617 	 0.0 	 0.84 
618 	 0.0 	 0.84 
619 	 0.0 	 0.91 
621 	 0.0 	 0.85 
622 	 0.0 	 0.74 
623 	 0.0 	 0.00 
624 	 0.0 	 0.88 
625 	 0.0 	 0.84 
626 	 0.0 	 0.79 
627 	 0.0 	 0.74 
628 	 0.0 	 0.70 
629 	 0.0 	 0.80 
630 	 0.0 	 0.75 
631 	 0.0 	 0.86 
632 	 0.0 	 0.82 
633 	 0.0 	 0.81 
634 	 0.0 	 0.83 
635 	 0.0 	 0.83 
636 	 0.0 	 0.83 
637 	 0.0 	 0.81 
638 	 0.0 	 0.92 
639 	 0.0 	 0.88 
640 	 0.0 	 0.74 
641 	 0.0 	 0.82 
642 	 0.0 	 0.80 
643 	 0.0 	 0.82 
644 	 0.0 	 0.86 
645 	 0.0 	 0.82 
646 	 0.0 	 0.88 
647 	 0.0 	 0.84 
648 	 0.0 	 0.81 
649 	 0.0 	 0.84 
650 	 0.0 	 0.83 
651 	 0.0 	 0.79 
652 	 0.0 	 0.72 
653 	 0.0 	 0.80 
654 	 0.0 	 0.77 
655 	 0.0 	 0.83 
656 	 0.0 	 0.84 
657 	 0.0 	 0.76 
658 	 0.0 	 0.72 
659 	 0.0 	 0.71 
660 	 0.0 	 0.79 
661 	 0.0 	 0.76 
663 	 0.0 	 0.74 
664 	 0.0 	 0.00 
665 	 0.0 	 0.00 
666 	 0.0 	 0.00 
667 	 0.0 	 0.00 
668 	 0.0 	 0.00 
669 	 0.0 	 0.00 
670 	 0.0 	 0.00 
673 	 0.0 	 0.00 
674 	 0.0 	 0.00 
675 	 0.0 	 0.00 
676 	 0.0 	 0.00 
677 	 0.0 	 0.00 
678 	 0.0 	 0.84 
679 	 0.0 	 0.89 
680 	 0.0 	 0.83 
681 	 0.0 	 0.83 
682 	 0.0 	 0.83 
683 	 0.0 	 0.86 
684 	 0.0 	 0.76 
685 	 0.0 	 0.76 
686 	 0.0 	 0.92 
687 	 0.0 	 0.76 
688 	 0.0 	 0.78 
689 	 0.0 	 0.81 
690 	 0.0 	 0.72 
691 	 0.0 	 0.75 
692 	 0.0 	 0.78 
693 	 0.0 	 0.74 
694 	 0.0 	 0.68 
695 	 0.0 	 0.70 
696 	 0.0 	 0.68 
697 	 0.0 	 0.00 
698 	 0.0 	 0.76 
699 	 0.0 	 0.78 
700 	 0.0 	 0.75 
701 	 0.0 	 0.82 
702 	 0.0 	 0.76 
703 	 0.0 	 0.85 
704 	 0.0 	 0.83 
705 	 0.0 	 0.82 
706 	 0.0 	 0.89 
707 	 0.0 	 0.78 
708 	 0.0 	 0.77 
709 	 0.0 	 0.76 
710 	 0.0 	 0.78 
711 	 0.0 	 0.87 
712 	 0.0 	 0.88 
713 	 0.0 	 0.90 
714 	 0.0 	 0.77 
715 	 0.0 	 0.76 
716 	 0.0 	 0.75 
717 	 0.0 	 0.77 
718 	 0.0 	 0.86 
719 	 0.0 	 0.69 
720 	 0.0 	 0.75 
721 	 0.0 	 0.76 
722 	 0.0 	 0.00 
723 	 0.0 	 0.00 
724 	 0.0 	 0.00 
725 	 0.0 	 0.70 
726 	 0.0 	 0.80 
727 	 0.0 	 0.66 
728 	 0.0 	 0.38 
729 	 0.0 	 0.20 
730 	 0.0 	 0.15 
731 	 0.0 	 0.10 
732 	 0.0 	 0.04 
733 	 0.0 	 0.02 
734 	 0.0 	 0.02 
735 	 0.0 	 0.02 
736 	 0.0 	 0.02 
737 	 0.0 	 0.02 
738 	 0.0 	 0.02 
739 	 0.0 	 0.01 
740 	 0.0 	 0.02 
741 	 0.0 	 0.04 
742 	 0.0 	 0.05 
743 	 0.0 	 0.05 
744 	 0.0 	 0.00 
745 	 0.0 	 0.00 
746 	 0.0 	 0.01 
747 	 0.0 	 0.00 
748 	 0.0 	 0.08 
749 	 0.0 	 0.77 
750 	 0.0 	 0.49 
752 	 0.0 	 0.18 
753 	 0.0 	 0.14 
754 	 0.0 	 0.08 
755 	 0.0 	 0.05 
756 	 0.0 	 0.00 
757 	 0.0 	 0.00 
758 	 0.0 	 0.00 
759 	 0.0 	 0.00 
760 	 0.0 	 0.00 
761 	 0.0 	 0.00 
762 	 0.0 	 0.02 
763 	 0.0 	 0.97 
764 	 0.0 	 0.69 
765 	 0.0 	 0.42 
766 	 0.0 	 0.21 
767 	 0.0 	 0.13 
768 	 0.0 	 0.07 
769 	 0.0 	 0.02 
770 	 0.0 	 0.02 
771 	 0.0 	 0.00 
772 	 0.0 	 0.00 
773 	 0.0 	 0.00 
774 	 0.0 	 0.02 
776 	 0.0 	 0.00 
777 	 0.0 	 0.01 
778 	 0.0 	 0.82 
779 	 0.0 	 0.66 
780 	 0.0 	 0.00 
781 	 0.0 	 0.00 
782 	 0.0 	 0.00 
783 	 0.0 	 0.00 
784 	 0.0 	 0.00 
785 	 0.0 	 0.00 
786 	 0.0 	 0.73 
787 	 0.0 	 0.84 
788 	 0.0 	 0.89 
789 	 0.0 	 0.73 
790 	 0.0 	 0.70 
791 	 0.0 	 0.62 
792 	 0.0 	 0.00 
793 	 0.0 	 0.00 
794 	 0.0 	 0.00 
795 	 0.0 	 0.67 
796 	 0.0 	 0.00 
797 	 0.0 	 0.00 
798 	 0.0 	 0.00 
799 	 0.0 	 1.05 
800 	 0.0 	 0.95 
801 	 0.0 	 0.88 
802 	 0.0 	 0.72 
803 	 0.0 	 0.70 
804 	 0.0 	 0.71 
805 	 0.0 	 0.58 
806 	 0.0 	 0.62 
807 	 0.0 	 0.53 
808 	 0.0 	 0.49 
809 	 0.0 	 0.44 
810 	 0.0 	 0.36 
812 	 0.0 	 0.27 
813 	 0.0 	 0.21 
814 	 0.0 	 0.20 
815 	 0.0 	 0.20 
816 	 0.0 	 0.27 
817 	 0.0 	 0.31 
818 	 0.0 	 0.34 
819 	 0.0 	 0.29 
820 	 0.0 	 0.34 
821 	 0.0 	 0.34 
822 	 0.0 	 0.35 
823 	 0.0 	 0.35 
824 	 0.0 	 0.39 
825 	 0.0 	 0.41 
827 	 0.0 	 0.36 
828 	 0.0 	 0.29 
829 	 0.0 	 0.28 
830 	 0.0 	 0.21 
831 	 0.0 	 0.09 
832 	 0.0 	 0.04 
833 	 0.0 	 0.02 
834 	 0.0 	 0.03 
835 	 0.0 	 0.00 
836 	 0.0 	 0.00 
837 	 0.0 	 0.01 
838 	 0.0 	 0.03 
839 	 0.0 	 0.71 
840 	 0.0 	 0.01 
841 	 0.0 	 0.00 
842 	 0.0 	 0.04 
843 	 0.0 	 0.88 
844 	 0.0 	 0.84 
845 	 0.0 	 0.81 
846 	 0.0 	 0.77 
847 	 0.0 	 0.58 
848 	 0.0 	 0.44 
850 	 0.0 	 0.00 
851 	 0.0 	 0.04 
852 	 0.0 	 0.00 
853 	 0.0 	 0.00 
854 	 0.0 	 0.01 
855 	 0.0 	 1.03 
856 	 0.0 	 1.00 
857 	 0.0 	 0.90 
858 	 0.0 	 0.88 
859 	 0.0 	 0.01 
860 	 0.0 	 0.00 
861 	 0.0 	 0.00 
862 	 0.0 	 0.81 
863 	 0.0 	 0.92 
864 	 0.0 	 0.79 
865 	 0.0 	 0.87 
866 	 0.0 	 0.72 
867 	 0.0 	 0.72 
868 	 0.0 	 0.03 
869 	 0.0 	 0.00 
870 	 0.0 	 0.00 
871 	 0.0 	 0.41 
872 	 0.0 	 0.87 
873 	 0.0 	 0.82 
874 	 0.0 	 0.00 
875 	 0.0 	 0.01 
876 	 0.0 	 1.01 
877 	 0.0 	 0.81 
878 	 0.0 	 0.76 
879 	 0.0 	 0.67 
880 	 0.0 	 0.57 
881 	 0.0 	 0.51 
882 	 0.0 	 0.47 
883 	 0.0 	 0.44 
884 	 0.0 	 0.49 
885 	 0.0 	 0.50 
886 	 0.0 	 0.53 
887 	 0.0 	 0.48 
888 	 0.0 	 0.53 
889 	 0.0 	 0.46 
890 	 0.0 	 0.50 
891 	 0.0 	 0.47 
892 	 0.0 	 0.42 
893 	 0.0 	 0.40 
894 	 0.0 	 0.00 
895 	 0.0 	 0.00 
896 	 0.0 	 0.01 
897 	 0.0 	 0.00 
898 	 0.0 	 0.64 
900 	 0.0 	 0.74 
901 	 0.0 	 0.59 
902 	 0.0 	 0.46 
903 	 0.0 	 0.66 
904 	 0.0 	 0.58 
905 	 0.0 	 0.62 
906 	 0.0 	 0.48 
907 	 0.0 	 0.41 
908 	 0.0 	 0.32 
909 	 0.0 	 0.29 
910 	 0.0 	 0.24 
911 	 0.0 	 0.22 
912 	 0.0 	 0.18 
913 	 0.0 	 0.16 
914 	 0.0 	 0.13 
915 	 0.0 	 0.18 
916 	 0.0 	 0.19 
917 	 0.0 	 0.22 
918 	 0.0 	 0.25 
919 	 0.0 	 0.31 
920 	 0.0 	 0.28 
921 	 0.0 	 0.31 
922 	 0.0 	 0.30 
923 	 0.0 	 0.35 
924 	 0.0 	 0.36 
925 	 0.0 	 0.30 
926 	 0.0 	 0.35 
927 	 0.0 	 0.32 
928 	 0.0 	 0.30 
929 	 0.0 	 0.31 
930 	 0.0 	 0.30 
931 	 0.0 	 0.28 
932 	 0.0 	 0.28 
933 	 0.0 	 0.20 
934 	 0.0 	 0.20 
935 	 0.0 	 0.16 
936 	 0.0 	 0.16 
937 	 0.0 	 0.06 
938 	 0.0 	 0.05 
939 	 0.0 	 0.02 
940 	 0.0 	 0.02 
941 	 0.0 	 0.02 
942 	 0.0 	 0.02 
943 	 0.0 	 0.02 
944 	 0.0 	 0.02 
945 	 0.0 	 0.02 
946 	 0.0 	 0.02 
947 	 0.0 	 0.02 
948 	 0.0 	 0.05 
949 	 0.0 	 0.14 
950 	 0.0 	 0.17 
951 	 0.0 	 0.22 
953 	 0.0 	 0.23 
954 	 0.0 	 0.07 
955 	 0.0 	 0.00 
956 	 0.0 	 0.00 
957 	 0.0 	 0.00 
958 	 0.0 	 0.01 
959 	 0.0 	 0.00 
960 	 0.0 	 0.01 
961 	 0.0 	 0.00 
962 	 0.0 	 0.00 
963 	 0.0 	 0.11 
964 	 0.0 	 0.49 
965 	 0.0 	 0.00 
966 	 0.0 	 0.01 
967 	 0.0 	 0.00 
968 	 0.0 	 0.00 
969 	 0.0 	 0.00 
970 	 0.0 	 0.00 
971 	 0.0 	 0.00 
972 	 0.0 	 0.33 
973 	 0.0 	 0.88 
974 	 0.0 	 0.71 
975 	 0.0 	 0.46 
976 	 0.0 	 0.29 
977 	 0.0 	 0.19 
978 	 0.0 	 0.24 
979 	 0.0 	 0.22 
980 	 0.0 	 0.26 
981 	 0.0 	 0.21 
982 	 0.0 	 0.26 
983 	 0.0 	 0.25 
984 	 0.0 	 0.32 
985 	 0.0 	 0.32 
986 	 0.0 	 0.40 
987 	 0.0 	 0.34 
988 	 0.0 	 0.42 
989 	 0.0 	 0.44 
990 	 0.0 	 0.00 
991 	 0.0 	 0.00 
992 	 0.0 	 0.00 
993 	 0.0 	 0.00 
994 	 0.0 	 0.00 
996 	 0.0 	 0.75 
997 	 0.0 	 0.69 
998 	 0.0 	 0.78 
999 	 0.0 	 0.68 
1000 	 0.0 	 0.59 
1001 	 0.0 	 0.00 
1002 	 0.0 	 0.00 
1003 	 0.0 	 0.00 
1004 	 0.0 	 0.00 
1005 	 0.0 	 0.00 
1006 	 0.0 	 0.00 
1007 	 0.0 	 0.00 
1008 	 0.0 	 0.01 
1009 	 0.0 	 0.00 
1010 	 0.0 	 0.02 
1011 	 0.0 	 0.82 
1012 	 0.0 	 0.68 
1014 	 0.0 	 0.00 
1015 	 0.0 	 0.01 
1016 	 0.0 	 0.00 
1017 	 0.0 	 0.00 
1018 	 0.0 	 0.00 
1019 	 0.0 	 0.00 
1020 	 0.0 	 0.00 
1021 	 0.0 	 0.00 
1022 	 0.0 	 0.00 
1023 	 0.0 	 0.00 
1024 	 0.0 	 0.00 
1025 	 0.0 	 0.01 
1026 	 0.0 	 0.00 
1027 	 0.0 	 0.00 
1028 	 0.0 	 0.00 
1029 	 0.0 	 0.00 
1030 	 0.0 	 0.00 
1031 	 0.0 	 0.01 
1032 	 0.0 	 0.01 
1033 	 0.0 	 0.00 
1034 	 0.0 	 0.00 
1035 	 0.0 	 0.01 
1036 	 0.0 	 0.00 
1037 	 0.0 	 0.84 
1038 	 0.0 	 0.76 
1039 	 0.0 	 0.76 
1040 	 0.0 	 0.69 
1041 	 0.0 	 0.00 
1042 	 0.0 	 0.00 
1043 	 0.0 	 0.00 
1044 	 0.0 	 0.00 
1045 	 0.0 	 0.36 
1046 	 0.0 	 0.80 
1047 	 0.0 	 0.71 
1048 	 0.0 	 0.55 
1049 	 0.0 	 0.61 
1050 	 0.0 	 0.46 
1051 	 0.0 	 0.00 
1052 	 0.0 	 0.00 
1054 	 0.0 	 0.00 
1055 	 0.0 	 0.03 
1056 	 0.0 	 0.82 
1057 	 0.0 	 0.76 
1058 	 0.0 	 0.69 
1060 	 0.0 	 0.00 
1061 	 0.0 	 0.00 
1062 	 0.0 	 0.00 
1063 	 0.0 	 0.92 
1064 	 0.0 	 0.86 
1065 	 0.0 	 0.69 
1066 	 0.0 	 0.73 
1067 	 0.0 	 0.67 
1068 	 0.0 	 0.58 
1069 	 0.0 	 0.52 
1070 	 0.0 	 0.53 
1071 	 0.0 	 0.00 
1072 	 0.0 	 0.00 
1073 	 0.0 	 0.00 
1074 	 0.0 	 0.86 
1075 	 0.0 	 0.00 
1076 	 0.0 	 1.08 
1077 	 0.0 	 0.87 
1078 	 0.0 	 0.79 
1079 	 0.0 	 0.81 
1080 	 0.0 	 0.70 
1081 	 0.0 	 0.68 
1082 	 0.0 	 0.65 
1084 	 0.0 	 0.52 
1085 	 0.0 	 0.55 
1086 	 0.0 	 0.54 
1087 	 0.0 	 0.00 
1088 	 0.0 	 0.00 
1089 	 0.0 	 0.79 
1090 	 0.0 	 0.83 
1091 	 0.0 	 0.00 
1092 	 0.0 	 0.03 
1093 	 0.0 	 0.94 
1094 	 0.0 	 0.00 
1095 	 0.0 	 0.00 
1096 	 0.0 	 0.03 
1097 	 0.0 	 0.93 
1098 	 0.0 	 0.88 
1099 	 0.0 	 0.84 
1100 	 0.0 	 0.00 
1101 	 0.0 	 0.01 
1102 	 0.0 	 0.89 
1103 	 0.0 	 0.72 
1104 	 0.0 	 0.70 
1105 	 0.0 	 0.70 
1106 	 0.0 	 0.69 
1107 	 0.0 	 0.61 
1108 	 0.0 	 0.61 
1109 	 0.0 	 0.75 
1110 	 0.0 	 0.68 
1111 	 0.0 	 0.64 
1112 	 0.0 	 0.60 
1113 	 0.0 	 0.65 
1114 	 0.0 	 0.60 
1115 	 0.0 	 0.71 
1116 	 0.0 	 0.70 
1117 	 0.0 	 0.73 
1118 	 0.0 	 0.64 
1119 	 0.0 	 0.58 
1120 	 0.0 	 0.72 
1122 	 0.0 	 0.63 
1123 	 0.0 	 0.61 
1124 	 0.0 	 0.66 
1125 	 0.0 	 0.68 
1126 	 0.0 	 0.63 
1127 	 0.0 	 0.61 
1129 	 0.0 	 0.00 
1130 	 0.0 	 0.66 
1131 	 0.0 	 1.03 
1132 	 0.0 	 0.93 
1133 	 0.0 	 0.92 
1134 	 0.0 	 0.82 
1135 	 0.0 	 0.82 
1136 	 0.0 	 0.82 
1137 	 0.0 	 0.73 
1138 	 0.0 	 0.79 
1139 	 0.0 	 0.76 
1140 	 0.0 	 0.80 
1141 	 0.0 	 0.69 
1142 	 0.0 	 0.70 
1143 	 0.0 	 0.00 
1144 	 0.0 	 0.01 
1145 	 0.0 	 0.85 
1146 	 0.0 	 0.95 
1147 	 0.0 	 0.91 
1148 	 0.0 	 0.00 
1149 	 0.0 	 0.43 
1150 	 0.0 	 0.00 
1151 	 0.0 	 0.00 
1152 	 0.0 	 1.00 
1153 	 0.0 	 1.04 
1154 	 0.0 	 0.97 
1155 	 0.0 	 0.00 
1156 	 0.0 	 0.00 
1157 	 0.0 	 0.00 
1158 	 0.0 	 0.00 
1159 	 0.0 	 0.00 
1160 	 0.0 	 0.00 
1161 	 0.0 	 0.93 
1162 	 0.0 	 0.72 
1163 	 0.0 	 0.84 
1164 	 0.0 	 0.89 
1165 	 0.0 	 0.01 
1167 	 0.0 	 0.85 
1168 	 0.0 	 0.83 
1169 	 0.0 	 0.83 
1170 	 0.0 	 0.80 
1171 	 0.0 	 0.73 
1172 	 0.0 	 0.77 
1173 	 0.0 	 0.75 
1174 	 0.0 	 0.72 
1175 	 0.0 	 0.66 
1176 	 0.0 	 0.73 
1177 	 0.0 	 0.62 
1178 	 0.0 	 0.71 
1179 	 0.0 	 0.68 
1180 	 0.0 	 0.71 
1181 	 0.0 	 0.72 
1182 	 0.0 	 0.59 
1183 	 0.0 	 0.69 
1184 	 0.0 	 0.74 
1185 	 0.0 	 0.71 
1186 	 0.0 	 0.67 
1187 	 0.0 	 0.74 
1188 	 0.0 	 0.60 
1189 	 0.0 	 0.62 
1190 	 0.0 	 0.64 
1191 	 0.0 	 0.72 
1192 	 0.0 	 0.60 
1193 	 0.0 	 0.66 
1194 	 0.0 	 0.53 
1195 	 0.0 	 0.62 
1196 	 0.0 	 0.56 
1198 	 0.0 	 0.42 
1199 	 0.0 	 0.44 
1200 	 0.0 	 0.42 
1201 	 0.0 	 0.40 
1202 	 0.0 	 0.45 
1203 	 0.0 	 0.47 
1204 	 0.0 	 0.54 
1205 	 0.0 	 0.62 
1206 	 0.0 	 0.71 
1207 	 0.0 	 0.76 
1208 	 0.0 	 0.78 
1210 	 0.0 	 0.82 
1211 	 0.0 	 0.87 
1212 	 0.0 	 0.90 
1213 	 0.0 	 0.80 
1214 	 0.0 	 1.00 
1215 	 0.0 	 0.89 
1217 	 0.0 	 0.86 
1218 	 0.0 	 0.90 
1219 	 0.0 	 0.90 
1220 	 0.0 	 0.96 
1221 	 0.0 	 0.00 
1222 	 0.0 	 0.01 
1224 	 0.0 	 0.00 
1225 	 0.0 	 0.00 
1226 	 0.0 	 0.00 
1227 	 0.0 	 0.00 
1228 	 0.0 	 0.00 
1229 	 0.0 	 0.00 
1230 	 0.0 	 0.00 
1231 	 0.0 	 0.00 
1232 	 0.0 	 0.00 
1233 	 0.0 	 0.00 
1234 	 0.0 	 0.00 
1236 	 0.0 	 0.00 
1237 	 0.0 	 0.95 
1238 	 0.0 	 0.92 
1239 	 0.0 	 0.88 
1240 	 0.0 	 0.88 
1241 	 0.0 	 0.79 
1242 	 0.0 	 0.74 
1243 	 0.0 	 0.79 
1244 	 0.0 	 0.85 
1245 	 0.0 	 0.88 
1246 	 0.0 	 0.99 
1247 	 0.0 	 0.93 
1248 	 0.0 	 0.95 
1249 	 0.0 	 1.12 
1250 	 0.0 	 1.00 
1251 	 0.0 	 0.93 
1252 	 0.0 	 0.76 
1253 	 0.0 	 0.78 
1254 	 0.0 	 0.76 
1255 	 0.0 	 0.83 
1256 	 0.0 	 0.73 
1257 	 0.0 	 0.76 
1258 	 0.0 	 0.84 
1259 	 0.0 	 0.85 
1260 	 0.0 	 0.80 
1261 	 0.0 	 0.76 
1262 	 0.0 	 0.87 
1263 	 0.0 	 0.74 
1264 	 0.0 	 0.92 
1265 	 0.0 	 0.84 
1266 	 0.0 	 0.90 
1267 	 0.0 	 0.86 
1268 	 0.0 	 0.79 
1269 	 0.0 	 0.85 
1270 	 0.0 	 0.75 
1271 	 0.0 	 0.73 
1272 	 0.0 	 0.66 
1273 	 0.0 	 0.71 
1274 	 0.0 	 0.61 
1275 	 0.0 	 0.60 
1276 	 0.0 	 0.62 
1277 	 0.0 	 0.67 
1278 	 0.0 	 0.81 
1279 	 0.0 	 0.82 
1280 	 0.0 	 0.98 
1281 	 0.0 	 0.88 
1282 	 0.0 	 0.96 
1283 	 0.0 	 0.81 
1284 	 0.0 	 1.09 
1285 	 0.0 	 0.86 
1286 	 0.0 	 0.69 
1287 	 0.0 	 0.89 
1288 	 0.0 	 0.78 
1289 	 0.0 	 1.02 
1290 	 0.0 	 0.99 
1291 	 0.0 	 0.88 
1292 	 0.0 	 0.86 
1293 	 0.0 	 0.68 
1294 	 0.0 	 1.07 
1296 	 0.0 	 1.08 
1297 	 0.0 	 0.86 
1298 	 0.0 	 0.85 
1299 	 0.0 	 0.90 
1300 	 0.0 	 0.68 
1301 	 0.0 	 0.76 
1302 	 0.0 	 0.83 
1303 	 0.0 	 0.94 
1304 	 0.0 	 0.68 
1305 	 0.0 	 0.77 
1306 	 0.0 	 0.80 
1307 	 0.0 	 0.75 
1308 	 0.0 	 0.82 
1309 	 0.0 	 1.06 
1310 	 0.0 	 0.90 
1311 	 0.0 	 0.67 
1312 	 0.0 	 1.18 
1313 	 0.0 	 0.93 
1314 	 0.0 	 0.73 
1315 	 0.0 	 1.04 
1316 	 0.0 	 0.84 
1317 	 0.0 	 0.90 
1318 	 0.0 	 0.79 
1319 	 0.0 	 0.86 
1320 	 0.0 	 0.94 
1321 	 0.0 	 0.72 
1322 	 0.0 	 0.89 
1323 	 0.0 	 0.85 
1324 	 0.0 	 0.81 
1325 	 0.0 	 0.81 
1326 	 0.0 	 0.86 
1327 	 0.0 	 0.63 
1328 	 0.0 	 0.74 
1329 	 0.0 	 0.85 
1330 	 0.0 	 0.77 
1331 	 0.0 	 0.74 
1332 	 0.0 	 0.72 
1333 	 0.0 	 0.80 
1334 	 0.0 	 0.94 
1335 	 0.0 	 0.89 
1336 	 0.0 	 0.87 
1338 	 0.0 	 0.83 
1339 	 0.0 	 0.83 
1340 	 0.0 	 0.84 
1341 	 0.0 	 0.85 
1343 	 0.0 	 0.77 
1344 	 0.0 	 0.73 
1345 	 0.0 	 0.89 
1346 	 0.0 	 1.00 
1347 	 0.0 	 0.85 
1348 	 0.0 	 0.86 
1349 	 0.0 	 0.82 
1350 	 0.0 	 0.93 
1351 	 0.0 	 0.69 
1352 	 0.0 	 0.99 
1353 	 0.0 	 0.64 
1354 	 0.0 	 0.72 
1355 	 0.0 	 0.88 
1356 	 0.0 	 0.91 
1357 	 0.0 	 0.70 
1358 	 0.0 	 0.72 
1359 	 0.0 	 0.74 
1360 	 0.0 	 0.81 
1361 	 0.0 	 0.75 
1362 	 0.0 	 0.76 
1363 	 0.0 	 0.84 
1364 	 0.0 	 0.81 
1365 	 0.0 	 0.91 
1366 	 0.0 	 0.65 
1367 	 0.0 	 0.73 
1368 	 0.0 	 0.82 
1369 	 0.0 	 0.97 
1370 	 0.0 	 0.79 
1371 	 0.0 	 0.79 
1372 	 0.0 	 0.76 
1373 	 0.0 	 0.95 
1374 	 0.0 	 0.76 
1375 	 0.0 	 0.74 
1376 	 0.0 	 0.73 
1377 	 0.0 	 0.89 
1378 	 0.0 	 1.05 
1379 	 0.0 	 0.84 
1380 	 0.0 	 0.88 
1381 	 0.0 	 0.87 
1382 	 0.0 	 0.73 
1384 	 0.0 	 0.73 
1385 	 0.0 	 0.82 
1386 	 0.0 	 0.90 
1387 	 0.0 	 0.77 
1388 	 0.0 	 0.78 
1389 	 0.0 	 0.79 
1390 	 0.0 	 0.85 
1391 	 0.0 	 0.76 
1392 	 0.0 	 0.71 
1393 	 0.0 	 0.68 
1394 	 0.0 	 0.82 
1395 	 0.0 	 0.75 
1396 	 0.0 	 0.83 
1397 	 0.0 	 0.84 
1398 	 0.0 	 0.71 
1399 	 0.0 	 0.74 
1400 	 0.0 	 0.85 
1401 	 0.0 	 0.77 
1402 	 0.0 	 0.53 
1403 	 0.0 	 0.72 
1404 	 0.0 	 0.79 
1405 	 0.0 	 0.69 
1406 	 0.0 	 0.76 
1407 	 0.0 	 0.57 
1408 	 0.0 	 0.78 
1409 	 0.0 	 0.61 
1410 	 0.0 	 0.79 
1411 	 0.0 	 0.79 
1412 	 0.0 	 0.63 
1413 	 0.0 	 0.42 
1414 	 0.0 	 0.45 
1415 	 0.0 	 0.69 
1416 	 0.0 	 1.10 
1417 	 0.0 	 0.76 
1418 	 0.0 	 0.71 
1419 	 0.0 	 0.83 
1420 	 0.0 	 0.77 
1421 	 0.0 	 0.83 
1422 	 0.0 	 0.69 
1423 	 0.0 	 0.60 
1424 	 0.0 	 0.62 
1425 	 0.0 	 0.74 
1426 	 0.0 	 0.68 
1427 	 0.0 	 0.67 
1428 	 0.0 	 0.57 
1429 	 0.0 	 0.59 
1430 	 0.0 	 0.76 
1431 	 0.0 	 0.58 
1432 	 0.0 	 0.70 
1433 	 0.0 	 0.63 
1434 	 0.0 	 0.61 
1435 	 0.0 	 0.61 
1436 	 0.0 	 0.47 
1437 	 0.0 	 0.78 
1438 	 0.0 	 0.54 
1439 	 0.0 	 0.63 
1440 	 0.0 	 0.58 
1441 	 0.0 	 0.55 
1442 	 0.0 	 0.55 
1443 	 0.0 	 0.72 
1444 	 0.0 	 0.58 
1445 	 0.0 	 0.21 
1446 	 0.0 	 0.54 
1447 	 0.0 	 0.57 
1450 	 0.0 	 0.10 
1451 	 0.0 	 0.64 
1452 	 0.0 	 0.46 
1453 	 0.0 	 0.48 
1454 	 0.0 	 0.61 
1455 	 0.0 	 0.26 
1456 	 0.0 	 0.63 
1457 	 0.0 	 0.60 
1458 	 0.0 	 0.56 
1459 	 0.0 	 0.51 
1460 	 0.0 	 0.53 
1461 	 0.0 	 0.71 
1462 	 0.0 	 0.57 
1463 	 0.0 	 0.59 
1464 	 0.0 	 0.50 
1465 	 0.0 	 0.55 
1466 	 0.0 	 0.43 
1467 	 0.0 	 0.46 
1468 	 0.0 	 0.44 
1469 	 0.0 	 0.09 
1470 	 0.0 	 0.45 
1471 	 0.0 	 0.50 
1472 	 0.0 	 0.39 
1473 	 0.0 	 0.42 
1474 	 0.0 	 0.66 
1475 	 0.0 	 0.48 
1476 	 0.0 	 0.45 
1477 	 0.0 	 0.56 
1478 	 0.0 	 0.49 
1479 	 0.0 	 0.48 
1480 	 0.0 	 0.44 
1481 	 0.0 	 0.37 
1482 	 0.0 	 0.37 
1483 	 0.0 	 0.39 
1484 	 0.0 	 0.51 
1485 	 0.0 	 0.55 
1486 	 0.0 	 0.43 
1487 	 0.0 	 0.40 
1488 	 0.0 	 0.46 
1489 	 0.0 	 0.42 
1490 	 0.0 	 0.38 
1491 	 0.0 	 0.39 
1492 	 0.0 	 0.31 
1493 	 0.0 	 0.40 
1494 	 0.0 	 0.35 
1495 	 0.0 	 0.41 
1496 	 0.0 	 0.33 
1497 	 0.0 	 0.40 
1498 	 0.0 	 0.32 
1499 	 0.0 	 0.41 
1500 	 0.0 	 0.28 
1501 	 0.0 	 0.34 
1502 	 0.0 	 0.26 
1503 	 0.0 	 0.29 
1504 	 0.0 	 0.32 
1505 	 0.0 	 0.31 
1506 	 0.0 	 0.24 
1507 	 0.0 	 0.20 
1508 	 0.0 	 0.20 
1509 	 0.0 	 0.20 
1510 	 0.0 	 0.17 
1511 	 0.0 	 0.19 
1512 	 0.0 	 0.21 
1513 	 0.0 	 0.21 
1514 	 0.0 	 0.32 
1515 	 0.0 	 0.29 
1516 	 0.0 	 0.27 
1517 	 0.0 	 0.35 
1518 	 0.0 	 0.37 
1519 	 0.0 	 0.41 
1520 	 0.0 	 0.37 
1521 	 0.0 	 0.33 
1522 	 0.0 	 0.31 
1523 	 0.0 	 0.38 
1524 	 0.0 	 0.33 
1525 	 0.0 	 0.32 
1526 	 0.0 	 0.35 
1527 	 0.0 	 0.41 
1528 	 0.0 	 0.27 
1529 	 0.0 	 0.32 
1530 	 0.0 	 0.34 
1532 	 0.0 	 0.59 
1533 	 0.0 	 0.25 
1534 	 0.0 	 0.56 
1535 	 0.0 	 0.41 
1536 	 0.0 	 0.08 
1537 	 0.0 	 0.64 
1538 	 0.0 	 0.00 
1539 	 0.0 	 0.00 
1540 	 0.0 	 0.00 
1541 	 0.0 	 0.00 
1542 	 0.0 	 0.54 
1543 	 0.0 	 0.27 
1544 	 0.0 	 0.00 
1545 	 0.0 	 0.41 
1546 	 0.0 	 0.38 
1547 	 0.0 	 0.06 
1548 	 0.0 	 0.26 
1549 	 0.0 	 0.38 
1550 	 0.0 	 0.32 
