1 	 0.0 	 0.00 
2 	 0.0 	 0.00 
3 	 0.0 	 0.00 
4 	 0.0 	 0.00 
5 	 0.0 	 0.00 
6 	 0.0 	 0.00 
7 	 0.0 	 0.00 
8 	 0.0 	 0.00 
9 	 0.0 	 0.00 
10 	 0.0 	 0.00 
11 	 0.0 	 0.00 
12 	 0.0 	 0.00 
13 	 0.0 	 0.00 
14 	 0.0 	 0.00 
15 	 0.0 	 0.00 
16 	 0.0 	 0.00 
17 	 0.0 	 0.01 
18 	 0.0 	 0.02 
19 	 0.0 	 0.00 
20 	 0.0 	 0.00 
21 	 0.0 	 0.00 
22 	 0.0 	 0.00 
23 	 0.0 	 0.00 
24 	 0.0 	 0.00 
25 	 0.0 	 0.00 
26 	 0.0 	 0.00 
27 	 0.0 	 0.00 
28 	 0.0 	 0.00 
29 	 0.0 	 0.00 
30 	 0.0 	 0.00 
31 	 0.0 	 0.00 
32 	 0.0 	 0.00 
33 	 0.0 	 0.00 
34 	 0.0 	 0.00 
35 	 0.0 	 0.00 
36 	 0.0 	 0.00 
37 	 0.0 	 0.00 
38 	 0.0 	 0.00 
39 	 0.0 	 0.00 
40 	 0.0 	 0.00 
41 	 0.0 	 0.00 
42 	 0.0 	 0.00 
43 	 0.0 	 0.00 
44 	 0.0 	 0.00 
45 	 0.0 	 0.00 
46 	 0.0 	 0.00 
47 	 0.0 	 0.00 
48 	 0.0 	 0.06 
49 	 0.0 	 0.00 
50 	 0.0 	 0.00 
51 	 0.0 	 0.00 
52 	 0.0 	 0.00 
53 	 0.0 	 0.00 
54 	 0.0 	 0.00 
55 	 0.0 	 0.00 
56 	 0.0 	 0.01 
57 	 0.0 	 0.00 
58 	 0.0 	 0.00 
59 	 0.0 	 0.00 
60 	 0.0 	 0.09 
61 	 0.0 	 0.07 
62 	 0.0 	 0.09 
63 	 0.0 	 0.09 
64 	 0.0 	 0.09 
65 	 0.0 	 0.00 
66 	 0.0 	 0.00 
67 	 0.0 	 0.00 
68 	 0.0 	 0.00 
69 	 0.0 	 0.00 
70 	 0.0 	 0.00 
71 	 0.0 	 0.00 
72 	 0.0 	 0.00 
73 	 0.0 	 0.00 
74 	 0.0 	 0.00 
75 	 0.0 	 0.00 
76 	 0.0 	 0.00 
77 	 0.0 	 0.00 
78 	 0.0 	 0.00 
79 	 0.0 	 0.05 
80 	 0.0 	 0.03 
81 	 0.0 	 0.00 
82 	 0.0 	 0.00 
83 	 0.0 	 0.00 
84 	 0.0 	 0.00 
85 	 0.0 	 0.00 
86 	 0.0 	 0.00 
87 	 0.0 	 0.00 
88 	 0.0 	 0.05 
89 	 0.0 	 0.00 
90 	 0.0 	 0.07 
91 	 0.0 	 0.08 
92 	 0.0 	 0.08 
93 	 0.0 	 0.09 
94 	 0.0 	 0.09 
95 	 0.0 	 0.08 
96 	 0.0 	 0.08 
97 	 0.0 	 0.07 
98 	 0.0 	 0.05 
99 	 0.0 	 0.05 
100 	 0.0 	 0.05 
101 	 0.0 	 0.00 
102 	 0.0 	 0.00 
103 	 0.0 	 0.01 
104 	 0.0 	 0.06 
105 	 0.0 	 0.09 
106 	 0.0 	 0.08 
107 	 0.0 	 0.09 
108 	 0.0 	 0.08 
109 	 0.0 	 0.06 
110 	 0.0 	 0.05 
111 	 0.0 	 0.04 
112 	 0.0 	 0.03 
113 	 0.0 	 0.02 
114 	 0.0 	 0.02 
115 	 0.0 	 0.02 
116 	 0.0 	 0.01 
117 	 0.0 	 0.02 
118 	 0.0 	 0.03 
119 	 0.0 	 0.02 
120 	 0.0 	 0.03 
121 	 0.0 	 0.03 
122 	 0.0 	 0.04 
123 	 0.0 	 0.06 
124 	 0.0 	 0.09 
125 	 0.0 	 0.10 
126 	 0.0 	 0.10 
127 	 0.0 	 0.08 
128 	 0.0 	 0.10 
129 	 0.0 	 0.09 
130 	 0.0 	 0.08 
131 	 0.0 	 0.08 
132 	 0.0 	 0.10 
133 	 0.0 	 0.11 
134 	 0.0 	 0.09 
135 	 0.0 	 0.08 
136 	 0.0 	 0.07 
137 	 0.0 	 0.06 
138 	 0.0 	 0.04 
139 	 0.0 	 0.04 
140 	 0.0 	 0.04 
141 	 0.0 	 0.04 
142 	 0.0 	 0.03 
143 	 0.0 	 0.03 
144 	 0.0 	 0.03 
145 	 0.0 	 0.03 
146 	 0.0 	 0.02 
147 	 0.0 	 0.03 
148 	 0.0 	 0.03 
149 	 0.0 	 0.01 
150 	 0.0 	 0.00 
151 	 0.0 	 0.00 
152 	 0.0 	 0.00 
153 	 0.0 	 0.00 
154 	 0.0 	 0.00 
155 	 0.0 	 0.09 
156 	 0.0 	 0.00 
157 	 0.0 	 0.00 
158 	 0.0 	 0.00 
159 	 0.0 	 0.01 
160 	 0.0 	 0.07 
161 	 0.0 	 0.10 
162 	 0.0 	 0.06 
163 	 0.0 	 0.09 
164 	 0.0 	 0.05 
165 	 0.0 	 0.05 
166 	 0.0 	 0.04 
167 	 0.0 	 0.02 
168 	 0.0 	 0.00 
169 	 0.0 	 0.08 
170 	 0.0 	 0.07 
171 	 0.0 	 0.04 
172 	 0.0 	 0.03 
173 	 0.0 	 0.03 
174 	 0.0 	 0.02 
175 	 0.0 	 0.02 
176 	 0.0 	 0.02 
177 	 0.0 	 0.03 
178 	 0.0 	 0.02 
179 	 0.0 	 0.03 
180 	 0.0 	 0.02 
181 	 0.0 	 0.03 
182 	 0.0 	 0.02 
183 	 0.0 	 0.02 
184 	 0.0 	 0.03 
185 	 0.0 	 0.03 
186 	 0.0 	 0.03 
187 	 0.0 	 0.04 
188 	 0.0 	 0.01 
189 	 0.0 	 0.02 
190 	 0.0 	 0.01 
191 	 0.0 	 0.01 
192 	 0.0 	 0.01 
193 	 0.0 	 0.01 
194 	 0.0 	 0.00 
195 	 0.0 	 0.00 
196 	 0.0 	 0.00 
197 	 0.0 	 0.00 
198 	 0.0 	 0.07 
199 	 0.0 	 0.06 
200 	 0.0 	 0.06 
201 	 0.0 	 0.08 
202 	 0.0 	 0.09 
203 	 0.0 	 0.09 
204 	 0.0 	 0.09 
205 	 0.0 	 0.07 
206 	 0.0 	 0.06 
207 	 0.0 	 0.05 
208 	 0.0 	 0.04 
209 	 0.0 	 0.04 
210 	 0.0 	 0.04 
211 	 0.0 	 0.05 
212 	 0.0 	 0.04 
213 	 0.0 	 0.03 
214 	 0.0 	 0.00 
215 	 0.0 	 0.00 
216 	 0.0 	 0.00 
217 	 0.0 	 0.00 
218 	 0.0 	 0.00 
219 	 0.0 	 0.00 
220 	 0.0 	 0.00 
221 	 0.0 	 0.00 
222 	 0.0 	 0.00 
223 	 0.0 	 0.00 
224 	 0.0 	 0.00 
225 	 0.0 	 0.00 
226 	 0.0 	 0.00 
227 	 0.0 	 0.00 
228 	 0.0 	 0.00 
229 	 0.0 	 0.00 
230 	 0.0 	 0.00 
231 	 0.0 	 0.06 
232 	 0.0 	 0.12 
233 	 0.0 	 0.08 
234 	 0.0 	 0.09 
235 	 0.0 	 0.09 
236 	 0.0 	 0.08 
237 	 0.0 	 0.06 
238 	 0.0 	 0.05 
239 	 0.0 	 0.05 
240 	 0.0 	 0.04 
241 	 0.0 	 0.04 
242 	 0.0 	 0.04 
243 	 0.0 	 0.05 
244 	 0.0 	 0.04 
245 	 0.0 	 0.04 
246 	 0.0 	 0.06 
247 	 0.0 	 0.07 
248 	 0.0 	 0.09 
249 	 0.0 	 0.09 
250 	 0.0 	 0.10 
251 	 0.0 	 0.09 
252 	 0.0 	 0.09 
253 	 0.0 	 0.10 
254 	 0.0 	 0.11 
255 	 0.0 	 0.08 
256 	 0.0 	 0.09 
257 	 0.0 	 0.08 
258 	 0.0 	 0.07 
259 	 0.0 	 0.06 
260 	 0.0 	 0.04 
261 	 0.0 	 0.03 
262 	 0.0 	 0.05 
263 	 0.0 	 0.04 
264 	 0.0 	 0.04 
265 	 0.0 	 0.01 
266 	 0.0 	 0.02 
267 	 0.0 	 0.02 
268 	 0.0 	 0.02 
269 	 0.0 	 0.01 
270 	 0.0 	 0.01 
271 	 0.0 	 0.01 
272 	 0.0 	 0.01 
273 	 0.0 	 0.01 
274 	 0.0 	 0.02 
275 	 0.0 	 0.02 
276 	 0.0 	 0.03 
277 	 0.0 	 0.03 
278 	 0.0 	 0.04 
279 	 0.0 	 0.03 
280 	 0.0 	 0.04 
281 	 0.0 	 0.03 
282 	 0.0 	 0.04 
283 	 0.0 	 0.04 
284 	 0.0 	 0.03 
285 	 0.0 	 0.02 
286 	 0.0 	 0.04 
287 	 0.0 	 0.06 
288 	 0.0 	 0.08 
289 	 0.0 	 0.09 
290 	 0.0 	 0.10 
291 	 0.0 	 0.09 
292 	 0.0 	 0.10 
293 	 0.0 	 0.10 
294 	 0.0 	 0.11 
295 	 0.0 	 0.09 
296 	 0.0 	 0.06 
297 	 0.0 	 0.09 
298 	 0.0 	 0.09 
299 	 0.0 	 0.08 
300 	 0.0 	 0.08 
301 	 0.0 	 0.09 
302 	 0.0 	 0.09 
303 	 0.0 	 0.06 
304 	 0.0 	 0.05 
305 	 0.0 	 0.05 
306 	 0.0 	 0.05 
307 	 0.0 	 0.04 
308 	 0.0 	 0.03 
309 	 0.0 	 0.03 
310 	 0.0 	 0.03 
311 	 0.0 	 0.02 
312 	 0.0 	 0.02 
313 	 0.0 	 0.03 
314 	 0.0 	 0.04 
315 	 0.0 	 0.05 
316 	 0.0 	 0.07 
317 	 0.0 	 0.08 
318 	 0.0 	 0.07 
319 	 0.0 	 0.06 
320 	 0.0 	 0.05 
321 	 0.0 	 0.05 
322 	 0.0 	 0.03 
323 	 0.0 	 0.03 
324 	 0.0 	 0.03 
325 	 0.0 	 0.02 
326 	 0.0 	 0.01 
327 	 0.0 	 0.03 
328 	 0.0 	 0.01 
329 	 0.0 	 0.02 
330 	 0.0 	 0.02 
331 	 0.0 	 0.02 
332 	 0.0 	 0.02 
333 	 0.0 	 0.02 
334 	 0.0 	 0.01 
335 	 0.0 	 0.01 
336 	 0.0 	 0.03 
337 	 0.0 	 0.02 
338 	 0.0 	 0.03 
339 	 0.0 	 0.04 
340 	 0.0 	 0.05 
341 	 0.0 	 0.05 
342 	 0.0 	 0.04 
343 	 0.0 	 0.02 
344 	 0.0 	 0.02 
345 	 0.0 	 0.01 
346 	 0.0 	 0.02 
347 	 0.0 	 0.02 
348 	 0.0 	 0.03 
349 	 0.0 	 0.00 
350 	 0.0 	 0.00 
351 	 0.0 	 0.00 
352 	 0.0 	 0.00 
353 	 0.0 	 0.00 
354 	 0.0 	 0.00 
355 	 0.0 	 0.08 
356 	 0.0 	 0.03 
357 	 0.0 	 0.09 
358 	 0.0 	 0.09 
359 	 0.0 	 0.10 
360 	 0.0 	 0.00 
361 	 0.0 	 0.00 
362 	 0.0 	 0.00 
363 	 0.0 	 0.06 
364 	 0.0 	 0.08 
365 	 0.0 	 0.10 
366 	 0.0 	 0.00 
367 	 0.0 	 0.00 
368 	 0.0 	 0.00 
369 	 0.0 	 0.00 
370 	 0.0 	 0.00 
371 	 0.0 	 0.05 
372 	 0.0 	 0.11 
373 	 0.0 	 0.09 
374 	 0.0 	 0.09 
375 	 0.0 	 0.10 
376 	 0.0 	 0.26 
377 	 0.0 	 0.00 
378 	 0.0 	 0.00 
379 	 0.0 	 0.00 
380 	 0.0 	 0.06 
381 	 0.0 	 0.09 
382 	 0.0 	 0.08 
383 	 0.0 	 0.09 
384 	 0.0 	 0.08 
385 	 0.0 	 0.05 
386 	 0.0 	 0.06 
387 	 0.0 	 0.06 
388 	 0.0 	 0.05 
389 	 0.0 	 0.04 
390 	 0.0 	 0.05 
391 	 0.0 	 0.05 
392 	 0.0 	 0.05 
393 	 0.0 	 0.05 
394 	 0.0 	 0.05 
395 	 0.0 	 0.05 
396 	 0.0 	 0.05 
397 	 0.0 	 0.04 
398 	 0.0 	 0.01 
399 	 0.0 	 0.01 
400 	 0.0 	 0.00 
401 	 0.0 	 0.00 
402 	 0.0 	 0.00 
403 	 0.0 	 0.00 
404 	 0.0 	 0.05 
405 	 0.0 	 0.06 
406 	 0.0 	 0.07 
407 	 0.0 	 0.09 
408 	 0.0 	 0.07 
409 	 0.0 	 0.09 
410 	 0.0 	 0.07 
411 	 0.0 	 0.07 
412 	 0.0 	 0.06 
413 	 0.0 	 0.06 
414 	 0.0 	 0.06 
415 	 0.0 	 0.06 
416 	 0.0 	 0.05 
417 	 0.0 	 0.07 
418 	 0.0 	 0.07 
419 	 0.0 	 0.07 
420 	 0.0 	 0.07 
421 	 0.0 	 0.07 
422 	 0.0 	 0.06 
423 	 0.0 	 0.07 
424 	 0.0 	 0.07 
425 	 0.0 	 0.06 
426 	 0.0 	 0.07 
427 	 0.0 	 0.06 
428 	 0.0 	 0.07 
429 	 0.0 	 0.07 
430 	 0.0 	 0.07 
431 	 0.0 	 0.09 
432 	 0.0 	 0.07 
433 	 0.0 	 0.07 
434 	 0.0 	 0.09 
435 	 0.0 	 0.01 
436 	 0.0 	 0.00 
437 	 0.0 	 0.00 
438 	 0.0 	 0.00 
439 	 0.0 	 0.00 
440 	 0.0 	 0.00 
441 	 0.0 	 0.00 
442 	 0.0 	 0.00 
443 	 0.0 	 0.00 
444 	 0.0 	 0.00 
445 	 0.0 	 0.00 
446 	 0.0 	 0.00 
447 	 0.0 	 0.00 
448 	 0.0 	 0.00 
449 	 0.0 	 0.00 
450 	 0.0 	 0.00 
451 	 0.0 	 0.00 
452 	 0.0 	 0.00 
453 	 0.0 	 0.00 
454 	 0.0 	 0.00 
455 	 0.0 	 0.00 
456 	 0.0 	 0.05 
457 	 0.0 	 0.09 
458 	 0.0 	 0.10 
459 	 0.0 	 0.10 
460 	 0.0 	 0.10 
461 	 0.0 	 0.10 
462 	 0.0 	 0.10 
463 	 0.0 	 0.08 
464 	 0.0 	 0.07 
465 	 0.0 	 0.08 
466 	 0.0 	 0.07 
467 	 0.0 	 0.07 
468 	 0.0 	 0.07 
469 	 0.0 	 0.06 
470 	 0.0 	 0.06 
471 	 0.0 	 0.06 
472 	 0.0 	 0.06 
473 	 0.0 	 0.06 
474 	 0.0 	 0.06 
475 	 0.0 	 0.06 
476 	 0.0 	 0.06 
477 	 0.0 	 0.08 
478 	 0.0 	 0.09 
479 	 0.0 	 0.09 
480 	 0.0 	 0.06 
481 	 0.0 	 0.06 
482 	 0.0 	 0.06 
483 	 0.0 	 0.07 
484 	 0.0 	 0.06 
485 	 0.0 	 0.08 
486 	 0.0 	 0.00 
487 	 0.0 	 0.00 
488 	 0.0 	 0.00 
489 	 0.0 	 0.00 
490 	 0.0 	 0.00 
491 	 0.0 	 0.00 
492 	 0.0 	 0.00 
493 	 0.0 	 0.00 
494 	 0.0 	 0.00 
495 	 0.0 	 0.07 
496 	 0.0 	 0.07 
497 	 0.0 	 0.06 
498 	 0.0 	 0.08 
499 	 0.0 	 0.09 
500 	 0.0 	 0.08 
501 	 0.0 	 0.09 
502 	 0.0 	 0.09 
503 	 0.0 	 0.10 
504 	 0.0 	 0.11 
505 	 0.0 	 0.09 
506 	 0.0 	 0.09 
507 	 0.0 	 0.08 
508 	 0.0 	 0.07 
509 	 0.0 	 0.07 
510 	 0.0 	 0.06 
511 	 0.0 	 0.07 
512 	 0.0 	 0.05 
513 	 0.0 	 0.05 
514 	 0.0 	 0.06 
515 	 0.0 	 0.05 
516 	 0.0 	 0.06 
517 	 0.0 	 0.08 
518 	 0.0 	 0.09 
519 	 0.0 	 0.09 
520 	 0.0 	 0.09 
521 	 0.0 	 0.10 
522 	 0.0 	 0.11 
523 	 0.0 	 0.09 
524 	 0.0 	 0.10 
525 	 0.0 	 0.09 
526 	 0.0 	 0.09 
527 	 0.0 	 0.09 
528 	 0.0 	 0.12 
529 	 0.0 	 0.11 
530 	 0.0 	 0.12 
531 	 0.0 	 0.00 
532 	 0.0 	 0.00 
533 	 0.0 	 0.00 
534 	 0.0 	 0.00 
535 	 0.0 	 0.00 
536 	 0.0 	 0.00 
537 	 0.0 	 0.01 
538 	 0.0 	 0.00 
539 	 0.0 	 0.00 
540 	 0.0 	 0.00 
541 	 0.0 	 0.00 
542 	 0.0 	 0.00 
543 	 0.0 	 0.00 
544 	 0.0 	 0.08 
545 	 0.0 	 0.06 
546 	 0.0 	 0.09 
547 	 0.0 	 0.07 
548 	 0.0 	 0.09 
549 	 0.0 	 0.11 
550 	 0.0 	 0.09 
551 	 0.0 	 0.09 
552 	 0.0 	 0.10 
553 	 0.0 	 0.09 
554 	 0.0 	 0.10 
555 	 0.0 	 0.12 
556 	 0.0 	 0.10 
557 	 0.0 	 0.11 
558 	 0.0 	 0.10 
559 	 0.0 	 0.10 
560 	 0.0 	 0.08 
561 	 0.0 	 0.09 
562 	 0.0 	 0.00 
563 	 0.0 	 0.00 
564 	 0.0 	 0.00 
565 	 0.0 	 0.00 
566 	 0.0 	 0.00 
567 	 0.0 	 0.00 
568 	 0.0 	 0.00 
569 	 0.0 	 0.00 
570 	 0.0 	 0.00 
571 	 0.0 	 0.00 
572 	 0.0 	 0.00 
573 	 0.0 	 0.01 
574 	 0.0 	 0.01 
575 	 0.0 	 0.00 
576 	 0.0 	 0.00 
577 	 0.0 	 0.00 
578 	 0.0 	 0.00 
579 	 0.0 	 0.00 
580 	 0.0 	 0.00 
581 	 0.0 	 0.00 
582 	 0.0 	 0.00 
583 	 0.0 	 0.06 
584 	 0.0 	 0.07 
585 	 0.0 	 0.06 
586 	 0.0 	 0.09 
587 	 0.0 	 0.08 
588 	 0.0 	 0.09 
589 	 0.0 	 0.09 
590 	 0.0 	 0.09 
591 	 0.0 	 0.09 
592 	 0.0 	 0.09 
593 	 0.0 	 0.10 
594 	 0.0 	 0.09 
595 	 0.0 	 0.10 
596 	 0.0 	 0.11 
597 	 0.0 	 0.09 
598 	 0.0 	 0.11 
599 	 0.0 	 0.08 
600 	 0.0 	 0.11 
601 	 0.0 	 0.11 
602 	 0.0 	 0.10 
603 	 0.0 	 0.11 
604 	 0.0 	 0.10 
605 	 0.0 	 0.10 
606 	 0.0 	 0.10 
607 	 0.0 	 0.10 
608 	 0.0 	 0.09 
609 	 0.0 	 0.09 
610 	 0.0 	 0.09 
611 	 0.0 	 0.10 
612 	 0.0 	 0.00 
613 	 0.0 	 0.00 
614 	 0.0 	 0.00 
615 	 0.0 	 0.03 
616 	 0.0 	 0.06 
617 	 0.0 	 0.10 
618 	 0.0 	 0.10 
619 	 0.0 	 0.08 
620 	 0.0 	 0.10 
621 	 0.0 	 0.10 
622 	 0.0 	 0.06 
623 	 0.0 	 0.00 
624 	 0.0 	 0.00 
625 	 0.0 	 0.06 
626 	 0.0 	 0.10 
627 	 0.0 	 0.10 
628 	 0.0 	 0.10 
629 	 0.0 	 0.10 
630 	 0.0 	 0.11 
631 	 0.0 	 0.09 
632 	 0.0 	 0.09 
633 	 0.0 	 0.07 
634 	 0.0 	 0.09 
635 	 0.0 	 0.10 
636 	 0.0 	 0.07 
637 	 0.0 	 0.12 
638 	 0.0 	 0.06 
639 	 0.0 	 0.08 
640 	 0.0 	 0.09 
641 	 0.0 	 0.06 
642 	 0.0 	 0.10 
643 	 0.0 	 0.09 
644 	 0.0 	 0.11 
645 	 0.0 	 0.08 
646 	 0.0 	 0.03 
647 	 0.0 	 0.03 
648 	 0.0 	 0.09 
649 	 0.0 	 0.10 
650 	 0.0 	 0.09 
651 	 0.0 	 0.10 
652 	 0.0 	 0.09 
653 	 0.0 	 0.09 
654 	 0.0 	 0.06 
655 	 0.0 	 0.09 
656 	 0.0 	 0.09 
657 	 0.0 	 0.09 
658 	 0.0 	 0.08 
659 	 0.0 	 0.08 
660 	 0.0 	 0.10 
661 	 0.0 	 0.08 
662 	 0.0 	 0.08 
663 	 0.0 	 0.09 
664 	 0.0 	 0.00 
665 	 0.0 	 0.00 
666 	 0.0 	 0.00 
667 	 0.0 	 0.01 
668 	 0.0 	 0.00 
669 	 0.0 	 0.00 
670 	 0.0 	 0.01 
671 	 0.0 	 0.00 
672 	 0.0 	 0.00 
673 	 0.0 	 0.00 
674 	 0.0 	 0.00 
675 	 0.0 	 0.00 
676 	 0.0 	 0.00 
677 	 0.0 	 0.00 
678 	 0.0 	 0.02 
679 	 0.0 	 0.07 
680 	 0.0 	 0.09 
681 	 0.0 	 0.08 
682 	 0.0 	 0.12 
683 	 0.0 	 0.09 
684 	 0.0 	 0.07 
685 	 0.0 	 0.08 
686 	 0.0 	 0.11 
687 	 0.0 	 0.08 
688 	 0.0 	 0.09 
689 	 0.0 	 0.11 
690 	 0.0 	 0.10 
691 	 0.0 	 0.10 
692 	 0.0 	 0.10 
693 	 0.0 	 0.09 
694 	 0.0 	 0.11 
695 	 0.0 	 0.11 
696 	 0.0 	 0.09 
697 	 0.0 	 0.09 
698 	 0.0 	 0.09 
699 	 0.0 	 0.08 
700 	 0.0 	 0.07 
701 	 0.0 	 0.09 
702 	 0.0 	 0.10 
703 	 0.0 	 0.10 
704 	 0.0 	 0.10 
705 	 0.0 	 0.11 
706 	 0.0 	 0.08 
707 	 0.0 	 0.08 
708 	 0.0 	 0.12 
709 	 0.0 	 0.09 
710 	 0.0 	 0.10 
711 	 0.0 	 0.07 
712 	 0.0 	 0.09 
713 	 0.0 	 0.10 
714 	 0.0 	 0.10 
715 	 0.0 	 0.09 
716 	 0.0 	 0.10 
717 	 0.0 	 0.06 
718 	 0.0 	 0.07 
719 	 0.0 	 0.06 
720 	 0.0 	 0.09 
721 	 0.0 	 0.11 
722 	 0.0 	 0.01 
723 	 0.0 	 0.00 
724 	 0.0 	 0.00 
725 	 0.0 	 0.01 
726 	 0.0 	 0.09 
727 	 0.0 	 0.10 
728 	 0.0 	 0.07 
729 	 0.0 	 0.04 
730 	 0.0 	 0.03 
731 	 0.0 	 0.01 
732 	 0.0 	 0.01 
733 	 0.0 	 0.01 
734 	 0.0 	 0.01 
735 	 0.0 	 0.01 
736 	 0.0 	 0.01 
737 	 0.0 	 0.01 
738 	 0.0 	 0.01 
739 	 0.0 	 0.01 
740 	 0.0 	 0.01 
741 	 0.0 	 0.00 
742 	 0.0 	 0.02 
743 	 0.0 	 0.01 
744 	 0.0 	 0.00 
745 	 0.0 	 0.00 
746 	 0.0 	 0.00 
747 	 0.0 	 0.00 
748 	 0.0 	 0.00 
749 	 0.0 	 0.08 
750 	 0.0 	 0.08 
751 	 0.0 	 0.04 
752 	 0.0 	 0.02 
753 	 0.0 	 0.01 
754 	 0.0 	 0.01 
755 	 0.0 	 0.00 
756 	 0.0 	 0.00 
757 	 0.0 	 0.00 
758 	 0.0 	 0.00 
759 	 0.0 	 0.00 
760 	 0.0 	 0.00 
761 	 0.0 	 0.00 
762 	 0.0 	 0.00 
763 	 0.0 	 0.10 
764 	 0.0 	 0.09 
765 	 0.0 	 0.08 
766 	 0.0 	 0.04 
767 	 0.0 	 0.02 
768 	 0.0 	 0.01 
769 	 0.0 	 0.01 
770 	 0.0 	 0.01 
771 	 0.0 	 0.00 
772 	 0.0 	 0.00 
773 	 0.0 	 0.00 
774 	 0.0 	 0.00 
775 	 0.0 	 0.11 
776 	 0.0 	 0.00 
777 	 0.0 	 0.00 
778 	 0.0 	 0.10 
779 	 0.0 	 0.10 
780 	 0.0 	 0.00 
781 	 0.0 	 0.00 
782 	 0.0 	 0.00 
783 	 0.0 	 0.00 
784 	 0.0 	 0.00 
785 	 0.0 	 0.00 
786 	 0.0 	 0.01 
787 	 0.0 	 0.09 
788 	 0.0 	 0.09 
789 	 0.0 	 0.09 
790 	 0.0 	 0.08 
791 	 0.0 	 0.10 
792 	 0.0 	 0.11 
793 	 0.0 	 0.00 
794 	 0.0 	 0.00 
795 	 0.0 	 0.00 
796 	 0.0 	 0.00 
797 	 0.0 	 0.00 
798 	 0.0 	 0.00 
799 	 0.0 	 0.04 
800 	 0.0 	 0.06 
801 	 0.0 	 0.15 
802 	 0.0 	 0.11 
803 	 0.0 	 0.09 
804 	 0.0 	 0.12 
805 	 0.0 	 0.12 
806 	 0.0 	 0.08 
807 	 0.0 	 0.07 
808 	 0.0 	 0.07 
809 	 0.0 	 0.06 
810 	 0.0 	 0.04 
811 	 0.0 	 0.03 
812 	 0.0 	 0.03 
813 	 0.0 	 0.03 
814 	 0.0 	 0.03 
815 	 0.0 	 0.03 
816 	 0.0 	 0.02 
817 	 0.0 	 0.02 
818 	 0.0 	 0.03 
819 	 0.0 	 0.04 
820 	 0.0 	 0.04 
821 	 0.0 	 0.03 
822 	 0.0 	 0.04 
823 	 0.0 	 0.05 
824 	 0.0 	 0.05 
825 	 0.0 	 0.05 
826 	 0.0 	 0.05 
827 	 0.0 	 0.05 
828 	 0.0 	 0.04 
829 	 0.0 	 0.03 
830 	 0.0 	 0.02 
831 	 0.0 	 0.02 
832 	 0.0 	 0.02 
833 	 0.0 	 0.01 
834 	 0.0 	 0.01 
835 	 0.0 	 0.00 
836 	 0.0 	 0.00 
837 	 0.0 	 0.00 
838 	 0.0 	 0.00 
839 	 0.0 	 0.11 
840 	 0.0 	 0.11 
841 	 0.0 	 0.00 
842 	 0.0 	 0.00 
843 	 0.0 	 0.08 
844 	 0.0 	 0.02 
845 	 0.0 	 0.09 
846 	 0.0 	 0.11 
847 	 0.0 	 0.10 
848 	 0.0 	 0.06 
849 	 0.0 	 0.00 
850 	 0.0 	 0.00 
851 	 0.0 	 0.00 
852 	 0.0 	 0.07 
853 	 0.0 	 0.00 
854 	 0.0 	 0.00 
855 	 0.0 	 0.05 
856 	 0.0 	 0.05 
857 	 0.0 	 0.09 
858 	 0.0 	 0.08 
859 	 0.0 	 0.00 
860 	 0.0 	 0.00 
861 	 0.0 	 0.00 
862 	 0.0 	 0.03 
863 	 0.0 	 0.09 
864 	 0.0 	 0.08 
865 	 0.0 	 0.10 
866 	 0.0 	 0.09 
867 	 0.0 	 0.10 
868 	 0.0 	 0.00 
869 	 0.0 	 0.00 
870 	 0.0 	 0.00 
871 	 0.0 	 0.00 
872 	 0.0 	 0.10 
873 	 0.0 	 0.11 
874 	 0.0 	 0.00 
875 	 0.0 	 0.00 
876 	 0.0 	 0.03 
877 	 0.0 	 0.06 
878 	 0.0 	 0.11 
879 	 0.0 	 0.09 
880 	 0.0 	 0.12 
881 	 0.0 	 0.08 
882 	 0.0 	 0.07 
883 	 0.0 	 0.07 
884 	 0.0 	 0.07 
885 	 0.0 	 0.06 
886 	 0.0 	 0.07 
887 	 0.0 	 0.07 
888 	 0.0 	 0.07 
889 	 0.0 	 0.07 
890 	 0.0 	 0.07 
891 	 0.0 	 0.08 
892 	 0.0 	 0.06 
893 	 0.0 	 0.06 
894 	 0.0 	 0.00 
895 	 0.0 	 0.00 
896 	 0.0 	 0.00 
897 	 0.0 	 0.00 
898 	 0.0 	 0.01 
899 	 0.0 	 0.12 
900 	 0.0 	 0.09 
901 	 0.0 	 0.09 
902 	 0.0 	 0.07 
903 	 0.0 	 0.07 
904 	 0.0 	 0.09 
905 	 0.0 	 0.09 
906 	 0.0 	 0.07 
907 	 0.0 	 0.06 
908 	 0.0 	 0.04 
909 	 0.0 	 0.04 
910 	 0.0 	 0.03 
911 	 0.0 	 0.02 
912 	 0.0 	 0.02 
913 	 0.0 	 0.01 
914 	 0.0 	 0.02 
915 	 0.0 	 0.01 
916 	 0.0 	 0.01 
917 	 0.0 	 0.03 
918 	 0.0 	 0.02 
919 	 0.0 	 0.02 
920 	 0.0 	 0.03 
921 	 0.0 	 0.05 
922 	 0.0 	 0.05 
923 	 0.0 	 0.05 
924 	 0.0 	 0.03 
925 	 0.0 	 0.03 
926 	 0.0 	 0.04 
927 	 0.0 	 0.04 
928 	 0.0 	 0.05 
929 	 0.0 	 0.03 
930 	 0.0 	 0.04 
931 	 0.0 	 0.03 
932 	 0.0 	 0.03 
933 	 0.0 	 0.03 
934 	 0.0 	 0.02 
935 	 0.0 	 0.01 
936 	 0.0 	 0.03 
937 	 0.0 	 0.01 
938 	 0.0 	 0.01 
939 	 0.0 	 0.01 
940 	 0.0 	 0.02 
941 	 0.0 	 0.01 
942 	 0.0 	 0.01 
943 	 0.0 	 0.01 
944 	 0.0 	 0.01 
945 	 0.0 	 0.01 
946 	 0.0 	 0.01 
947 	 0.0 	 0.01 
948 	 0.0 	 0.01 
949 	 0.0 	 0.01 
950 	 0.0 	 0.02 
951 	 0.0 	 0.02 
952 	 0.0 	 0.02 
953 	 0.0 	 0.02 
954 	 0.0 	 0.02 
955 	 0.0 	 0.00 
956 	 0.0 	 0.00 
957 	 0.0 	 0.00 
958 	 0.0 	 0.00 
959 	 0.0 	 0.00 
960 	 0.0 	 0.00 
961 	 0.0 	 0.00 
962 	 0.0 	 0.00 
963 	 0.0 	 0.00 
964 	 0.0 	 0.08 
965 	 0.0 	 0.00 
966 	 0.0 	 0.00 
967 	 0.0 	 0.00 
968 	 0.0 	 0.00 
969 	 0.0 	 0.00 
970 	 0.0 	 0.00 
971 	 0.0 	 0.00 
972 	 0.0 	 0.00 
973 	 0.0 	 0.09 
974 	 0.0 	 0.10 
975 	 0.0 	 0.08 
976 	 0.0 	 0.04 
977 	 0.0 	 0.03 
978 	 0.0 	 0.01 
979 	 0.0 	 0.02 
980 	 0.0 	 0.01 
981 	 0.0 	 0.02 
982 	 0.0 	 0.02 
983 	 0.0 	 0.03 
984 	 0.0 	 0.03 
985 	 0.0 	 0.03 
986 	 0.0 	 0.04 
987 	 0.0 	 0.05 
988 	 0.0 	 0.05 
989 	 0.0 	 0.06 
990 	 0.0 	 0.00 
991 	 0.0 	 0.00 
992 	 0.0 	 0.00 
993 	 0.0 	 0.00 
994 	 0.0 	 0.00 
995 	 0.0 	 0.00 
996 	 0.0 	 0.06 
997 	 0.0 	 0.11 
998 	 0.0 	 0.09 
999 	 0.0 	 0.10 
1000 	 0.0 	 0.10 
1001 	 0.0 	 0.00 
1002 	 0.0 	 0.00 
1003 	 0.0 	 0.00 
1004 	 0.0 	 0.00 
1005 	 0.0 	 0.00 
1006 	 0.0 	 0.00 
1007 	 0.0 	 0.00 
1008 	 0.0 	 0.00 
1009 	 0.0 	 0.00 
1010 	 0.0 	 0.00 
1011 	 0.0 	 0.05 
1012 	 0.0 	 0.08 
1013 	 0.0 	 0.08 
1014 	 0.0 	 0.00 
1015 	 0.0 	 0.00 
1016 	 0.0 	 0.00 
1017 	 0.0 	 0.00 
1018 	 0.0 	 0.00 
1019 	 0.0 	 0.00 
1020 	 0.0 	 0.00 
1021 	 0.0 	 0.00 
1022 	 0.0 	 0.00 
1023 	 0.0 	 0.00 
1024 	 0.0 	 0.00 
1025 	 0.0 	 0.00 
1026 	 0.0 	 0.00 
1027 	 0.0 	 0.00 
1028 	 0.0 	 0.00 
1029 	 0.0 	 0.00 
1030 	 0.0 	 0.00 
1031 	 0.0 	 0.00 
1032 	 0.0 	 0.00 
1033 	 0.0 	 0.00 
1034 	 0.0 	 0.00 
1035 	 0.0 	 0.00 
1036 	 0.0 	 0.00 
1037 	 0.0 	 0.01 
1038 	 0.0 	 0.08 
1039 	 0.0 	 0.10 
1040 	 0.0 	 0.09 
1041 	 0.0 	 0.01 
1042 	 0.0 	 0.00 
1043 	 0.0 	 0.00 
1044 	 0.0 	 0.00 
1045 	 0.0 	 0.00 
1046 	 0.0 	 0.09 
1047 	 0.0 	 0.09 
1048 	 0.0 	 0.00 
1049 	 0.0 	 0.10 
1050 	 0.0 	 0.07 
1051 	 0.0 	 0.00 
1052 	 0.0 	 0.00 
1053 	 0.0 	 0.00 
1054 	 0.0 	 0.00 
1055 	 0.0 	 0.01 
1056 	 0.0 	 0.10 
1057 	 0.0 	 0.08 
1058 	 0.0 	 0.10 
1059 	 0.0 	 0.12 
1060 	 0.0 	 0.00 
1061 	 0.0 	 0.01 
1062 	 0.0 	 0.00 
1063 	 0.0 	 0.01 
1064 	 0.0 	 0.05 
1065 	 0.0 	 0.08 
1066 	 0.0 	 0.10 
1067 	 0.0 	 0.10 
1068 	 0.0 	 0.11 
1069 	 0.0 	 0.08 
1070 	 0.0 	 0.08 
1071 	 0.0 	 0.00 
1072 	 0.0 	 0.00 
1073 	 0.0 	 0.00 
1074 	 0.0 	 0.03 
1075 	 0.0 	 0.00 
1076 	 0.0 	 0.02 
1077 	 0.0 	 0.09 
1078 	 0.0 	 0.09 
1079 	 0.0 	 0.11 
1080 	 0.0 	 0.11 
1081 	 0.0 	 0.10 
1082 	 0.0 	 0.10 
1083 	 0.0 	 0.08 
1084 	 0.0 	 0.09 
1085 	 0.0 	 0.08 
1086 	 0.0 	 0.09 
1087 	 0.0 	 0.01 
1088 	 0.0 	 0.00 
1089 	 0.0 	 0.00 
1090 	 0.0 	 0.06 
1091 	 0.0 	 0.01 
1092 	 0.0 	 0.00 
1093 	 0.0 	 0.05 
1094 	 0.0 	 0.19 
1095 	 0.0 	 0.00 
1096 	 0.0 	 0.00 
1097 	 0.0 	 0.08 
1098 	 0.0 	 0.07 
1099 	 0.0 	 0.09 
1100 	 0.0 	 0.08 
1101 	 0.0 	 0.00 
1102 	 0.0 	 0.07 
1103 	 0.0 	 0.10 
1104 	 0.0 	 0.10 
1105 	 0.0 	 0.09 
1106 	 0.0 	 0.10 
1107 	 0.0 	 0.12 
1108 	 0.0 	 0.10 
1109 	 0.0 	 0.10 
1110 	 0.0 	 0.09 
1111 	 0.0 	 0.11 
1112 	 0.0 	 0.09 
1113 	 0.0 	 0.10 
1114 	 0.0 	 0.09 
1115 	 0.0 	 0.10 
1116 	 0.0 	 0.10 
1117 	 0.0 	 0.10 
1118 	 0.0 	 0.10 
1119 	 0.0 	 0.09 
1120 	 0.0 	 0.08 
1121 	 0.0 	 0.08 
1122 	 0.0 	 0.10 
1123 	 0.0 	 0.10 
1124 	 0.0 	 0.08 
1125 	 0.0 	 0.11 
1126 	 0.0 	 0.10 
1127 	 0.0 	 0.11 
1128 	 0.0 	 0.00 
1129 	 0.0 	 0.00 
1130 	 0.0 	 0.00 
1131 	 0.0 	 0.09 
1132 	 0.0 	 0.08 
1133 	 0.0 	 0.07 
1134 	 0.0 	 0.09 
1135 	 0.0 	 0.10 
1136 	 0.0 	 0.10 
1137 	 0.0 	 0.12 
1138 	 0.0 	 0.12 
1139 	 0.0 	 0.08 
1140 	 0.0 	 0.08 
1141 	 0.0 	 0.07 
1142 	 0.0 	 0.12 
1143 	 0.0 	 0.00 
1144 	 0.0 	 0.00 
1145 	 0.0 	 0.06 
1146 	 0.0 	 0.07 
1147 	 0.0 	 0.07 
1148 	 0.0 	 0.00 
1149 	 0.0 	 0.00 
1150 	 0.0 	 0.04 
1151 	 0.0 	 0.00 
1152 	 0.0 	 0.05 
1153 	 0.0 	 0.05 
1154 	 0.0 	 0.09 
1155 	 0.0 	 0.00 
1156 	 0.0 	 0.00 
1157 	 0.0 	 0.00 
1158 	 0.0 	 0.00 
1159 	 0.0 	 0.00 
1160 	 0.0 	 0.00 
1161 	 0.0 	 0.04 
1162 	 0.0 	 0.08 
1163 	 0.0 	 0.09 
1164 	 0.0 	 0.10 
1165 	 0.0 	 0.10 
1166 	 0.0 	 0.00 
1167 	 0.0 	 0.08 
1168 	 0.0 	 0.09 
1169 	 0.0 	 0.06 
1170 	 0.0 	 0.08 
1171 	 0.0 	 0.10 
1172 	 0.0 	 0.10 
1173 	 0.0 	 0.10 
1174 	 0.0 	 0.10 
1175 	 0.0 	 0.11 
1176 	 0.0 	 0.10 
1177 	 0.0 	 0.09 
1178 	 0.0 	 0.12 
1179 	 0.0 	 0.10 
1180 	 0.0 	 0.10 
1181 	 0.0 	 0.11 
1182 	 0.0 	 0.11 
1183 	 0.0 	 0.12 
1184 	 0.0 	 0.11 
1185 	 0.0 	 0.12 
1186 	 0.0 	 0.11 
1187 	 0.0 	 0.11 
1188 	 0.0 	 0.10 
1189 	 0.0 	 0.10 
1190 	 0.0 	 0.11 
1191 	 0.0 	 0.11 
1192 	 0.0 	 0.12 
1193 	 0.0 	 0.09 
1194 	 0.0 	 0.11 
1195 	 0.0 	 0.09 
1196 	 0.0 	 0.10 
1197 	 0.0 	 0.07 
1198 	 0.0 	 0.08 
1199 	 0.0 	 0.07 
1200 	 0.0 	 0.05 
1201 	 0.0 	 0.05 
1202 	 0.0 	 0.07 
1203 	 0.0 	 0.06 
1204 	 0.0 	 0.10 
1205 	 0.0 	 0.11 
1206 	 0.0 	 0.11 
1207 	 0.0 	 0.09 
1208 	 0.0 	 0.12 
1209 	 0.0 	 0.10 
1210 	 0.0 	 0.08 
1211 	 0.0 	 0.05 
1212 	 0.0 	 0.08 
1213 	 0.0 	 0.08 
1214 	 0.0 	 0.07 
1215 	 0.0 	 0.08 
1216 	 0.0 	 0.05 
1217 	 0.0 	 0.10 
1218 	 0.0 	 0.05 
1219 	 0.0 	 0.07 
1220 	 0.0 	 0.07 
1221 	 0.0 	 0.00 
1222 	 0.0 	 0.00 
1223 	 0.0 	 0.00 
1224 	 0.0 	 0.00 
1225 	 0.0 	 0.00 
1226 	 0.0 	 0.00 
1227 	 0.0 	 0.00 
1228 	 0.0 	 0.00 
1229 	 0.0 	 0.00 
1230 	 0.0 	 0.00 
1231 	 0.0 	 0.00 
1232 	 0.0 	 0.00 
1233 	 0.0 	 0.00 
1234 	 0.0 	 0.00 
1235 	 0.0 	 0.00 
1236 	 0.0 	 0.00 
1237 	 0.0 	 0.03 
1238 	 0.0 	 0.08 
1239 	 0.0 	 0.08 
1240 	 0.0 	 0.08 
1241 	 0.0 	 0.08 
1242 	 0.0 	 0.12 
1243 	 0.0 	 0.10 
1244 	 0.0 	 0.11 
1245 	 0.0 	 0.10 
1246 	 0.0 	 0.05 
1247 	 0.0 	 0.07 
1248 	 0.0 	 0.09 
1249 	 0.0 	 0.06 
1250 	 0.0 	 0.09 
1251 	 0.0 	 0.08 
1252 	 0.0 	 0.06 
1253 	 0.0 	 0.07 
1254 	 0.0 	 0.09 
1255 	 0.0 	 0.09 
1256 	 0.0 	 0.09 
1257 	 0.0 	 0.03 
1258 	 0.0 	 0.08 
1259 	 0.0 	 0.09 
1260 	 0.0 	 0.05 
1261 	 0.0 	 0.06 
1262 	 0.0 	 0.08 
1263 	 0.0 	 0.07 
1264 	 0.0 	 0.05 
1265 	 0.0 	 0.06 
1266 	 0.0 	 0.07 
1267 	 0.0 	 0.08 
1268 	 0.0 	 0.07 
1269 	 0.0 	 0.09 
1270 	 0.0 	 0.08 
1271 	 0.0 	 0.10 
1272 	 0.0 	 0.07 
1273 	 0.0 	 0.10 
1274 	 0.0 	 0.10 
1275 	 0.0 	 0.09 
1276 	 0.0 	 0.09 
1277 	 0.0 	 0.09 
1278 	 0.0 	 0.05 
1279 	 0.0 	 0.06 
1280 	 0.0 	 0.06 
1281 	 0.0 	 0.05 
1282 	 0.0 	 0.07 
1283 	 0.0 	 0.06 
1284 	 0.0 	 0.06 
1285 	 0.0 	 0.07 
1286 	 0.0 	 0.05 
1287 	 0.0 	 0.05 
1288 	 0.0 	 0.07 
1289 	 0.0 	 0.05 
1290 	 0.0 	 0.06 
1291 	 0.0 	 0.05 
1292 	 0.0 	 0.05 
1293 	 0.0 	 0.06 
1294 	 0.0 	 0.02 
1295 	 0.0 	 0.06 
1296 	 0.0 	 0.06 
1297 	 0.0 	 0.04 
1298 	 0.0 	 0.04 
1299 	 0.0 	 0.06 
1300 	 0.0 	 0.06 
1301 	 0.0 	 0.06 
1302 	 0.0 	 0.06 
1303 	 0.0 	 0.06 
1304 	 0.0 	 0.07 
1305 	 0.0 	 0.05 
1306 	 0.0 	 0.05 
1307 	 0.0 	 0.05 
1308 	 0.0 	 0.07 
1309 	 0.0 	 0.07 
1310 	 0.0 	 0.05 
1311 	 0.0 	 0.07 
1312 	 0.0 	 0.06 
1313 	 0.0 	 0.04 
1314 	 0.0 	 0.05 
1315 	 0.0 	 0.03 
1316 	 0.0 	 0.03 
1317 	 0.0 	 0.06 
1318 	 0.0 	 0.05 
1319 	 0.0 	 0.04 
1320 	 0.0 	 0.04 
1321 	 0.0 	 0.05 
1322 	 0.0 	 0.05 
1323 	 0.0 	 0.05 
1324 	 0.0 	 0.06 
1325 	 0.0 	 0.05 
1326 	 0.0 	 0.04 
1327 	 0.0 	 0.03 
1328 	 0.0 	 0.05 
1329 	 0.0 	 0.03 
1330 	 0.0 	 0.04 
1331 	 0.0 	 0.06 
1332 	 0.0 	 0.07 
1333 	 0.0 	 0.03 
1334 	 0.0 	 0.05 
1335 	 0.0 	 0.06 
1336 	 0.0 	 0.04 
1337 	 0.0 	 0.05 
1338 	 0.0 	 0.04 
1339 	 0.0 	 0.06 
1340 	 0.0 	 0.06 
1341 	 0.0 	 0.04 
1342 	 0.0 	 0.03 
1343 	 0.0 	 0.06 
1344 	 0.0 	 0.06 
1345 	 0.0 	 0.06 
1346 	 0.0 	 0.04 
1347 	 0.0 	 0.06 
1348 	 0.0 	 0.05 
1349 	 0.0 	 0.04 
1350 	 0.0 	 0.05 
1351 	 0.0 	 0.04 
1352 	 0.0 	 0.03 
1353 	 0.0 	 0.04 
1354 	 0.0 	 0.02 
1355 	 0.0 	 0.05 
1356 	 0.0 	 0.05 
1357 	 0.0 	 0.04 
1358 	 0.0 	 0.06 
1359 	 0.0 	 0.06 
1360 	 0.0 	 0.02 
1361 	 0.0 	 0.06 
1362 	 0.0 	 0.05 
1363 	 0.0 	 0.05 
1364 	 0.0 	 0.04 
1365 	 0.0 	 0.04 
1366 	 0.0 	 0.04 
1367 	 0.0 	 0.05 
1368 	 0.0 	 0.04 
1369 	 0.0 	 0.04 
1370 	 0.0 	 0.05 
1371 	 0.0 	 0.04 
1372 	 0.0 	 0.05 
1373 	 0.0 	 0.05 
1374 	 0.0 	 0.03 
1375 	 0.0 	 0.05 
1376 	 0.0 	 0.04 
1377 	 0.0 	 0.04 
1378 	 0.0 	 0.04 
1379 	 0.0 	 0.05 
1380 	 0.0 	 0.04 
1381 	 0.0 	 0.05 
1382 	 0.0 	 0.02 
1383 	 0.0 	 0.05 
1384 	 0.0 	 0.04 
1385 	 0.0 	 0.03 
1386 	 0.0 	 0.02 
1387 	 0.0 	 0.03 
1388 	 0.0 	 0.05 
1389 	 0.0 	 0.04 
1390 	 0.0 	 0.03 
1391 	 0.0 	 0.03 
1392 	 0.0 	 0.04 
1393 	 0.0 	 0.04 
1394 	 0.0 	 0.04 
1395 	 0.0 	 0.02 
1396 	 0.0 	 0.05 
1397 	 0.0 	 0.04 
1398 	 0.0 	 0.02 
1399 	 0.0 	 0.06 
1400 	 0.0 	 0.03 
1401 	 0.0 	 0.05 
1402 	 0.0 	 0.03 
1403 	 0.0 	 0.03 
1404 	 0.0 	 0.03 
1405 	 0.0 	 0.02 
1406 	 0.0 	 0.02 
1407 	 0.0 	 0.02 
1408 	 0.0 	 0.05 
1409 	 0.0 	 0.03 
1410 	 0.0 	 0.03 
1411 	 0.0 	 0.03 
1412 	 0.0 	 0.04 
1413 	 0.0 	 0.03 
1414 	 0.0 	 0.04 
1415 	 0.0 	 0.06 
1416 	 0.0 	 0.02 
1417 	 0.0 	 0.03 
1418 	 0.0 	 0.02 
1419 	 0.0 	 0.04 
1420 	 0.0 	 0.02 
1421 	 0.0 	 0.03 
1422 	 0.0 	 0.03 
1423 	 0.0 	 0.04 
1424 	 0.0 	 0.03 
1425 	 0.0 	 0.03 
1426 	 0.0 	 0.03 
1427 	 0.0 	 0.03 
1428 	 0.0 	 0.02 
1429 	 0.0 	 0.03 
1430 	 0.0 	 0.02 
1431 	 0.0 	 0.02 
1432 	 0.0 	 0.02 
1433 	 0.0 	 0.02 
1434 	 0.0 	 0.02 
1435 	 0.0 	 0.03 
1436 	 0.0 	 0.02 
1437 	 0.0 	 0.03 
1438 	 0.0 	 0.02 
1439 	 0.0 	 0.02 
1440 	 0.0 	 0.03 
1441 	 0.0 	 0.02 
1442 	 0.0 	 0.02 
1443 	 0.0 	 0.03 
1444 	 0.0 	 0.03 
1445 	 0.0 	 0.02 
1446 	 0.0 	 0.02 
1447 	 0.0 	 0.03 
1448 	 0.0 	 0.03 
1449 	 0.0 	 0.03 
1450 	 0.0 	 0.03 
1451 	 0.0 	 0.03 
1452 	 0.0 	 0.02 
1453 	 0.0 	 0.02 
1454 	 0.0 	 0.02 
1455 	 0.0 	 0.02 
1456 	 0.0 	 0.02 
1457 	 0.0 	 0.03 
1458 	 0.0 	 0.02 
1459 	 0.0 	 0.01 
1460 	 0.0 	 0.02 
1461 	 0.0 	 0.02 
1462 	 0.0 	 0.01 
1463 	 0.0 	 0.02 
1464 	 0.0 	 0.02 
1465 	 0.0 	 0.02 
1466 	 0.0 	 0.02 
1467 	 0.0 	 0.02 
1468 	 0.0 	 0.03 
1469 	 0.0 	 0.02 
1470 	 0.0 	 0.02 
1471 	 0.0 	 0.02 
1472 	 0.0 	 0.02 
1473 	 0.0 	 0.02 
1474 	 0.0 	 0.02 
1475 	 0.0 	 0.02 
1476 	 0.0 	 0.01 
1477 	 0.0 	 0.02 
1478 	 0.0 	 0.02 
1479 	 0.0 	 0.02 
1480 	 0.0 	 0.02 
1481 	 0.0 	 0.02 
1482 	 0.0 	 0.02 
1483 	 0.0 	 0.01 
1484 	 0.0 	 0.02 
1485 	 0.0 	 0.02 
1486 	 0.0 	 0.02 
1487 	 0.0 	 0.02 
1488 	 0.0 	 0.02 
1489 	 0.0 	 0.02 
1490 	 0.0 	 0.02 
1491 	 0.0 	 0.01 
1492 	 0.0 	 0.02 
1493 	 0.0 	 0.02 
1494 	 0.0 	 0.01 
1495 	 0.0 	 0.01 
1496 	 0.0 	 0.01 
1497 	 0.0 	 0.02 
1498 	 0.0 	 0.01 
1499 	 0.0 	 0.02 
1500 	 0.0 	 0.02 
1501 	 0.0 	 0.02 
1502 	 0.0 	 0.01 
1503 	 0.0 	 0.01 
1504 	 0.0 	 0.01 
1505 	 0.0 	 0.01 
1506 	 0.0 	 0.02 
1507 	 0.0 	 0.01 
1508 	 0.0 	 0.01 
1509 	 0.0 	 0.01 
1510 	 0.0 	 0.01 
1511 	 0.0 	 0.01 
1512 	 0.0 	 0.01 
1513 	 0.0 	 0.01 
1514 	 0.0 	 0.01 
1515 	 0.0 	 0.02 
1516 	 0.0 	 0.01 
1517 	 0.0 	 0.01 
1518 	 0.0 	 0.01 
1519 	 0.0 	 0.01 
1520 	 0.0 	 0.01 
1521 	 0.0 	 0.01 
1522 	 0.0 	 0.01 
1523 	 0.0 	 0.01 
1524 	 0.0 	 0.01 
1525 	 0.0 	 0.01 
1526 	 0.0 	 0.01 
1527 	 0.0 	 0.02 
1528 	 0.0 	 0.01 
1529 	 0.0 	 0.01 
1530 	 0.0 	 0.01 
1531 	 0.0 	 0.01 
1532 	 0.0 	 0.01 
1533 	 0.0 	 0.01 
1534 	 0.0 	 0.01 
1535 	 0.0 	 0.01 
1536 	 0.0 	 0.01 
1537 	 0.0 	 0.01 
1538 	 0.0 	 0.01 
1539 	 0.0 	 0.01 
1540 	 0.0 	 0.01 
1541 	 0.0 	 0.01 
1542 	 0.0 	 0.01 
1543 	 0.0 	 0.01 
1544 	 0.0 	 0.01 
1545 	 0.0 	 0.01 
1546 	 0.0 	 0.01 
1547 	 0.0 	 0.01 
1548 	 0.0 	 0.01 
1549 	 0.0 	 0.01 
1550 	 0.0 	 0.01 
1551 	 0.0 	 0.01 
