1 	 0.0 	 0.00 
2 	 0.0 	 0.00 
3 	 0.0 	 0.00 
4 	 0.0 	 0.00 
5 	 0.0 	 0.00 
6 	 0.0 	 0.00 
7 	 0.0 	 0.00 
8 	 0.0 	 0.00 
9 	 0.0 	 0.00 
10 	 0.0 	 0.00 
11 	 0.0 	 0.00 
12 	 0.0 	 0.01 
13 	 0.0 	 0.00 
14 	 0.0 	 0.00 
15 	 0.0 	 0.00 
16 	 0.0 	 0.00 
17 	 0.0 	 0.00 
18 	 0.0 	 0.00 
19 	 0.0 	 0.00 
20 	 0.0 	 0.00 
21 	 0.0 	 0.01 
22 	 0.0 	 0.01 
23 	 0.0 	 0.00 
24 	 0.0 	 0.00 
25 	 0.0 	 0.00 
26 	 0.0 	 0.00 
27 	 0.0 	 0.00 
28 	 0.0 	 0.00 
29 	 0.0 	 0.00 
30 	 0.0 	 0.00 
31 	 0.0 	 0.00 
32 	 0.0 	 0.00 
33 	 0.0 	 0.00 
34 	 0.0 	 0.00 
35 	 0.0 	 0.00 
36 	 0.0 	 0.00 
37 	 0.0 	 0.00 
38 	 0.0 	 0.00 
39 	 0.0 	 0.00 
40 	 0.0 	 0.00 
41 	 0.0 	 0.00 
42 	 0.0 	 0.00 
43 	 0.0 	 0.01 
44 	 0.0 	 0.00 
45 	 0.0 	 0.00 
46 	 0.0 	 0.00 
47 	 0.0 	 0.00 
48 	 0.0 	 0.00 
49 	 0.0 	 0.00 
50 	 0.0 	 0.00 
51 	 0.0 	 0.00 
52 	 0.0 	 0.00 
53 	 0.0 	 0.01 
54 	 0.0 	 0.00 
55 	 0.0 	 0.00 
56 	 0.0 	 0.00 
57 	 0.0 	 0.00 
58 	 0.0 	 0.00 
59 	 0.0 	 0.51 
60 	 0.0 	 1.02 
61 	 0.0 	 0.98 
62 	 0.0 	 0.85 
63 	 0.0 	 0.76 
64 	 0.0 	 0.00 
65 	 0.0 	 0.00 
66 	 0.0 	 0.00 
67 	 0.0 	 0.00 
68 	 0.0 	 0.00 
69 	 0.0 	 0.01 
70 	 0.0 	 0.00 
71 	 0.0 	 0.00 
72 	 0.0 	 0.00 
73 	 0.0 	 0.00 
74 	 0.0 	 0.00 
75 	 0.0 	 0.00 
76 	 0.0 	 0.00 
77 	 0.0 	 0.00 
78 	 0.0 	 0.00 
79 	 0.0 	 1.28 
80 	 0.0 	 0.00 
81 	 0.0 	 0.00 
82 	 0.0 	 0.00 
83 	 0.0 	 0.00 
84 	 0.0 	 0.00 
85 	 0.0 	 0.00 
86 	 0.0 	 0.00 
87 	 0.0 	 0.00 
88 	 0.0 	 1.08 
89 	 0.0 	 0.01 
90 	 0.0 	 1.02 
91 	 0.0 	 1.04 
92 	 0.0 	 0.80 
93 	 0.0 	 0.73 
94 	 0.0 	 0.78 
95 	 0.0 	 0.57 
96 	 0.0 	 0.55 
97 	 0.0 	 0.54 
98 	 0.0 	 0.45 
99 	 0.0 	 0.47 
100 	 0.0 	 0.36 
101 	 0.0 	 0.00 
102 	 0.0 	 0.00 
103 	 0.0 	 0.93 
104 	 0.0 	 0.95 
105 	 0.0 	 0.80 
106 	 0.0 	 0.72 
107 	 0.0 	 0.61 
108 	 0.0 	 0.64 
109 	 0.0 	 0.48 
110 	 0.0 	 0.39 
111 	 0.0 	 0.30 
112 	 0.0 	 0.26 
113 	 0.0 	 0.19 
114 	 0.0 	 0.15 
116 	 0.0 	 0.19 
117 	 0.0 	 0.20 
118 	 0.0 	 0.23 
119 	 0.0 	 0.24 
120 	 0.0 	 0.30 
121 	 0.0 	 0.32 
122 	 0.0 	 0.40 
123 	 0.0 	 0.54 
124 	 0.0 	 0.66 
125 	 0.0 	 0.63 
126 	 0.0 	 0.72 
127 	 0.0 	 0.72 
128 	 0.0 	 0.74 
129 	 0.0 	 0.73 
130 	 0.0 	 0.73 
131 	 0.0 	 0.76 
132 	 0.0 	 0.65 
133 	 0.0 	 0.66 
134 	 0.0 	 0.64 
135 	 0.0 	 0.58 
136 	 0.0 	 0.54 
137 	 0.0 	 0.46 
138 	 0.0 	 0.37 
139 	 0.0 	 0.37 
140 	 0.0 	 0.34 
141 	 0.0 	 0.29 
142 	 0.0 	 0.27 
143 	 0.0 	 0.27 
144 	 0.0 	 0.31 
145 	 0.0 	 0.25 
146 	 0.0 	 0.19 
147 	 0.0 	 0.11 
148 	 0.0 	 0.05 
149 	 0.0 	 0.02 
150 	 0.0 	 0.00 
151 	 0.0 	 0.00 
152 	 0.0 	 0.00 
153 	 0.0 	 0.00 
154 	 0.0 	 0.04 
155 	 0.0 	 0.80 
156 	 0.0 	 0.01 
157 	 0.0 	 0.00 
158 	 0.0 	 0.00 
159 	 0.0 	 0.79 
160 	 0.0 	 1.09 
162 	 0.0 	 0.75 
163 	 0.0 	 0.56 
164 	 0.0 	 0.40 
165 	 0.0 	 0.41 
166 	 0.0 	 0.43 
167 	 0.0 	 0.00 
168 	 0.0 	 0.02 
169 	 0.0 	 0.77 
170 	 0.0 	 0.47 
171 	 0.0 	 0.32 
172 	 0.0 	 0.28 
173 	 0.0 	 0.26 
174 	 0.0 	 0.27 
175 	 0.0 	 0.24 
176 	 0.0 	 0.26 
177 	 0.0 	 0.27 
178 	 0.0 	 0.28 
179 	 0.0 	 0.22 
180 	 0.0 	 0.29 
181 	 0.0 	 0.33 
182 	 0.0 	 0.31 
183 	 0.0 	 0.33 
184 	 0.0 	 0.33 
185 	 0.0 	 0.34 
186 	 0.0 	 0.33 
187 	 0.0 	 0.28 
188 	 0.0 	 0.23 
189 	 0.0 	 0.14 
190 	 0.0 	 0.11 
191 	 0.0 	 0.05 
192 	 0.0 	 0.02 
193 	 0.0 	 0.02 
194 	 0.0 	 0.02 
195 	 0.0 	 0.02 
196 	 0.0 	 0.02 
197 	 0.0 	 0.02 
198 	 0.0 	 0.56 
199 	 0.0 	 0.52 
200 	 0.0 	 0.56 
201 	 0.0 	 0.60 
202 	 0.0 	 0.63 
203 	 0.0 	 0.68 
204 	 0.0 	 0.58 
205 	 0.0 	 0.49 
206 	 0.0 	 0.45 
207 	 0.0 	 0.40 
208 	 0.0 	 0.38 
209 	 0.0 	 0.38 
210 	 0.0 	 0.39 
211 	 0.0 	 0.38 
212 	 0.0 	 0.34 
213 	 0.0 	 0.33 
214 	 0.0 	 0.00 
215 	 0.0 	 0.00 
216 	 0.0 	 0.00 
217 	 0.0 	 0.00 
218 	 0.0 	 0.00 
219 	 0.0 	 0.01 
220 	 0.0 	 0.00 
221 	 0.0 	 0.00 
222 	 0.0 	 0.00 
223 	 0.0 	 0.00 
224 	 0.0 	 0.00 
225 	 0.0 	 0.00 
226 	 0.0 	 0.00 
227 	 0.0 	 0.00 
228 	 0.0 	 0.01 
229 	 0.0 	 0.00 
230 	 0.0 	 0.00 
231 	 0.0 	 0.88 
232 	 0.0 	 0.89 
233 	 0.0 	 0.81 
234 	 0.0 	 0.78 
235 	 0.0 	 0.65 
236 	 0.0 	 0.58 
237 	 0.0 	 0.47 
238 	 0.0 	 0.48 
240 	 0.0 	 0.38 
241 	 0.0 	 0.38 
242 	 0.0 	 0.34 
243 	 0.0 	 0.40 
244 	 0.0 	 0.34 
245 	 0.0 	 0.39 
246 	 0.0 	 0.51 
247 	 0.0 	 0.55 
248 	 0.0 	 0.65 
249 	 0.0 	 0.64 
250 	 0.0 	 0.63 
251 	 0.0 	 0.77 
252 	 0.0 	 0.74 
253 	 0.0 	 0.80 
254 	 0.0 	 0.68 
255 	 0.0 	 0.72 
256 	 0.0 	 0.68 
257 	 0.0 	 0.64 
258 	 0.0 	 0.54 
259 	 0.0 	 0.46 
260 	 0.0 	 0.47 
261 	 0.0 	 0.38 
262 	 0.0 	 0.36 
263 	 0.0 	 0.32 
264 	 0.0 	 0.27 
265 	 0.0 	 0.18 
266 	 0.0 	 0.06 
267 	 0.0 	 0.02 
268 	 0.0 	 0.02 
269 	 0.0 	 0.02 
270 	 0.0 	 0.02 
271 	 0.0 	 0.07 
272 	 0.0 	 0.13 
273 	 0.0 	 0.18 
274 	 0.0 	 0.24 
275 	 0.0 	 0.26 
276 	 0.0 	 0.29 
277 	 0.0 	 0.32 
278 	 0.0 	 0.34 
279 	 0.0 	 0.33 
280 	 0.0 	 0.32 
281 	 0.0 	 0.34 
282 	 0.0 	 0.34 
284 	 0.0 	 0.32 
285 	 0.0 	 0.35 
286 	 0.0 	 0.42 
287 	 0.0 	 0.51 
288 	 0.0 	 0.58 
289 	 0.0 	 0.66 
290 	 0.0 	 0.65 
291 	 0.0 	 0.75 
292 	 0.0 	 0.81 
293 	 0.0 	 0.79 
294 	 0.0 	 0.83 
295 	 0.0 	 0.79 
296 	 0.0 	 0.85 
297 	 0.0 	 0.81 
298 	 0.0 	 0.73 
299 	 0.0 	 0.83 
300 	 0.0 	 0.72 
301 	 0.0 	 0.66 
302 	 0.0 	 0.62 
303 	 0.0 	 0.52 
304 	 0.0 	 0.42 
305 	 0.0 	 0.41 
306 	 0.0 	 0.36 
307 	 0.0 	 0.32 
308 	 0.0 	 0.30 
309 	 0.0 	 0.30 
310 	 0.0 	 0.27 
311 	 0.0 	 0.28 
312 	 0.0 	 0.28 
313 	 0.0 	 0.33 
314 	 0.0 	 0.34 
315 	 0.0 	 0.46 
316 	 0.0 	 0.55 
317 	 0.0 	 0.59 
318 	 0.0 	 0.55 
319 	 0.0 	 0.52 
320 	 0.0 	 0.44 
321 	 0.0 	 0.41 
322 	 0.0 	 0.35 
323 	 0.0 	 0.34 
324 	 0.0 	 0.27 
325 	 0.0 	 0.21 
326 	 0.0 	 0.18 
327 	 0.0 	 0.17 
328 	 0.0 	 0.16 
329 	 0.0 	 0.15 
330 	 0.0 	 0.14 
331 	 0.0 	 0.09 
332 	 0.0 	 0.12 
333 	 0.0 	 0.11 
334 	 0.0 	 0.08 
335 	 0.0 	 0.16 
336 	 0.0 	 0.20 
337 	 0.0 	 0.26 
338 	 0.0 	 0.32 
339 	 0.0 	 0.35 
340 	 0.0 	 0.41 
341 	 0.0 	 0.41 
342 	 0.0 	 0.30 
343 	 0.0 	 0.18 
344 	 0.0 	 0.14 
345 	 0.0 	 0.15 
346 	 0.0 	 0.18 
347 	 0.0 	 0.25 
348 	 0.0 	 0.01 
349 	 0.0 	 0.00 
350 	 0.0 	 0.00 
351 	 0.0 	 0.00 
352 	 0.0 	 0.00 
353 	 0.0 	 0.00 
354 	 0.0 	 0.74 
355 	 0.0 	 0.92 
356 	 0.0 	 0.85 
357 	 0.0 	 0.80 
358 	 0.0 	 0.73 
359 	 0.0 	 0.61 
360 	 0.0 	 0.00 
361 	 0.0 	 0.00 
362 	 0.0 	 0.01 
363 	 0.0 	 0.93 
364 	 0.0 	 0.80 
365 	 0.0 	 0.82 
366 	 0.0 	 0.00 
367 	 0.0 	 0.00 
368 	 0.0 	 0.00 
369 	 0.0 	 0.00 
370 	 0.0 	 0.00 
371 	 0.0 	 1.00 
372 	 0.0 	 0.94 
373 	 0.0 	 0.80 
374 	 0.0 	 0.72 
375 	 0.0 	 0.74 
376 	 0.0 	 0.00 
377 	 0.0 	 0.00 
378 	 0.0 	 0.00 
379 	 0.0 	 0.39 
380 	 0.0 	 0.86 
381 	 0.0 	 0.78 
382 	 0.0 	 0.72 
383 	 0.0 	 0.64 
384 	 0.0 	 0.55 
385 	 0.0 	 0.43 
386 	 0.0 	 0.45 
387 	 0.0 	 0.42 
388 	 0.0 	 0.40 
389 	 0.0 	 0.42 
390 	 0.0 	 0.42 
391 	 0.0 	 0.38 
392 	 0.0 	 0.33 
393 	 0.0 	 0.40 
394 	 0.0 	 0.42 
395 	 0.0 	 0.43 
396 	 0.0 	 0.40 
397 	 0.0 	 0.43 
398 	 0.0 	 0.00 
399 	 0.0 	 0.00 
400 	 0.0 	 0.00 
401 	 0.0 	 0.00 
402 	 0.0 	 0.00 
403 	 0.0 	 0.00 
404 	 0.0 	 1.01 
405 	 0.0 	 0.89 
406 	 0.0 	 0.81 
407 	 0.0 	 0.78 
408 	 0.0 	 0.73 
409 	 0.0 	 0.64 
410 	 0.0 	 0.61 
411 	 0.0 	 0.51 
412 	 0.0 	 0.47 
413 	 0.0 	 0.50 
414 	 0.0 	 0.55 
415 	 0.0 	 0.53 
416 	 0.0 	 0.52 
417 	 0.0 	 0.51 
418 	 0.0 	 0.48 
419 	 0.0 	 0.52 
420 	 0.0 	 0.53 
421 	 0.0 	 0.53 
422 	 0.0 	 0.49 
423 	 0.0 	 0.49 
424 	 0.0 	 0.48 
425 	 0.0 	 0.58 
426 	 0.0 	 0.45 
427 	 0.0 	 0.49 
428 	 0.0 	 0.54 
429 	 0.0 	 0.52 
430 	 0.0 	 0.49 
431 	 0.0 	 0.53 
432 	 0.0 	 0.58 
433 	 0.0 	 0.53 
434 	 0.0 	 0.73 
435 	 0.0 	 0.03 
436 	 0.0 	 0.00 
437 	 0.0 	 0.00 
438 	 0.0 	 0.00 
439 	 0.0 	 0.00 
440 	 0.0 	 0.00 
441 	 0.0 	 0.00 
442 	 0.0 	 0.00 
443 	 0.0 	 0.00 
444 	 0.0 	 0.00 
445 	 0.0 	 0.00 
446 	 0.0 	 0.00 
447 	 0.0 	 0.00 
448 	 0.0 	 0.00 
449 	 0.0 	 0.00 
450 	 0.0 	 0.00 
451 	 0.0 	 0.00 
452 	 0.0 	 0.00 
453 	 0.0 	 0.01 
454 	 0.0 	 0.00 
455 	 0.0 	 0.67 
456 	 0.0 	 0.87 
457 	 0.0 	 0.93 
458 	 0.0 	 0.86 
459 	 0.0 	 0.78 
460 	 0.0 	 0.74 
461 	 0.0 	 0.72 
462 	 0.0 	 0.69 
463 	 0.0 	 0.61 
464 	 0.0 	 0.56 
465 	 0.0 	 0.48 
466 	 0.0 	 0.51 
467 	 0.0 	 0.57 
468 	 0.0 	 0.51 
469 	 0.0 	 0.47 
470 	 0.0 	 0.49 
471 	 0.0 	 0.48 
472 	 0.0 	 0.52 
473 	 0.0 	 0.49 
474 	 0.0 	 0.51 
475 	 0.0 	 0.44 
476 	 0.0 	 0.48 
477 	 0.0 	 0.60 
478 	 0.0 	 0.61 
479 	 0.0 	 0.51 
480 	 0.0 	 0.50 
481 	 0.0 	 0.49 
482 	 0.0 	 0.49 
483 	 0.0 	 0.48 
484 	 0.0 	 0.51 
485 	 0.0 	 0.56 
486 	 0.0 	 0.00 
487 	 0.0 	 0.00 
488 	 0.0 	 0.00 
489 	 0.0 	 0.00 
490 	 0.0 	 0.00 
491 	 0.0 	 0.00 
492 	 0.0 	 0.00 
493 	 0.0 	 0.00 
494 	 0.0 	 0.00 
495 	 0.0 	 1.02 
497 	 0.0 	 0.89 
498 	 0.0 	 0.75 
499 	 0.0 	 0.79 
500 	 0.0 	 0.75 
501 	 0.0 	 0.73 
502 	 0.0 	 0.71 
503 	 0.0 	 0.70 
504 	 0.0 	 0.65 
505 	 0.0 	 0.65 
506 	 0.0 	 0.54 
507 	 0.0 	 0.56 
508 	 0.0 	 0.49 
509 	 0.0 	 0.49 
510 	 0.0 	 0.43 
511 	 0.0 	 0.37 
512 	 0.0 	 0.38 
513 	 0.0 	 0.41 
514 	 0.0 	 0.37 
515 	 0.0 	 0.42 
516 	 0.0 	 0.44 
517 	 0.0 	 0.56 
518 	 0.0 	 0.57 
519 	 0.0 	 0.59 
520 	 0.0 	 0.67 
521 	 0.0 	 0.66 
522 	 0.0 	 0.70 
523 	 0.0 	 0.68 
524 	 0.0 	 0.78 
525 	 0.0 	 0.69 
526 	 0.0 	 0.64 
527 	 0.0 	 0.66 
528 	 0.0 	 0.67 
529 	 0.0 	 0.73 
530 	 0.0 	 0.64 
531 	 0.0 	 0.00 
532 	 0.0 	 0.00 
533 	 0.0 	 0.01 
534 	 0.0 	 0.00 
535 	 0.0 	 0.00 
536 	 0.0 	 0.00 
537 	 0.0 	 0.00 
538 	 0.0 	 0.00 
539 	 0.0 	 0.00 
540 	 0.0 	 0.00 
541 	 0.0 	 0.00 
542 	 0.0 	 0.00 
543 	 0.0 	 0.10 
544 	 0.0 	 1.04 
545 	 0.0 	 0.86 
546 	 0.0 	 0.99 
547 	 0.0 	 0.91 
548 	 0.0 	 0.89 
549 	 0.0 	 0.80 
550 	 0.0 	 0.76 
551 	 0.0 	 0.74 
552 	 0.0 	 0.67 
553 	 0.0 	 0.74 
554 	 0.0 	 0.70 
555 	 0.0 	 0.74 
556 	 0.0 	 0.70 
557 	 0.0 	 0.65 
558 	 0.0 	 0.76 
559 	 0.0 	 0.76 
560 	 0.0 	 0.68 
561 	 0.0 	 0.67 
562 	 0.0 	 0.00 
563 	 0.0 	 0.00 
564 	 0.0 	 0.00 
565 	 0.0 	 0.00 
566 	 0.0 	 0.00 
567 	 0.0 	 0.00 
568 	 0.0 	 0.00 
569 	 0.0 	 0.00 
570 	 0.0 	 0.00 
571 	 0.0 	 0.00 
572 	 0.0 	 0.00 
573 	 0.0 	 0.00 
574 	 0.0 	 0.00 
575 	 0.0 	 0.00 
576 	 0.0 	 0.00 
577 	 0.0 	 0.01 
578 	 0.0 	 0.00 
579 	 0.0 	 0.00 
580 	 0.0 	 0.00 
581 	 0.0 	 0.00 
582 	 0.0 	 0.01 
583 	 0.0 	 0.87 
584 	 0.0 	 0.95 
585 	 0.0 	 0.90 
586 	 0.0 	 0.82 
587 	 0.0 	 0.91 
588 	 0.0 	 0.81 
589 	 0.0 	 0.81 
590 	 0.0 	 0.86 
591 	 0.0 	 0.79 
592 	 0.0 	 0.77 
593 	 0.0 	 0.70 
594 	 0.0 	 0.77 
595 	 0.0 	 0.72 
596 	 0.0 	 0.69 
597 	 0.0 	 0.68 
598 	 0.0 	 0.61 
599 	 0.0 	 0.69 
600 	 0.0 	 0.68 
601 	 0.0 	 0.64 
602 	 0.0 	 0.71 
603 	 0.0 	 0.69 
604 	 0.0 	 0.64 
605 	 0.0 	 0.60 
606 	 0.0 	 0.67 
608 	 0.0 	 0.67 
609 	 0.0 	 0.66 
610 	 0.0 	 0.71 
611 	 0.0 	 0.66 
612 	 0.0 	 0.00 
613 	 0.0 	 0.00 
614 	 0.0 	 0.00 
615 	 0.0 	 1.05 
616 	 0.0 	 0.80 
617 	 0.0 	 0.88 
618 	 0.0 	 0.92 
619 	 0.0 	 0.86 
620 	 0.0 	 0.76 
621 	 0.0 	 0.67 
622 	 0.0 	 0.77 
623 	 0.0 	 0.00 
624 	 0.0 	 0.97 
625 	 0.0 	 0.81 
626 	 0.0 	 0.66 
627 	 0.0 	 0.66 
628 	 0.0 	 0.74 
629 	 0.0 	 0.67 
630 	 0.0 	 0.72 
631 	 0.0 	 0.93 
632 	 0.0 	 0.80 
633 	 0.0 	 0.84 
634 	 0.0 	 0.81 
635 	 0.0 	 0.84 
636 	 0.0 	 0.91 
637 	 0.0 	 0.87 
638 	 0.0 	 0.83 
639 	 0.0 	 0.85 
640 	 0.0 	 0.86 
641 	 0.0 	 0.86 
642 	 0.0 	 0.82 
643 	 0.0 	 0.83 
644 	 0.0 	 0.79 
645 	 0.0 	 0.86 
646 	 0.0 	 0.87 
647 	 0.0 	 0.83 
648 	 0.0 	 0.86 
649 	 0.0 	 0.78 
650 	 0.0 	 0.76 
651 	 0.0 	 0.74 
652 	 0.0 	 0.75 
653 	 0.0 	 0.75 
654 	 0.0 	 0.82 
655 	 0.0 	 0.77 
656 	 0.0 	 0.69 
657 	 0.0 	 0.72 
658 	 0.0 	 0.81 
659 	 0.0 	 0.78 
660 	 0.0 	 0.77 
661 	 0.0 	 0.71 
662 	 0.0 	 0.72 
663 	 0.0 	 0.80 
664 	 0.0 	 0.00 
665 	 0.0 	 0.00 
666 	 0.0 	 0.00 
667 	 0.0 	 0.01 
668 	 0.0 	 0.00 
669 	 0.0 	 0.00 
670 	 0.0 	 0.00 
671 	 0.0 	 0.00 
672 	 0.0 	 0.00 
673 	 0.0 	 0.00 
674 	 0.0 	 0.00 
675 	 0.0 	 0.00 
676 	 0.0 	 0.00 
677 	 0.0 	 0.00 
678 	 0.0 	 0.72 
679 	 0.0 	 0.85 
680 	 0.0 	 0.77 
681 	 0.0 	 0.85 
682 	 0.0 	 0.86 
683 	 0.0 	 0.80 
684 	 0.0 	 0.78 
685 	 0.0 	 0.82 
686 	 0.0 	 0.85 
687 	 0.0 	 0.81 
688 	 0.0 	 0.86 
689 	 0.0 	 0.72 
690 	 0.0 	 0.81 
691 	 0.0 	 0.80 
692 	 0.0 	 0.77 
693 	 0.0 	 0.74 
694 	 0.0 	 0.73 
695 	 0.0 	 0.76 
696 	 0.0 	 0.78 
697 	 0.0 	 0.01 
698 	 0.0 	 0.88 
699 	 0.0 	 0.80 
700 	 0.0 	 0.78 
701 	 0.0 	 0.73 
702 	 0.0 	 0.82 
703 	 0.0 	 0.76 
704 	 0.0 	 0.77 
705 	 0.0 	 0.76 
706 	 0.0 	 0.78 
707 	 0.0 	 0.80 
708 	 0.0 	 0.86 
709 	 0.0 	 0.76 
710 	 0.0 	 0.73 
711 	 0.0 	 0.81 
712 	 0.0 	 0.85 
713 	 0.0 	 0.80 
714 	 0.0 	 0.76 
715 	 0.0 	 0.80 
716 	 0.0 	 0.78 
717 	 0.0 	 0.78 
718 	 0.0 	 0.79 
719 	 0.0 	 0.83 
720 	 0.0 	 0.78 
721 	 0.0 	 0.87 
722 	 0.0 	 0.00 
723 	 0.0 	 0.00 
724 	 0.0 	 0.00 
725 	 0.0 	 0.62 
726 	 0.0 	 0.78 
727 	 0.0 	 0.64 
728 	 0.0 	 0.38 
729 	 0.0 	 0.27 
730 	 0.0 	 0.18 
731 	 0.0 	 0.10 
732 	 0.0 	 0.03 
733 	 0.0 	 0.03 
734 	 0.0 	 0.02 
735 	 0.0 	 0.02 
736 	 0.0 	 0.02 
737 	 0.0 	 0.02 
738 	 0.0 	 0.02 
739 	 0.0 	 0.02 
740 	 0.0 	 0.01 
741 	 0.0 	 0.03 
742 	 0.0 	 0.05 
743 	 0.0 	 0.03 
744 	 0.0 	 0.00 
745 	 0.0 	 0.00 
746 	 0.0 	 0.00 
747 	 0.0 	 0.00 
748 	 0.0 	 0.03 
749 	 0.0 	 0.74 
750 	 0.0 	 0.53 
751 	 0.0 	 0.32 
752 	 0.0 	 0.21 
753 	 0.0 	 0.14 
754 	 0.0 	 0.11 
755 	 0.0 	 0.07 
756 	 0.0 	 0.00 
757 	 0.0 	 0.00 
758 	 0.0 	 0.00 
759 	 0.0 	 0.00 
760 	 0.0 	 0.00 
761 	 0.0 	 0.00 
762 	 0.0 	 0.01 
763 	 0.0 	 0.93 
764 	 0.0 	 0.74 
765 	 0.0 	 0.42 
766 	 0.0 	 0.24 
767 	 0.0 	 0.15 
768 	 0.0 	 0.04 
769 	 0.0 	 0.02 
770 	 0.0 	 0.02 
771 	 0.0 	 0.00 
772 	 0.0 	 0.00 
773 	 0.0 	 0.00 
774 	 0.0 	 0.00 
775 	 0.0 	 0.75 
776 	 0.0 	 0.00 
777 	 0.0 	 0.00 
778 	 0.0 	 0.92 
779 	 0.0 	 0.68 
780 	 0.0 	 0.00 
781 	 0.0 	 0.00 
782 	 0.0 	 0.00 
783 	 0.0 	 0.87 
784 	 0.0 	 0.00 
785 	 0.0 	 0.00 
786 	 0.0 	 0.59 
787 	 0.0 	 0.86 
788 	 0.0 	 0.75 
789 	 0.0 	 0.75 
790 	 0.0 	 0.71 
791 	 0.0 	 0.71 
792 	 0.0 	 0.66 
793 	 0.0 	 0.00 
794 	 0.0 	 0.01 
795 	 0.0 	 0.59 
796 	 0.0 	 0.00 
797 	 0.0 	 0.00 
798 	 0.0 	 0.00 
799 	 0.0 	 0.85 
800 	 0.0 	 0.91 
801 	 0.0 	 0.82 
802 	 0.0 	 0.78 
803 	 0.0 	 0.69 
804 	 0.0 	 0.66 
805 	 0.0 	 0.61 
806 	 0.0 	 0.58 
807 	 0.0 	 0.52 
808 	 0.0 	 0.51 
809 	 0.0 	 0.44 
810 	 0.0 	 0.37 
811 	 0.0 	 0.30 
812 	 0.0 	 0.25 
813 	 0.0 	 0.23 
814 	 0.0 	 0.21 
815 	 0.0 	 0.22 
816 	 0.0 	 0.25 
817 	 0.0 	 0.29 
818 	 0.0 	 0.33 
819 	 0.0 	 0.29 
820 	 0.0 	 0.33 
821 	 0.0 	 0.34 
822 	 0.0 	 0.38 
823 	 0.0 	 0.39 
824 	 0.0 	 0.38 
825 	 0.0 	 0.41 
826 	 0.0 	 0.44 
827 	 0.0 	 0.36 
828 	 0.0 	 0.31 
829 	 0.0 	 0.26 
830 	 0.0 	 0.19 
831 	 0.0 	 0.10 
832 	 0.0 	 0.04 
833 	 0.0 	 0.01 
834 	 0.0 	 0.01 
835 	 0.0 	 0.00 
836 	 0.0 	 0.01 
837 	 0.0 	 0.00 
838 	 0.0 	 0.02 
839 	 0.0 	 0.75 
840 	 0.0 	 0.62 
841 	 0.0 	 0.01 
842 	 0.0 	 0.03 
843 	 0.0 	 0.73 
844 	 0.0 	 0.83 
845 	 0.0 	 0.86 
846 	 0.0 	 0.73 
847 	 0.0 	 0.62 
848 	 0.0 	 0.48 
849 	 0.0 	 0.00 
850 	 0.0 	 0.00 
851 	 0.0 	 0.01 
852 	 0.0 	 0.01 
853 	 0.0 	 0.01 
854 	 0.0 	 0.00 
855 	 0.0 	 1.11 
856 	 0.0 	 0.95 
857 	 0.0 	 0.83 
858 	 0.0 	 0.96 
859 	 0.0 	 0.01 
860 	 0.0 	 0.00 
861 	 0.0 	 0.00 
862 	 0.0 	 0.79 
863 	 0.0 	 0.94 
864 	 0.0 	 0.84 
865 	 0.0 	 0.73 
866 	 0.0 	 0.73 
867 	 0.0 	 0.75 
868 	 0.0 	 0.01 
869 	 0.0 	 0.00 
870 	 0.0 	 0.00 
871 	 0.0 	 0.26 
872 	 0.0 	 0.82 
873 	 0.0 	 0.78 
874 	 0.0 	 0.00 
875 	 0.0 	 0.01 
876 	 0.0 	 0.65 
877 	 0.0 	 0.82 
878 	 0.0 	 0.83 
879 	 0.0 	 0.78 
880 	 0.0 	 0.61 
881 	 0.0 	 0.58 
882 	 0.0 	 0.43 
883 	 0.0 	 0.45 
884 	 0.0 	 0.49 
885 	 0.0 	 0.45 
886 	 0.0 	 0.46 
887 	 0.0 	 0.51 
888 	 0.0 	 0.46 
889 	 0.0 	 0.53 
890 	 0.0 	 0.49 
891 	 0.0 	 0.45 
892 	 0.0 	 0.44 
893 	 0.0 	 0.42 
894 	 0.0 	 0.00 
895 	 0.0 	 0.00 
896 	 0.0 	 0.00 
897 	 0.0 	 0.00 
898 	 0.0 	 0.54 
899 	 0.0 	 0.81 
900 	 0.0 	 0.70 
901 	 0.0 	 0.64 
902 	 0.0 	 0.51 
903 	 0.0 	 0.45 
904 	 0.0 	 0.55 
905 	 0.0 	 0.60 
906 	 0.0 	 0.41 
907 	 0.0 	 0.44 
908 	 0.0 	 0.34 
909 	 0.0 	 0.28 
910 	 0.0 	 0.27 
911 	 0.0 	 0.24 
912 	 0.0 	 0.21 
913 	 0.0 	 0.18 
914 	 0.0 	 0.15 
915 	 0.0 	 0.18 
916 	 0.0 	 0.17 
917 	 0.0 	 0.19 
918 	 0.0 	 0.22 
919 	 0.0 	 0.26 
920 	 0.0 	 0.31 
921 	 0.0 	 0.35 
922 	 0.0 	 0.38 
923 	 0.0 	 0.33 
924 	 0.0 	 0.36 
925 	 0.0 	 0.31 
926 	 0.0 	 0.32 
927 	 0.0 	 0.32 
928 	 0.0 	 0.33 
929 	 0.0 	 0.27 
930 	 0.0 	 0.31 
931 	 0.0 	 0.28 
932 	 0.0 	 0.24 
934 	 0.0 	 0.18 
935 	 0.0 	 0.16 
936 	 0.0 	 0.14 
937 	 0.0 	 0.09 
938 	 0.0 	 0.03 
939 	 0.0 	 0.02 
940 	 0.0 	 0.02 
941 	 0.0 	 0.02 
942 	 0.0 	 0.02 
943 	 0.0 	 0.02 
944 	 0.0 	 0.02 
945 	 0.0 	 0.02 
946 	 0.0 	 0.02 
947 	 0.0 	 0.02 
948 	 0.0 	 0.04 
949 	 0.0 	 0.11 
950 	 0.0 	 0.17 
951 	 0.0 	 0.21 
952 	 0.0 	 0.22 
953 	 0.0 	 0.25 
954 	 0.0 	 0.12 
955 	 0.0 	 0.00 
956 	 0.0 	 0.00 
957 	 0.0 	 0.00 
958 	 0.0 	 0.01 
959 	 0.0 	 0.00 
960 	 0.0 	 0.00 
961 	 0.0 	 0.00 
962 	 0.0 	 0.00 
963 	 0.0 	 0.02 
964 	 0.0 	 0.50 
965 	 0.0 	 0.00 
966 	 0.0 	 0.00 
967 	 0.0 	 0.00 
968 	 0.0 	 0.00 
969 	 0.0 	 0.00 
970 	 0.0 	 0.01 
971 	 0.0 	 0.00 
972 	 0.0 	 0.02 
973 	 0.0 	 0.83 
974 	 0.0 	 0.77 
975 	 0.0 	 0.47 
976 	 0.0 	 0.33 
977 	 0.0 	 0.20 
978 	 0.0 	 0.19 
979 	 0.0 	 0.23 
980 	 0.0 	 0.20 
981 	 0.0 	 0.21 
982 	 0.0 	 0.25 
983 	 0.0 	 0.25 
984 	 0.0 	 0.25 
985 	 0.0 	 0.34 
986 	 0.0 	 0.40 
987 	 0.0 	 0.38 
988 	 0.0 	 0.42 
989 	 0.0 	 0.41 
990 	 0.0 	 0.00 
991 	 0.0 	 0.00 
992 	 0.0 	 0.00 
993 	 0.0 	 0.00 
994 	 0.0 	 0.00 
995 	 0.0 	 0.50 
996 	 0.0 	 0.91 
997 	 0.0 	 0.75 
998 	 0.0 	 0.70 
999 	 0.0 	 0.71 
1000 	 0.0 	 0.60 
1001 	 0.0 	 0.00 
1002 	 0.0 	 0.00 
1003 	 0.0 	 0.00 
1004 	 0.0 	 0.00 
1005 	 0.0 	 0.00 
1006 	 0.0 	 0.00 
1007 	 0.0 	 0.00 
1008 	 0.0 	 0.00 
1009 	 0.0 	 0.00 
1010 	 0.0 	 0.00 
1011 	 0.0 	 0.84 
1012 	 0.0 	 0.84 
1013 	 0.0 	 0.58 
1014 	 0.0 	 0.00 
1015 	 0.0 	 0.00 
1016 	 0.0 	 0.00 
1017 	 0.0 	 0.00 
1018 	 0.0 	 0.00 
1019 	 0.0 	 0.00 
1020 	 0.0 	 0.00 
1021 	 0.0 	 0.00 
1022 	 0.0 	 0.00 
1023 	 0.0 	 0.00 
1024 	 0.0 	 0.00 
1025 	 0.0 	 0.00 
1026 	 0.0 	 0.00 
1027 	 0.0 	 0.00 
1028 	 0.0 	 0.00 
1029 	 0.0 	 0.00 
1030 	 0.0 	 0.00 
1031 	 0.0 	 0.00 
1032 	 0.0 	 0.00 
1033 	 0.0 	 0.00 
1034 	 0.0 	 0.00 
1035 	 0.0 	 0.00 
1036 	 0.0 	 0.01 
1037 	 0.0 	 0.64 
1038 	 0.0 	 0.84 
1039 	 0.0 	 0.76 
1040 	 0.0 	 0.69 
1041 	 0.0 	 0.00 
1042 	 0.0 	 0.00 
1043 	 0.0 	 0.00 
1044 	 0.0 	 0.00 
1045 	 0.0 	 0.16 
1046 	 0.0 	 0.83 
1047 	 0.0 	 0.80 
1048 	 0.0 	 0.03 
1049 	 0.0 	 0.58 
1050 	 0.0 	 0.50 
1051 	 0.0 	 0.00 
1052 	 0.0 	 0.00 
1053 	 0.0 	 0.00 
1054 	 0.0 	 0.00 
1055 	 0.0 	 0.01 
1056 	 0.0 	 0.88 
1057 	 0.0 	 0.77 
1058 	 0.0 	 0.74 
1059 	 0.0 	 0.64 
1060 	 0.0 	 0.00 
1061 	 0.0 	 0.00 
1062 	 0.0 	 0.00 
1063 	 0.0 	 0.98 
1064 	 0.0 	 0.83 
1065 	 0.0 	 0.88 
1066 	 0.0 	 0.75 
1067 	 0.0 	 0.68 
1068 	 0.0 	 0.61 
1069 	 0.0 	 0.59 
1070 	 0.0 	 0.56 
1071 	 0.0 	 0.00 
1072 	 0.0 	 0.01 
1073 	 0.0 	 0.00 
1074 	 0.0 	 0.91 
1075 	 0.0 	 0.00 
1076 	 0.0 	 0.74 
1077 	 0.0 	 0.84 
1078 	 0.0 	 0.84 
1079 	 0.0 	 0.74 
1080 	 0.0 	 0.63 
1081 	 0.0 	 0.70 
1082 	 0.0 	 0.63 
1083 	 0.0 	 0.63 
1084 	 0.0 	 0.53 
1085 	 0.0 	 0.54 
1086 	 0.0 	 0.56 
1087 	 0.0 	 0.00 
1088 	 0.0 	 0.00 
1089 	 0.0 	 0.06 
1090 	 0.0 	 0.76 
1092 	 0.0 	 0.01 
1093 	 0.0 	 1.06 
1094 	 0.0 	 0.00 
1095 	 0.0 	 0.00 
1096 	 0.0 	 0.01 
1097 	 0.0 	 0.89 
1098 	 0.0 	 0.72 
1099 	 0.0 	 0.82 
1100 	 0.0 	 0.03 
1101 	 0.0 	 0.02 
1102 	 0.0 	 0.94 
1103 	 0.0 	 0.76 
1104 	 0.0 	 0.72 
1105 	 0.0 	 0.77 
1106 	 0.0 	 0.67 
1107 	 0.0 	 0.67 
1108 	 0.0 	 0.70 
1109 	 0.0 	 0.65 
1110 	 0.0 	 0.67 
1111 	 0.0 	 0.64 
1112 	 0.0 	 0.60 
1113 	 0.0 	 0.59 
1114 	 0.0 	 0.67 
1115 	 0.0 	 0.63 
1116 	 0.0 	 0.65 
1117 	 0.0 	 0.70 
1118 	 0.0 	 0.70 
1119 	 0.0 	 0.59 
1120 	 0.0 	 0.61 
1121 	 0.0 	 0.63 
1122 	 0.0 	 0.63 
1123 	 0.0 	 0.58 
1124 	 0.0 	 0.56 
1125 	 0.0 	 0.63 
1126 	 0.0 	 0.66 
1127 	 0.0 	 0.66 
1128 	 0.0 	 0.01 
1129 	 0.0 	 0.00 
1130 	 0.0 	 0.50 
1131 	 0.0 	 0.99 
1132 	 0.0 	 0.96 
1133 	 0.0 	 0.87 
1134 	 0.0 	 0.84 
1135 	 0.0 	 0.76 
1136 	 0.0 	 0.80 
1137 	 0.0 	 0.71 
1138 	 0.0 	 0.76 
1139 	 0.0 	 0.66 
1140 	 0.0 	 0.72 
1141 	 0.0 	 0.78 
1142 	 0.0 	 0.70 
1143 	 0.0 	 0.00 
1144 	 0.0 	 0.02 
1145 	 0.0 	 0.71 
1146 	 0.0 	 0.90 
1147 	 0.0 	 0.94 
1148 	 0.0 	 0.00 
1149 	 0.0 	 0.01 
1150 	 0.0 	 0.96 
1151 	 0.0 	 0.00 
1152 	 0.0 	 0.85 
1153 	 0.0 	 1.01 
1154 	 0.0 	 0.94 
1155 	 0.0 	 0.00 
1156 	 0.0 	 0.00 
1157 	 0.0 	 0.00 
1158 	 0.0 	 0.00 
1159 	 0.0 	 0.01 
1160 	 0.0 	 0.00 
1161 	 0.0 	 1.00 
1162 	 0.0 	 0.92 
1163 	 0.0 	 0.86 
1164 	 0.0 	 0.82 
1165 	 0.0 	 0.77 
1166 	 0.0 	 0.02 
1167 	 0.0 	 0.92 
1168 	 0.0 	 0.85 
1169 	 0.0 	 0.81 
1170 	 0.0 	 0.77 
1171 	 0.0 	 0.71 
1172 	 0.0 	 0.74 
1173 	 0.0 	 0.85 
1174 	 0.0 	 0.69 
1175 	 0.0 	 0.71 
1176 	 0.0 	 0.68 
1177 	 0.0 	 0.68 
1178 	 0.0 	 0.63 
1179 	 0.0 	 0.66 
1180 	 0.0 	 0.74 
1181 	 0.0 	 0.75 
1182 	 0.0 	 0.70 
1183 	 0.0 	 0.67 
1184 	 0.0 	 0.63 
1185 	 0.0 	 0.67 
1186 	 0.0 	 0.72 
1187 	 0.0 	 0.66 
1188 	 0.0 	 0.65 
1189 	 0.0 	 0.68 
1190 	 0.0 	 0.69 
1191 	 0.0 	 0.70 
1192 	 0.0 	 0.65 
1193 	 0.0 	 0.65 
1194 	 0.0 	 0.71 
1195 	 0.0 	 0.60 
1196 	 0.0 	 0.55 
1197 	 0.0 	 0.48 
1198 	 0.0 	 0.45 
1199 	 0.0 	 0.43 
1200 	 0.0 	 0.39 
1201 	 0.0 	 0.40 
1202 	 0.0 	 0.43 
1203 	 0.0 	 0.51 
1204 	 0.0 	 0.58 
1205 	 0.0 	 0.59 
1206 	 0.0 	 0.73 
1207 	 0.0 	 0.71 
1208 	 0.0 	 0.80 
1209 	 0.0 	 0.76 
1210 	 0.0 	 0.93 
1211 	 0.0 	 0.84 
1212 	 0.0 	 0.91 
1213 	 0.0 	 0.76 
1214 	 0.0 	 0.85 
1215 	 0.0 	 0.89 
1216 	 0.0 	 0.79 
1217 	 0.0 	 0.81 
1218 	 0.0 	 0.85 
1219 	 0.0 	 0.78 
1220 	 0.0 	 0.88 
1221 	 0.0 	 0.00 
1222 	 0.0 	 0.00 
1223 	 0.0 	 0.00 
1224 	 0.0 	 0.00 
1225 	 0.0 	 0.01 
1226 	 0.0 	 0.01 
1227 	 0.0 	 0.00 
1228 	 0.0 	 0.00 
1229 	 0.0 	 0.00 
1230 	 0.0 	 0.00 
1231 	 0.0 	 0.01 
1232 	 0.0 	 0.00 
1233 	 0.0 	 0.01 
1234 	 0.0 	 0.00 
1235 	 0.0 	 0.00 
1236 	 0.0 	 0.01 
1237 	 0.0 	 0.80 
1238 	 0.0 	 0.88 
1239 	 0.0 	 1.01 
1240 	 0.0 	 0.78 
1241 	 0.0 	 0.78 
1242 	 0.0 	 0.77 
1243 	 0.0 	 0.69 
1244 	 0.0 	 0.76 
1245 	 0.0 	 0.83 
1246 	 0.0 	 0.91 
1247 	 0.0 	 0.94 
1248 	 0.0 	 0.91 
1249 	 0.0 	 0.93 
1250 	 0.0 	 0.86 
1251 	 0.0 	 0.93 
1252 	 0.0 	 0.99 
1253 	 0.0 	 0.75 
1254 	 0.0 	 0.77 
1255 	 0.0 	 0.76 
1256 	 0.0 	 0.80 
1257 	 0.0 	 0.72 
1258 	 0.0 	 0.66 
1259 	 0.0 	 0.73 
1260 	 0.0 	 0.81 
1261 	 0.0 	 0.87 
1262 	 0.0 	 0.83 
1263 	 0.0 	 0.82 
1264 	 0.0 	 0.72 
1265 	 0.0 	 0.81 
1266 	 0.0 	 0.69 
1267 	 0.0 	 0.80 
1268 	 0.0 	 0.82 
1269 	 0.0 	 0.87 
1270 	 0.0 	 0.76 
1271 	 0.0 	 0.68 
1272 	 0.0 	 0.64 
1273 	 0.0 	 0.63 
1274 	 0.0 	 0.63 
1275 	 0.0 	 0.61 
1276 	 0.0 	 0.62 
1277 	 0.0 	 0.62 
1278 	 0.0 	 0.73 
1279 	 0.0 	 0.87 
1280 	 0.0 	 0.88 
1281 	 0.0 	 0.87 
1282 	 0.0 	 0.94 
1283 	 0.0 	 0.92 
1284 	 0.0 	 0.93 
1285 	 0.0 	 0.85 
1286 	 0.0 	 0.75 
1287 	 0.0 	 0.97 
1288 	 0.0 	 0.99 
1289 	 0.0 	 0.82 
1290 	 0.0 	 0.81 
1291 	 0.0 	 0.90 
1292 	 0.0 	 0.90 
1293 	 0.0 	 1.09 
1294 	 0.0 	 0.99 
1295 	 0.0 	 0.65 
1296 	 0.0 	 0.90 
1297 	 0.0 	 0.90 
1298 	 0.0 	 0.81 
1299 	 0.0 	 0.87 
1300 	 0.0 	 0.90 
1301 	 0.0 	 0.71 
1302 	 0.0 	 0.96 
1303 	 0.0 	 0.68 
1304 	 0.0 	 0.84 
1305 	 0.0 	 0.90 
1306 	 0.0 	 0.95 
1307 	 0.0 	 0.92 
1308 	 0.0 	 0.73 
1309 	 0.0 	 0.72 
1310 	 0.0 	 0.64 
1311 	 0.0 	 0.84 
1312 	 0.0 	 1.05 
1313 	 0.0 	 0.72 
1314 	 0.0 	 0.70 
1315 	 0.0 	 0.72 
1316 	 0.0 	 0.87 
1317 	 0.0 	 1.02 
1318 	 0.0 	 0.91 
1319 	 0.0 	 0.94 
1320 	 0.0 	 0.86 
1321 	 0.0 	 0.85 
1322 	 0.0 	 0.70 
1323 	 0.0 	 0.70 
1324 	 0.0 	 0.87 
1325 	 0.0 	 0.88 
1326 	 0.0 	 0.64 
1327 	 0.0 	 0.86 
1328 	 0.0 	 0.71 
1329 	 0.0 	 0.85 
1330 	 0.0 	 0.75 
1331 	 0.0 	 0.77 
1332 	 0.0 	 0.90 
1333 	 0.0 	 0.85 
1334 	 0.0 	 0.84 
1335 	 0.0 	 0.87 
1336 	 0.0 	 0.75 
1337 	 0.0 	 0.83 
1338 	 0.0 	 0.98 
1339 	 0.0 	 0.87 
1340 	 0.0 	 0.82 
1341 	 0.0 	 0.78 
1342 	 0.0 	 0.93 
1343 	 0.0 	 0.93 
1344 	 0.0 	 0.87 
1345 	 0.0 	 0.83 
1346 	 0.0 	 0.71 
1347 	 0.0 	 0.74 
1348 	 0.0 	 0.72 
1349 	 0.0 	 0.76 
1350 	 0.0 	 0.67 
1351 	 0.0 	 0.69 
1352 	 0.0 	 0.98 
1353 	 0.0 	 0.92 
1354 	 0.0 	 0.95 
1355 	 0.0 	 0.82 
1356 	 0.0 	 0.87 
1357 	 0.0 	 0.91 
1358 	 0.0 	 0.68 
1359 	 0.0 	 0.79 
1360 	 0.0 	 0.80 
1361 	 0.0 	 0.89 
1362 	 0.0 	 0.78 
1363 	 0.0 	 0.73 
1364 	 0.0 	 0.78 
1365 	 0.0 	 1.00 
1366 	 0.0 	 0.81 
1367 	 0.0 	 0.71 
1368 	 0.0 	 0.73 
1369 	 0.0 	 0.85 
1370 	 0.0 	 0.95 
1371 	 0.0 	 0.81 
1372 	 0.0 	 0.77 
1373 	 0.0 	 0.83 
1374 	 0.0 	 0.95 
1375 	 0.0 	 0.84 
1376 	 0.0 	 0.84 
1377 	 0.0 	 0.85 
1378 	 0.0 	 0.98 
1379 	 0.0 	 0.87 
1380 	 0.0 	 0.74 
1381 	 0.0 	 0.64 
1382 	 0.0 	 0.63 
1383 	 0.0 	 0.76 
1384 	 0.0 	 0.84 
1385 	 0.0 	 0.67 
1386 	 0.0 	 0.84 
1387 	 0.0 	 0.93 
1388 	 0.0 	 0.64 
1389 	 0.0 	 0.93 
1390 	 0.0 	 0.85 
1391 	 0.0 	 0.80 
1392 	 0.0 	 0.73 
1393 	 0.0 	 0.65 
1394 	 0.0 	 0.79 
1395 	 0.0 	 0.72 
1396 	 0.0 	 0.83 
1397 	 0.0 	 0.85 
1398 	 0.0 	 0.91 
1399 	 0.0 	 0.59 
1400 	 0.0 	 0.70 
1401 	 0.0 	 0.83 
1402 	 0.0 	 0.56 
1403 	 0.0 	 0.71 
1404 	 0.0 	 0.86 
1405 	 0.0 	 0.45 
1406 	 0.0 	 0.65 
1407 	 0.0 	 0.75 
1408 	 0.0 	 0.79 
1409 	 0.0 	 0.63 
1410 	 0.0 	 0.76 
1411 	 0.0 	 0.57 
1412 	 0.0 	 0.66 
1413 	 0.0 	 0.79 
1414 	 0.0 	 0.84 
1415 	 0.0 	 0.71 
1416 	 0.0 	 0.81 
1418 	 0.0 	 0.84 
1419 	 0.0 	 0.73 
1420 	 0.0 	 0.95 
1421 	 0.0 	 0.61 
1422 	 0.0 	 0.73 
1423 	 0.0 	 0.62 
1424 	 0.0 	 0.78 
1425 	 0.0 	 0.63 
1426 	 0.0 	 0.57 
1427 	 0.0 	 0.53 
1428 	 0.0 	 0.59 
1429 	 0.0 	 0.84 
1430 	 0.0 	 0.66 
1431 	 0.0 	 0.81 
1432 	 0.0 	 0.74 
1433 	 0.0 	 0.67 
1434 	 0.0 	 0.74 
1435 	 0.0 	 0.73 
1436 	 0.0 	 0.64 
1437 	 0.0 	 0.66 
1438 	 0.0 	 0.56 
1439 	 0.0 	 0.56 
1440 	 0.0 	 0.68 
1441 	 0.0 	 0.68 
1442 	 0.0 	 0.65 
1443 	 0.0 	 0.76 
1444 	 0.0 	 0.62 
1445 	 0.0 	 0.61 
1446 	 0.0 	 0.58 
1447 	 0.0 	 0.54 
1448 	 0.0 	 0.67 
1449 	 0.0 	 0.59 
1450 	 0.0 	 0.52 
1451 	 0.0 	 0.41 
1452 	 0.0 	 0.47 
1453 	 0.0 	 0.51 
1454 	 0.0 	 0.57 
1455 	 0.0 	 0.53 
1456 	 0.0 	 0.62 
1457 	 0.0 	 0.56 
1458 	 0.0 	 0.15 
1459 	 0.0 	 0.68 
1460 	 0.0 	 0.56 
1461 	 0.0 	 0.62 
1462 	 0.0 	 0.56 
1463 	 0.0 	 0.64 
1464 	 0.0 	 0.54 
1465 	 0.0 	 0.73 
1466 	 0.0 	 0.52 
1467 	 0.0 	 0.49 
1468 	 0.0 	 0.47 
1469 	 0.0 	 0.08 
1470 	 0.0 	 0.46 
1471 	 0.0 	 0.53 
1472 	 0.0 	 0.61 
1473 	 0.0 	 0.42 
1474 	 0.0 	 0.60 
1475 	 0.0 	 0.47 
1476 	 0.0 	 0.48 
1477 	 0.0 	 0.50 
1478 	 0.0 	 0.40 
1479 	 0.0 	 0.55 
1480 	 0.0 	 0.48 
1481 	 0.0 	 0.38 
1482 	 0.0 	 0.34 
1483 	 0.0 	 0.48 
1484 	 0.0 	 0.37 
1485 	 0.0 	 0.50 
1486 	 0.0 	 0.38 
1487 	 0.0 	 0.36 
1488 	 0.0 	 0.39 
1489 	 0.0 	 0.33 
1490 	 0.0 	 0.42 
1491 	 0.0 	 0.38 
1492 	 0.0 	 0.34 
1493 	 0.0 	 0.43 
1494 	 0.0 	 0.40 
1495 	 0.0 	 0.37 
1496 	 0.0 	 0.45 
1497 	 0.0 	 0.40 
1498 	 0.0 	 0.44 
1499 	 0.0 	 0.28 
1500 	 0.0 	 0.27 
1501 	 0.0 	 0.37 
1502 	 0.0 	 0.32 
1503 	 0.0 	 0.31 
1504 	 0.0 	 0.32 
1505 	 0.0 	 0.29 
1506 	 0.0 	 0.24 
1507 	 0.0 	 0.21 
1508 	 0.0 	 0.19 
1509 	 0.0 	 0.18 
1510 	 0.0 	 0.16 
1511 	 0.0 	 0.19 
1512 	 0.0 	 0.20 
1513 	 0.0 	 0.18 
1514 	 0.0 	 0.24 
1515 	 0.0 	 0.28 
1516 	 0.0 	 0.20 
1517 	 0.0 	 0.42 
1518 	 0.0 	 0.35 
1519 	 0.0 	 0.64 
1520 	 0.0 	 0.41 
1521 	 0.0 	 0.40 
1522 	 0.0 	 0.34 
1523 	 0.0 	 0.38 
1524 	 0.0 	 0.16 
1525 	 0.0 	 0.37 
1526 	 0.0 	 0.35 
1527 	 0.0 	 0.19 
1528 	 0.0 	 0.18 
1529 	 0.0 	 0.29 
1530 	 0.0 	 0.37 
1531 	 0.0 	 0.43 
1532 	 0.0 	 0.12 
1533 	 0.0 	 0.44 
1534 	 0.0 	 0.24 
1535 	 0.0 	 0.46 
1536 	 0.0 	 0.00 
1537 	 0.0 	 0.35 
1538 	 0.0 	 0.00 
1539 	 0.0 	 0.51 
1540 	 0.0 	 0.00 
1541 	 0.0 	 0.00 
1542 	 0.0 	 0.13 
1543 	 0.0 	 0.00 
1544 	 0.0 	 0.00 
1545 	 0.0 	 0.41 
1546 	 0.0 	 0.17 
1547 	 0.0 	 0.30 
1548 	 0.0 	 0.19 
1549 	 0.0 	 0.33 
1550 	 0.0 	 0.10 
1551 	 0.0 	 0.37 
