1 	 0.0 	 21.91 
2 	 0.0 	 21.87 
3 	 0.0 	 21.78 
4 	 0.0 	 21.78 
5 	 0.0 	 21.78 
6 	 0.0 	 21.91 
7 	 0.0 	 21.78 
8 	 0.0 	 21.78 
9 	 0.0 	 21.78 
10 	 0.0 	 21.87 
11 	 0.0 	 21.51 
12 	 0.0 	 21.78 
13 	 0.0 	 21.78 
14 	 0.0 	 21.78 
15 	 0.0 	 21.95 
16 	 0.0 	 21.78 
17 	 0.0 	 22.00 
18 	 0.0 	 22.04 
19 	 0.0 	 22.27 
20 	 0.0 	 22.27 
21 	 0.0 	 22.13 
22 	 0.0 	 22.04 
23 	 0.0 	 22.99 
24 	 0.0 	 23.76 
25 	 0.0 	 24.45 
26 	 0.0 	 24.45 
27 	 0.0 	 24.12 
32 	 0.0 	 24.08 
34 	 0.0 	 24.49 
44 	 0.0 	 27.22 
45 	 0.0 	 27.41 
50 	 0.0 	 29.02 
62 	 0.0 	 31.71 
63 	 0.0 	 32.29 
64 	 0.0 	 31.51 
66 	 0.0 	 31.87 
67 	 0.0 	 31.87 
69 	 0.0 	 27.41 
70 	 0.0 	 31.45 
77 	 0.0 	 33.95 
78 	 0.0 	 33.68 
80 	 0.0 	 33.63 
84 	 0.0 	 33.73 
92 	 0.0 	 33.95 
95 	 0.0 	 34.89 
101 	 0.0 	 35.34 
102 	 0.0 	 35.34 
106 	 0.0 	 34.50 
113 	 0.0 	 37.23 
116 	 0.0 	 37.65 
120 	 0.0 	 39.59 
126 	 0.0 	 39.59 
127 	 0.0 	 38.91 
130 	 0.0 	 38.79 
131 	 0.0 	 38.67 
132 	 0.0 	 39.59 
138 	 0.0 	 40.09 
156 	 0.0 	 41.56 
157 	 0.0 	 41.56 
161 	 0.0 	 41.56 
166 	 0.0 	 41.56 
170 	 0.0 	 41.56 
176 	 0.0 	 45.55 
180 	 0.0 	 46.65 
181 	 0.0 	 46.65 
182 	 0.0 	 46.72 
186 	 0.0 	 47.87 
189 	 0.0 	 47.25 
190 	 0.0 	 47.25 
192 	 0.0 	 47.40 
193 	 0.0 	 47.56 
195 	 0.0 	 47.87 
198 	 0.0 	 48.88 
199 	 0.0 	 49.12 
200 	 0.0 	 48.49 
202 	 0.0 	 49.20 
203 	 0.0 	 48.49 
205 	 0.0 	 49.20 
207 	 0.0 	 49.77 
208 	 0.0 	 49.77 
211 	 0.0 	 49.77 
212 	 0.0 	 48.65 
214 	 0.0 	 49.12 
221 	 0.0 	 48.88 
227 	 0.0 	 30.68 
231 	 0.0 	 50.18 
237 	 0.0 	 50.43 
242 	 0.0 	 52.58 
260 	 0.0 	 54.68 
261 	 0.0 	 53.93 
269 	 0.0 	 57.33 
270 	 0.0 	 57.84 
278 	 0.0 	 55.73 
283 	 0.0 	 57.02 
285 	 0.0 	 57.02 
296 	 0.0 	 60.43 
302 	 0.0 	 63.26 
303 	 0.0 	 62.29 
305 	 0.0 	 64.13 
309 	 0.0 	 64.13 
314 	 0.0 	 64.13 
316 	 0.0 	 64.13 
319 	 0.0 	 71.19 
325 	 0.0 	 73.67 
330 	 0.0 	 64.13 
334 	 0.0 	 71.83 
343 	 0.0 	 73.67 
346 	 0.0 	 76.54 
365 	 0.0 	 71.83 
368 	 0.0 	 73.67 
373 	 0.0 	 71.83 
379 	 0.0 	 71.03 
388 	 0.0 	 64.13 
392 	 0.0 	 70.25 
395 	 0.0 	 70.25 
397 	 0.0 	 71.83 
398 	 0.0 	 71.51 
399 	 0.0 	 71.19 
414 	 0.0 	 64.13 
416 	 0.0 	 64.13 
417 	 0.0 	 64.13 
419 	 0.0 	 64.13 
423 	 0.0 	 71.03 
429 	 0.0 	 71.51 
439 	 0.0 	 71.03 
441 	 0.0 	 64.13 
442 	 0.0 	 71.03 
444 	 0.0 	 71.03 
445 	 0.0 	 71.03 
451 	 0.0 	 69.05 
452 	 0.0 	 64.13 
459 	 0.0 	 64.13 
462 	 0.0 	 64.13 
464 	 0.0 	 64.13 
465 	 0.0 	 64.13 
466 	 0.0 	 64.13 
467 	 0.0 	 63.38 
470 	 0.0 	 62.89 
478 	 0.0 	 62.89 
480 	 0.0 	 63.26 
481 	 0.0 	 63.38 
482 	 0.0 	 62.53 
488 	 0.0 	 60.43 
489 	 0.0 	 60.43 
500 	 0.0 	 60.43 
501 	 0.0 	 60.43 
502 	 0.0 	 61.00 
503 	 0.0 	 60.77 
504 	 0.0 	 59.00 
505 	 0.0 	 60.43 
508 	 0.0 	 60.43 
511 	 0.0 	 59.55 
513 	 0.0 	 61.35 
515 	 0.0 	 60.43 
518 	 0.0 	 60.43 
520 	 0.0 	 59.55 
523 	 0.0 	 60.43 
525 	 0.0 	 61.46 
528 	 0.0 	 60.89 
530 	 0.0 	 62.29 
531 	 0.0 	 62.29 
533 	 0.0 	 63.26 
535 	 0.0 	 63.63 
540 	 0.0 	 61.46 
547 	 0.0 	 64.13 
549 	 0.0 	 64.13 
554 	 0.0 	 64.13 
555 	 0.0 	 64.13 
568 	 0.0 	 69.49 
578 	 0.0 	 73.67 
581 	 0.0 	 69.95 
582 	 0.0 	 71.03 
584 	 0.0 	 73.67 
585 	 0.0 	 73.67 
586 	 0.0 	 73.67 
593 	 0.0 	 73.67 
599 	 0.0 	 75.07 
600 	 0.0 	 73.67 
609 	 0.0 	 72.16 
612 	 0.0 	 73.84 
614 	 0.0 	 75.07 
615 	 0.0 	 73.67 
616 	 0.0 	 73.84 
624 	 0.0 	 79.93 
638 	 0.0 	 85.21 
640 	 0.0 	 83.50 
658 	 0.0 	 97.31 
659 	 0.0 	 97.31 
662 	 0.0 	 97.31 
678 	 0.0 	 99.21 
684 	 0.0 	 100.41 
685 	 0.0 	 103.86 
686 	 0.0 	 100.82 
693 	 0.0 	 97.68 
694 	 0.0 	 100.82 
696 	 0.0 	 103.86 
699 	 0.0 	 103.86 
700 	 0.0 	 86.49 
706 	 0.0 	 104.78 
709 	 0.0 	 104.32 
712 	 0.0 	 104.32 
729 	 0.0 	 103.86 
734 	 0.0 	 103.86 
740 	 0.0 	 103.86 
743 	 0.0 	 99.21 
744 	 0.0 	 97.31 
755 	 0.0 	 97.31 
766 	 0.0 	 97.31 
767 	 0.0 	 91.89 
