1 	 0.0 	 21.91 
2 	 0.0 	 21.91 
3 	 0.0 	 21.78 
4 	 0.0 	 21.78 
5 	 0.0 	 21.95 
6 	 0.0 	 21.42 
7 	 0.0 	 21.82 
8 	 0.0 	 22.00 
9 	 0.0 	 21.95 
10 	 0.0 	 21.78 
11 	 0.0 	 21.51 
12 	 0.0 	 21.51 
13 	 0.0 	 21.78 
14 	 0.0 	 21.95 
15 	 0.0 	 21.91 
16 	 0.0 	 21.82 
17 	 0.0 	 21.91 
18 	 0.0 	 21.78 
19 	 0.0 	 22.27 
20 	 0.0 	 22.27 
21 	 0.0 	 22.04 
22 	 0.0 	 22.27 
23 	 0.0 	 22.63 
24 	 0.0 	 23.71 
25 	 0.0 	 24.08 
26 	 0.0 	 24.12 
27 	 0.0 	 23.85 
28 	 0.0 	 24.45 
29 	 0.0 	 23.85 
30 	 0.0 	 23.48 
31 	 0.0 	 23.94 
32 	 0.0 	 23.71 
33 	 0.0 	 24.63 
34 	 0.0 	 24.63 
35 	 0.0 	 24.54 
36 	 0.0 	 24.45 
37 	 0.0 	 24.03 
38 	 0.0 	 25.42 
39 	 0.0 	 26.08 
40 	 0.0 	 27.07 
41 	 0.0 	 27.41 
43 	 0.0 	 26.93 
44 	 0.0 	 27.41 
45 	 0.0 	 27.41 
46 	 0.0 	 28.63 
47 	 0.0 	 27.41 
48 	 0.0 	 29.02 
49 	 0.0 	 29.02 
50 	 0.0 	 29.02 
51 	 0.0 	 29.02 
52 	 0.0 	 29.02 
53 	 0.0 	 27.41 
54 	 0.0 	 28.68 
55 	 0.0 	 29.32 
56 	 0.0 	 29.97 
57 	 0.0 	 29.87 
58 	 0.0 	 30.63 
59 	 0.0 	 30.63 
60 	 0.0 	 30.89 
61 	 0.0 	 31.51 
62 	 0.0 	 31.87 
63 	 0.0 	 32.29 
64 	 0.0 	 32.29 
65 	 0.0 	 31.87 
67 	 0.0 	 31.61 
68 	 0.0 	 31.45 
69 	 0.0 	 31.87 
70 	 0.0 	 31.61 
71 	 0.0 	 31.87 
72 	 0.0 	 31.87 
73 	 0.0 	 33.14 
74 	 0.0 	 33.14 
75 	 0.0 	 33.95 
76 	 0.0 	 33.41 
77 	 0.0 	 33.95 
78 	 0.0 	 33.95 
79 	 0.0 	 34.61 
80 	 0.0 	 33.95 
81 	 0.0 	 33.68 
82 	 0.0 	 33.63 
83 	 0.0 	 33.95 
84 	 0.0 	 33.95 
85 	 0.0 	 33.84 
86 	 0.0 	 34.45 
87 	 0.0 	 33.95 
88 	 0.0 	 33.95 
89 	 0.0 	 33.95 
90 	 0.0 	 33.95 
93 	 0.0 	 34.45 
94 	 0.0 	 34.61 
95 	 0.0 	 34.45 
96 	 0.0 	 35.34 
97 	 0.0 	 35.34 
98 	 0.0 	 34.61 
99 	 0.0 	 35.79 
100 	 0.0 	 34.89 
101 	 0.0 	 35.39 
102 	 0.0 	 34.67 
103 	 0.0 	 35.34 
104 	 0.0 	 35.34 
105 	 0.0 	 34.89 
106 	 0.0 	 34.50 
107 	 0.0 	 34.89 
108 	 0.0 	 35.28 
109 	 0.0 	 35.79 
110 	 0.0 	 36.25 
111 	 0.0 	 37.00 
112 	 0.0 	 37.23 
113 	 0.0 	 37.65 
114 	 0.0 	 37.65 
115 	 0.0 	 37.65 
116 	 0.0 	 36.88 
117 	 0.0 	 37.70 
118 	 0.0 	 38.12 
119 	 0.0 	 37.82 
120 	 0.0 	 39.09 
121 	 0.0 	 38.79 
122 	 0.0 	 39.59 
123 	 0.0 	 39.77 
124 	 0.0 	 39.59 
125 	 0.0 	 38.79 
126 	 0.0 	 40.09 
127 	 0.0 	 38.85 
128 	 0.0 	 39.65 
129 	 0.0 	 39.59 
130 	 0.0 	 38.91 
131 	 0.0 	 39.59 
132 	 0.0 	 39.59 
133 	 0.0 	 38.79 
134 	 0.0 	 38.85 
136 	 0.0 	 39.65 
137 	 0.0 	 39.77 
138 	 0.0 	 40.09 
140 	 0.0 	 41.43 
141 	 0.0 	 41.56 
142 	 0.0 	 41.56 
143 	 0.0 	 41.56 
144 	 0.0 	 41.56 
145 	 0.0 	 41.56 
146 	 0.0 	 41.56 
147 	 0.0 	 41.56 
148 	 0.0 	 41.56 
149 	 0.0 	 41.56 
150 	 0.0 	 41.56 
151 	 0.0 	 41.56 
152 	 0.0 	 41.56 
153 	 0.0 	 41.56 
154 	 0.0 	 41.56 
155 	 0.0 	 41.56 
156 	 0.0 	 41.56 
157 	 0.0 	 41.56 
158 	 0.0 	 41.56 
159 	 0.0 	 41.56 
160 	 0.0 	 41.56 
161 	 0.0 	 41.56 
162 	 0.0 	 41.56 
163 	 0.0 	 41.56 
164 	 0.0 	 41.56 
165 	 0.0 	 41.56 
166 	 0.0 	 41.56 
167 	 0.0 	 41.56 
168 	 0.0 	 41.56 
169 	 0.0 	 41.56 
170 	 0.0 	 41.56 
171 	 0.0 	 41.56 
172 	 0.0 	 41.56 
173 	 0.0 	 44.90 
174 	 0.0 	 44.90 
175 	 0.0 	 46.06 
176 	 0.0 	 46.06 
177 	 0.0 	 45.26 
178 	 0.0 	 45.47 
179 	 0.0 	 46.06 
180 	 0.0 	 46.06 
181 	 0.0 	 46.65 
182 	 0.0 	 46.65 
183 	 0.0 	 47.25 
184 	 0.0 	 47.48 
185 	 0.0 	 47.25 
186 	 0.0 	 47.25 
187 	 0.0 	 47.63 
188 	 0.0 	 47.33 
189 	 0.0 	 47.25 
190 	 0.0 	 46.80 
191 	 0.0 	 47.48 
192 	 0.0 	 47.56 
193 	 0.0 	 47.33 
194 	 0.0 	 46.13 
195 	 0.0 	 47.40 
196 	 0.0 	 48.49 
197 	 0.0 	 48.73 
198 	 0.0 	 48.88 
199 	 0.0 	 49.12 
200 	 0.0 	 48.49 
201 	 0.0 	 49.20 
202 	 0.0 	 49.12 
203 	 0.0 	 49.20 
204 	 0.0 	 49.28 
205 	 0.0 	 48.49 
206 	 0.0 	 48.65 
207 	 0.0 	 49.28 
208 	 0.0 	 49.20 
209 	 0.0 	 49.28 
210 	 0.0 	 49.77 
211 	 0.0 	 49.93 
212 	 0.0 	 48.73 
213 	 0.0 	 49.77 
214 	 0.0 	 48.49 
215 	 0.0 	 48.49 
216 	 0.0 	 48.49 
217 	 0.0 	 48.49 
218 	 0.0 	 48.49 
219 	 0.0 	 48.49 
220 	 0.0 	 48.49 
221 	 0.0 	 49.77 
222 	 0.0 	 49.77 
223 	 0.0 	 50.18 
224 	 0.0 	 50.68 
225 	 0.0 	 50.85 
226 	 0.0 	 50.85 
227 	 0.0 	 49.77 
228 	 0.0 	 50.02 
229 	 0.0 	 51.02 
230 	 0.0 	 50.18 
231 	 0.0 	 50.02 
232 	 0.0 	 50.68 
233 	 0.0 	 50.51 
234 	 0.0 	 51.02 
235 	 0.0 	 51.02 
236 	 0.0 	 51.02 
237 	 0.0 	 51.02 
238 	 0.0 	 51.02 
239 	 0.0 	 51.02 
240 	 0.0 	 51.02 
241 	 0.0 	 48.49 
242 	 0.0 	 52.58 
243 	 0.0 	 52.05 
244 	 0.0 	 52.75 
245 	 0.0 	 53.93 
246 	 0.0 	 53.93 
247 	 0.0 	 54.02 
248 	 0.0 	 52.93 
249 	 0.0 	 53.93 
250 	 0.0 	 53.93 
251 	 0.0 	 52.58 
252 	 0.0 	 54.02 
253 	 0.0 	 54.12 
255 	 0.0 	 54.77 
256 	 0.0 	 54.77 
257 	 0.0 	 54.12 
258 	 0.0 	 54.21 
260 	 0.0 	 54.96 
261 	 0.0 	 54.77 
262 	 0.0 	 53.93 
263 	 0.0 	 54.77 
264 	 0.0 	 54.21 
265 	 0.0 	 53.93 
266 	 0.0 	 54.68 
268 	 0.0 	 57.02 
269 	 0.0 	 57.02 
270 	 0.0 	 57.02 
271 	 0.0 	 57.94 
272 	 0.0 	 58.68 
273 	 0.0 	 58.68 
274 	 0.0 	 58.68 
275 	 0.0 	 57.53 
276 	 0.0 	 57.84 
277 	 0.0 	 57.84 
278 	 0.0 	 57.84 
279 	 0.0 	 57.02 
280 	 0.0 	 57.02 
281 	 0.0 	 57.02 
282 	 0.0 	 55.44 
283 	 0.0 	 57.02 
284 	 0.0 	 57.02 
285 	 0.0 	 57.02 
286 	 0.0 	 57.33 
287 	 0.0 	 57.84 
288 	 0.0 	 58.68 
289 	 0.0 	 60.55 
290 	 0.0 	 60.77 
291 	 0.0 	 61.00 
292 	 0.0 	 61.35 
293 	 0.0 	 61.35 
294 	 0.0 	 61.35 
295 	 0.0 	 60.43 
296 	 0.0 	 60.43 
297 	 0.0 	 60.43 
298 	 0.0 	 62.29 
299 	 0.0 	 62.29 
301 	 0.0 	 62.65 
302 	 0.0 	 63.26 
303 	 0.0 	 62.29 
304 	 0.0 	 64.13 
305 	 0.0 	 62.89 
307 	 0.0 	 63.63 
308 	 0.0 	 63.63 
309 	 0.0 	 64.13 
310 	 0.0 	 64.13 
311 	 0.0 	 64.13 
312 	 0.0 	 64.13 
313 	 0.0 	 64.13 
314 	 0.0 	 64.13 
315 	 0.0 	 64.13 
316 	 0.0 	 70.25 
317 	 0.0 	 64.13 
318 	 0.0 	 69.05 
319 	 0.0 	 71.03 
320 	 0.0 	 69.95 
321 	 0.0 	 71.83 
322 	 0.0 	 71.83 
323 	 0.0 	 73.67 
324 	 0.0 	 73.67 
325 	 0.0 	 73.67 
327 	 0.0 	 71.83 
328 	 0.0 	 69.05 
329 	 0.0 	 69.05 
330 	 0.0 	 71.03 
331 	 0.0 	 70.10 
332 	 0.0 	 71.03 
333 	 0.0 	 69.34 
334 	 0.0 	 69.95 
335 	 0.0 	 73.67 
336 	 0.0 	 71.03 
337 	 0.0 	 73.67 
338 	 0.0 	 73.67 
339 	 0.0 	 73.67 
340 	 0.0 	 73.84 
341 	 0.0 	 73.67 
342 	 0.0 	 74.01 
343 	 0.0 	 75.07 
344 	 0.0 	 73.67 
345 	 0.0 	 73.67 
346 	 0.0 	 76.54 
347 	 0.0 	 76.54 
349 	 0.0 	 77.12 
350 	 0.0 	 79.72 
351 	 0.0 	 79.72 
353 	 0.0 	 79.72 
354 	 0.0 	 79.72 
355 	 0.0 	 79.72 
356 	 0.0 	 77.50 
357 	 0.0 	 76.54 
358 	 0.0 	 76.54 
359 	 0.0 	 77.31 
360 	 0.0 	 76.54 
361 	 0.0 	 73.84 
362 	 0.0 	 76.54 
363 	 0.0 	 75.25 
364 	 0.0 	 74.54 
365 	 0.0 	 73.67 
367 	 0.0 	 71.51 
368 	 0.0 	 71.51 
369 	 0.0 	 73.67 
370 	 0.0 	 73.67 
371 	 0.0 	 73.67 
372 	 0.0 	 73.67 
373 	 0.0 	 71.83 
374 	 0.0 	 73.67 
375 	 0.0 	 73.67 
376 	 0.0 	 73.67 
377 	 0.0 	 71.51 
378 	 0.0 	 71.03 
379 	 0.0 	 71.03 
380 	 0.0 	 71.03 
381 	 0.0 	 70.25 
382 	 0.0 	 64.13 
383 	 0.0 	 71.03 
384 	 0.0 	 69.95 
385 	 0.0 	 69.79 
387 	 0.0 	 68.75 
389 	 0.0 	 71.03 
390 	 0.0 	 71.03 
391 	 0.0 	 71.03 
392 	 0.0 	 71.35 
393 	 0.0 	 71.35 
394 	 0.0 	 71.51 
395 	 0.0 	 73.67 
396 	 0.0 	 69.95 
397 	 0.0 	 73.67 
398 	 0.0 	 71.51 
399 	 0.0 	 69.34 
400 	 0.0 	 69.05 
401 	 0.0 	 64.13 
402 	 0.0 	 69.95 
403 	 0.0 	 69.79 
404 	 0.0 	 64.13 
405 	 0.0 	 69.79 
406 	 0.0 	 69.79 
407 	 0.0 	 69.34 
408 	 0.0 	 64.13 
409 	 0.0 	 64.13 
410 	 0.0 	 64.13 
411 	 0.0 	 64.13 
412 	 0.0 	 64.13 
413 	 0.0 	 64.13 
414 	 0.0 	 64.13 
415 	 0.0 	 64.13 
416 	 0.0 	 69.05 
417 	 0.0 	 64.13 
418 	 0.0 	 64.13 
420 	 0.0 	 64.13 
421 	 0.0 	 69.05 
422 	 0.0 	 69.49 
423 	 0.0 	 69.79 
424 	 0.0 	 69.79 
425 	 0.0 	 64.13 
426 	 0.0 	 64.13 
427 	 0.0 	 71.19 
428 	 0.0 	 71.19 
429 	 0.0 	 71.51 
430 	 0.0 	 69.34 
431 	 0.0 	 69.05 
432 	 0.0 	 69.79 
433 	 0.0 	 72.32 
434 	 0.0 	 71.51 
435 	 0.0 	 73.67 
436 	 0.0 	 71.51 
437 	 0.0 	 64.13 
438 	 0.0 	 69.79 
439 	 0.0 	 71.03 
440 	 0.0 	 71.03 
441 	 0.0 	 64.13 
442 	 0.0 	 69.95 
443 	 0.0 	 71.03 
444 	 0.0 	 69.34 
445 	 0.0 	 71.03 
446 	 0.0 	 64.13 
448 	 0.0 	 69.05 
449 	 0.0 	 64.13 
450 	 0.0 	 69.34 
451 	 0.0 	 69.19 
452 	 0.0 	 64.13 
453 	 0.0 	 64.13 
454 	 0.0 	 64.13 
455 	 0.0 	 64.13 
457 	 0.0 	 64.13 
458 	 0.0 	 64.13 
459 	 0.0 	 64.13 
460 	 0.0 	 64.13 
461 	 0.0 	 64.13 
462 	 0.0 	 64.13 
463 	 0.0 	 64.13 
464 	 0.0 	 64.13 
465 	 0.0 	 64.13 
466 	 0.0 	 64.13 
467 	 0.0 	 63.38 
468 	 0.0 	 64.13 
469 	 0.0 	 64.13 
471 	 0.0 	 63.88 
472 	 0.0 	 63.75 
473 	 0.0 	 63.38 
474 	 0.0 	 63.26 
475 	 0.0 	 61.46 
476 	 0.0 	 63.26 
477 	 0.0 	 63.01 
478 	 0.0 	 62.65 
479 	 0.0 	 63.26 
480 	 0.0 	 63.26 
481 	 0.0 	 62.29 
482 	 0.0 	 61.46 
484 	 0.0 	 62.77 
485 	 0.0 	 60.77 
486 	 0.0 	 62.29 
487 	 0.0 	 60.66 
488 	 0.0 	 62.29 
489 	 0.0 	 62.29 
490 	 0.0 	 62.29 
491 	 0.0 	 60.77 
492 	 0.0 	 62.77 
494 	 0.0 	 62.41 
495 	 0.0 	 62.29 
496 	 0.0 	 62.29 
497 	 0.0 	 62.29 
498 	 0.0 	 61.46 
499 	 0.0 	 61.46 
500 	 0.0 	 60.43 
501 	 0.0 	 61.46 
503 	 0.0 	 61.00 
504 	 0.0 	 60.43 
505 	 0.0 	 60.66 
506 	 0.0 	 58.79 
507 	 0.0 	 60.43 
508 	 0.0 	 60.43 
509 	 0.0 	 58.68 
510 	 0.0 	 60.43 
511 	 0.0 	 58.79 
512 	 0.0 	 60.43 
513 	 0.0 	 60.43 
514 	 0.0 	 59.22 
515 	 0.0 	 60.43 
516 	 0.0 	 59.22 
517 	 0.0 	 59.22 
518 	 0.0 	 61.00 
519 	 0.0 	 59.55 
520 	 0.0 	 60.43 
521 	 0.0 	 60.43 
522 	 0.0 	 60.89 
523 	 0.0 	 60.77 
524 	 0.0 	 60.77 
525 	 0.0 	 60.55 
526 	 0.0 	 62.29 
527 	 0.0 	 60.77 
528 	 0.0 	 60.43 
529 	 0.0 	 61.46 
530 	 0.0 	 62.29 
531 	 0.0 	 62.89 
533 	 0.0 	 61.46 
534 	 0.0 	 62.29 
535 	 0.0 	 63.63 
536 	 0.0 	 63.38 
537 	 0.0 	 62.29 
538 	 0.0 	 62.89 
539 	 0.0 	 63.38 
540 	 0.0 	 63.38 
541 	 0.0 	 61.58 
542 	 0.0 	 63.26 
543 	 0.0 	 64.13 
544 	 0.0 	 63.26 
545 	 0.0 	 63.75 
546 	 0.0 	 64.13 
547 	 0.0 	 63.63 
548 	 0.0 	 64.13 
549 	 0.0 	 64.13 
550 	 0.0 	 64.13 
552 	 0.0 	 64.13 
553 	 0.0 	 63.63 
554 	 0.0 	 64.13 
555 	 0.0 	 64.13 
556 	 0.0 	 64.13 
557 	 0.0 	 64.13 
558 	 0.0 	 64.13 
559 	 0.0 	 64.13 
560 	 0.0 	 64.13 
561 	 0.0 	 64.13 
562 	 0.0 	 64.13 
563 	 0.0 	 64.13 
564 	 0.0 	 64.13 
565 	 0.0 	 64.13 
566 	 0.0 	 69.79 
567 	 0.0 	 69.19 
568 	 0.0 	 64.13 
569 	 0.0 	 64.13 
570 	 0.0 	 69.95 
571 	 0.0 	 69.79 
573 	 0.0 	 69.79 
574 	 0.0 	 69.79 
575 	 0.0 	 64.13 
577 	 0.0 	 71.03 
578 	 0.0 	 71.83 
579 	 0.0 	 71.51 
580 	 0.0 	 71.03 
581 	 0.0 	 71.19 
582 	 0.0 	 73.67 
583 	 0.0 	 73.67 
584 	 0.0 	 71.03 
585 	 0.0 	 71.03 
587 	 0.0 	 73.67 
588 	 0.0 	 71.19 
589 	 0.0 	 71.51 
590 	 0.0 	 73.67 
591 	 0.0 	 73.67 
592 	 0.0 	 73.67 
593 	 0.0 	 73.67 
594 	 0.0 	 73.67 
595 	 0.0 	 71.03 
596 	 0.0 	 72.32 
597 	 0.0 	 73.67 
598 	 0.0 	 73.67 
599 	 0.0 	 75.07 
600 	 0.0 	 75.25 
601 	 0.0 	 75.07 
602 	 0.0 	 77.12 
603 	 0.0 	 76.92 
604 	 0.0 	 75.07 
605 	 0.0 	 76.54 
606 	 0.0 	 73.67 
609 	 0.0 	 73.67 
610 	 0.0 	 73.84 
612 	 0.0 	 71.83 
613 	 0.0 	 74.18 
614 	 0.0 	 73.67 
615 	 0.0 	 75.07 
616 	 0.0 	 77.12 
617 	 0.0 	 76.73 
618 	 0.0 	 78.09 
619 	 0.0 	 79.72 
620 	 0.0 	 76.54 
621 	 0.0 	 79.72 
622 	 0.0 	 79.72 
623 	 0.0 	 79.72 
624 	 0.0 	 77.31 
625 	 0.0 	 79.93 
626 	 0.0 	 81.67 
627 	 0.0 	 79.72 
628 	 0.0 	 83.27 
629 	 0.0 	 81.67 
630 	 0.0 	 83.27 
631 	 0.0 	 81.44 
632 	 0.0 	 83.27 
634 	 0.0 	 79.72 
635 	 0.0 	 83.98 
636 	 0.0 	 79.93 
637 	 0.0 	 85.97 
638 	 0.0 	 83.27 
639 	 0.0 	 83.50 
640 	 0.0 	 86.49 
641 	 0.0 	 87.01 
642 	 0.0 	 89.50 
643 	 0.0 	 85.46 
644 	 0.0 	 87.01 
645 	 0.0 	 87.01 
646 	 0.0 	 85.21 
647 	 0.0 	 85.46 
648 	 0.0 	 85.97 
649 	 0.0 	 91.89 
651 	 0.0 	 87.01 
652 	 0.0 	 92.52 
653 	 0.0 	 93.48 
656 	 0.0 	 89.79 
657 	 0.0 	 89.79 
658 	 0.0 	 97.31 
659 	 0.0 	 91.89 
660 	 0.0 	 97.31 
661 	 0.0 	 97.31 
662 	 0.0 	 91.89 
663 	 0.0 	 97.31 
664 	 0.0 	 97.31 
665 	 0.0 	 97.31 
666 	 0.0 	 97.31 
667 	 0.0 	 98.44 
668 	 0.0 	 97.31 
669 	 0.0 	 92.83 
670 	 0.0 	 97.68 
671 	 0.0 	 97.68 
672 	 0.0 	 93.81 
673 	 0.0 	 100.41 
674 	 0.0 	 94.48 
675 	 0.0 	 97.31 
676 	 0.0 	 97.68 
677 	 0.0 	 97.31 
678 	 0.0 	 97.31 
679 	 0.0 	 97.31 
680 	 0.0 	 100.82 
681 	 0.0 	 100.41 
682 	 0.0 	 103.86 
684 	 0.0 	 97.31 
685 	 0.0 	 103.86 
686 	 0.0 	 101.66 
687 	 0.0 	 97.31 
688 	 0.0 	 103.86 
689 	 0.0 	 103.86 
690 	 0.0 	 101.66 
691 	 0.0 	 97.68 
692 	 0.0 	 103.86 
693 	 0.0 	 98.44 
694 	 0.0 	 97.68 
695 	 0.0 	 103.86 
696 	 0.0 	 104.32 
697 	 0.0 	 97.68 
698 	 0.0 	 103.86 
699 	 0.0 	 105.26 
700 	 0.0 	 103.86 
701 	 0.0 	 100.41 
702 	 0.0 	 104.32 
703 	 0.0 	 98.44 
704 	 0.0 	 103.86 
705 	 0.0 	 104.32 
706 	 0.0 	 103.86 
707 	 0.0 	 103.86 
708 	 0.0 	 100.41 
709 	 0.0 	 112.13 
710 	 0.0 	 104.32 
711 	 0.0 	 98.44 
712 	 0.0 	 104.32 
713 	 0.0 	 99.21 
714 	 0.0 	 97.31 
715 	 0.0 	 103.86 
716 	 0.0 	 99.21 
717 	 0.0 	 103.86 
718 	 0.0 	 105.26 
719 	 0.0 	 101.66 
720 	 0.0 	 104.32 
721 	 0.0 	 105.74 
722 	 0.0 	 103.86 
723 	 0.0 	 103.86 
724 	 0.0 	 103.86 
725 	 0.0 	 97.68 
726 	 0.0 	 103.86 
727 	 0.0 	 100.82 
728 	 0.0 	 97.68 
729 	 0.0 	 103.86 
731 	 0.0 	 98.44 
733 	 0.0 	 103.86 
734 	 0.0 	 103.86 
735 	 0.0 	 103.86 
736 	 0.0 	 97.31 
737 	 0.0 	 103.86 
738 	 0.0 	 103.86 
739 	 0.0 	 100.82 
740 	 0.0 	 100.41 
741 	 0.0 	 103.86 
742 	 0.0 	 103.86 
743 	 0.0 	 100.41 
744 	 0.0 	 97.31 
745 	 0.0 	 100.41 
746 	 0.0 	 99.21 
747 	 0.0 	 97.31 
748 	 0.0 	 97.31 
749 	 0.0 	 98.82 
750 	 0.0 	 97.68 
751 	 0.0 	 92.83 
752 	 0.0 	 97.68 
753 	 0.0 	 97.68 
754 	 0.0 	 97.68 
755 	 0.0 	 97.31 
756 	 0.0 	 93.48 
757 	 0.0 	 92.52 
758 	 0.0 	 97.31 
759 	 0.0 	 92.83 
760 	 0.0 	 97.31 
761 	 0.0 	 91.89 
762 	 0.0 	 97.31 
763 	 0.0 	 92.52 
765 	 0.0 	 97.31 
767 	 0.0 	 97.31 
