1 	 0.0 	 21.91 
2 	 0.0 	 21.91 
3 	 0.0 	 21.78 
4 	 0.0 	 21.78 
5 	 0.0 	 21.51 
6 	 0.0 	 21.51 
7 	 0.0 	 21.78 
8 	 0.0 	 21.78 
9 	 0.0 	 21.78 
10 	 0.0 	 21.78 
11 	 0.0 	 21.78 
12 	 0.0 	 21.51 
13 	 0.0 	 21.51 
14 	 0.0 	 21.78 
15 	 0.0 	 21.42 
16 	 0.0 	 21.78 
17 	 0.0 	 22.27 
18 	 0.0 	 22.04 
19 	 0.0 	 22.27 
20 	 0.0 	 22.00 
21 	 0.0 	 22.09 
22 	 0.0 	 22.27 
23 	 0.0 	 23.80 
24 	 0.0 	 23.76 
25 	 0.0 	 24.45 
26 	 0.0 	 24.12 
27 	 0.0 	 24.12 
28 	 0.0 	 24.08 
29 	 0.0 	 23.99 
30 	 0.0 	 24.45 
33 	 0.0 	 24.08 
34 	 0.0 	 24.45 
35 	 0.0 	 24.17 
36 	 0.0 	 24.81 
37 	 0.0 	 24.49 
41 	 0.0 	 27.07 
43 	 0.0 	 27.41 
44 	 0.0 	 27.07 
45 	 0.0 	 27.41 
46 	 0.0 	 27.41 
47 	 0.0 	 29.02 
49 	 0.0 	 27.41 
50 	 0.0 	 27.41 
51 	 0.0 	 27.41 
53 	 0.0 	 29.07 
54 	 0.0 	 29.02 
55 	 0.0 	 29.17 
56 	 0.0 	 29.82 
57 	 0.0 	 29.82 
58 	 0.0 	 30.27 
61 	 0.0 	 31.66 
62 	 0.0 	 31.45 
64 	 0.0 	 32.29 
65 	 0.0 	 32.29 
66 	 0.0 	 32.29 
68 	 0.0 	 31.87 
70 	 0.0 	 32.29 
71 	 0.0 	 32.29 
72 	 0.0 	 32.40 
74 	 0.0 	 33.57 
76 	 0.0 	 33.95 
78 	 0.0 	 33.95 
79 	 0.0 	 33.95 
80 	 0.0 	 34.34 
81 	 0.0 	 33.73 
82 	 0.0 	 33.73 
83 	 0.0 	 33.95 
84 	 0.0 	 33.73 
88 	 0.0 	 33.95 
89 	 0.0 	 34.45 
90 	 0.0 	 33.57 
94 	 0.0 	 34.94 
95 	 0.0 	 33.95 
96 	 0.0 	 34.50 
97 	 0.0 	 35.34 
100 	 0.0 	 35.79 
101 	 0.0 	 35.34 
102 	 0.0 	 35.34 
103 	 0.0 	 34.50 
105 	 0.0 	 34.50 
106 	 0.0 	 35.17 
107 	 0.0 	 35.17 
108 	 0.0 	 35.79 
109 	 0.0 	 35.79 
111 	 0.0 	 36.42 
112 	 0.0 	 37.23 
113 	 0.0 	 37.06 
115 	 0.0 	 37.65 
117 	 0.0 	 37.00 
118 	 0.0 	 38.12 
119 	 0.0 	 37.94 
120 	 0.0 	 38.18 
124 	 0.0 	 39.90 
125 	 0.0 	 40.09 
126 	 0.0 	 39.77 
127 	 0.0 	 39.59 
128 	 0.0 	 39.59 
130 	 0.0 	 39.59 
131 	 0.0 	 39.59 
133 	 0.0 	 39.59 
134 	 0.0 	 39.59 
136 	 0.0 	 39.59 
140 	 0.0 	 41.56 
142 	 0.0 	 41.56 
147 	 0.0 	 41.56 
148 	 0.0 	 41.56 
152 	 0.0 	 41.56 
153 	 0.0 	 41.56 
154 	 0.0 	 41.56 
155 	 0.0 	 41.56 
156 	 0.0 	 41.56 
157 	 0.0 	 41.56 
158 	 0.0 	 41.56 
161 	 0.0 	 41.56 
164 	 0.0 	 41.56 
169 	 0.0 	 39.77 
170 	 0.0 	 41.56 
171 	 0.0 	 41.56 
172 	 0.0 	 44.54 
175 	 0.0 	 44.90 
176 	 0.0 	 44.90 
177 	 0.0 	 44.90 
179 	 0.0 	 46.06 
180 	 0.0 	 46.06 
181 	 0.0 	 46.13 
182 	 0.0 	 46.72 
183 	 0.0 	 46.65 
184 	 0.0 	 47.25 
185 	 0.0 	 47.56 
186 	 0.0 	 47.25 
187 	 0.0 	 47.63 
188 	 0.0 	 47.25 
189 	 0.0 	 47.25 
190 	 0.0 	 46.72 
191 	 0.0 	 41.56 
192 	 0.0 	 46.65 
194 	 0.0 	 47.25 
195 	 0.0 	 47.25 
196 	 0.0 	 48.49 
197 	 0.0 	 48.49 
198 	 0.0 	 49.20 
199 	 0.0 	 49.12 
200 	 0.0 	 48.49 
201 	 0.0 	 49.12 
202 	 0.0 	 49.77 
204 	 0.0 	 48.49 
205 	 0.0 	 49.12 
206 	 0.0 	 49.77 
207 	 0.0 	 49.20 
208 	 0.0 	 49.77 
209 	 0.0 	 49.77 
210 	 0.0 	 49.77 
211 	 0.0 	 49.20 
212 	 0.0 	 49.85 
213 	 0.0 	 49.77 
214 	 0.0 	 49.12 
215 	 0.0 	 49.77 
217 	 0.0 	 48.73 
221 	 0.0 	 48.57 
223 	 0.0 	 50.43 
224 	 0.0 	 50.02 
227 	 0.0 	 50.85 
229 	 0.0 	 51.02 
230 	 0.0 	 50.02 
231 	 0.0 	 51.02 
232 	 0.0 	 51.02 
233 	 0.0 	 51.02 
234 	 0.0 	 51.02 
235 	 0.0 	 50.35 
236 	 0.0 	 51.02 
237 	 0.0 	 51.79 
238 	 0.0 	 50.18 
239 	 0.0 	 50.18 
240 	 0.0 	 47.87 
242 	 0.0 	 51.79 
243 	 0.0 	 52.75 
244 	 0.0 	 53.93 
245 	 0.0 	 52.75 
247 	 0.0 	 53.93 
248 	 0.0 	 54.02 
249 	 0.0 	 53.93 
250 	 0.0 	 53.93 
251 	 0.0 	 53.93 
252 	 0.0 	 54.02 
257 	 0.0 	 55.44 
258 	 0.0 	 55.44 
259 	 0.0 	 53.93 
261 	 0.0 	 54.68 
264 	 0.0 	 53.93 
265 	 0.0 	 54.77 
266 	 0.0 	 54.77 
267 	 0.0 	 57.02 
268 	 0.0 	 57.02 
269 	 0.0 	 57.33 
270 	 0.0 	 57.84 
275 	 0.0 	 58.68 
276 	 0.0 	 57.84 
277 	 0.0 	 57.12 
278 	 0.0 	 57.43 
279 	 0.0 	 56.22 
280 	 0.0 	 55.93 
281 	 0.0 	 57.22 
282 	 0.0 	 55.44 
283 	 0.0 	 57.02 
284 	 0.0 	 57.02 
285 	 0.0 	 57.43 
286 	 0.0 	 58.68 
287 	 0.0 	 59.00 
288 	 0.0 	 60.43 
289 	 0.0 	 60.43 
291 	 0.0 	 60.89 
292 	 0.0 	 61.35 
293 	 0.0 	 60.43 
295 	 0.0 	 62.29 
296 	 0.0 	 62.29 
297 	 0.0 	 60.43 
299 	 0.0 	 60.66 
304 	 0.0 	 64.13 
305 	 0.0 	 63.88 
308 	 0.0 	 64.13 
309 	 0.0 	 64.13 
310 	 0.0 	 64.13 
312 	 0.0 	 64.13 
313 	 0.0 	 64.13 
314 	 0.0 	 64.13 
316 	 0.0 	 69.79 
320 	 0.0 	 71.19 
321 	 0.0 	 71.83 
322 	 0.0 	 69.05 
323 	 0.0 	 71.03 
324 	 0.0 	 71.19 
325 	 0.0 	 70.25 
326 	 0.0 	 73.67 
327 	 0.0 	 71.51 
329 	 0.0 	 71.03 
330 	 0.0 	 71.03 
331 	 0.0 	 69.79 
332 	 0.0 	 64.13 
335 	 0.0 	 73.67 
336 	 0.0 	 71.03 
337 	 0.0 	 73.67 
339 	 0.0 	 71.03 
343 	 0.0 	 75.07 
344 	 0.0 	 73.67 
346 	 0.0 	 76.54 
348 	 0.0 	 76.73 
349 	 0.0 	 77.12 
351 	 0.0 	 76.54 
353 	 0.0 	 79.72 
354 	 0.0 	 83.27 
358 	 0.0 	 78.09 
364 	 0.0 	 71.83 
365 	 0.0 	 74.18 
366 	 0.0 	 73.67 
368 	 0.0 	 73.67 
370 	 0.0 	 73.67 
372 	 0.0 	 71.83 
373 	 0.0 	 69.79 
375 	 0.0 	 69.79 
376 	 0.0 	 69.95 
377 	 0.0 	 69.79 
379 	 0.0 	 64.13 
380 	 0.0 	 70.25 
381 	 0.0 	 69.95 
382 	 0.0 	 71.03 
383 	 0.0 	 71.03 
384 	 0.0 	 69.95 
387 	 0.0 	 71.03 
388 	 0.0 	 71.19 
389 	 0.0 	 71.19 
390 	 0.0 	 71.19 
391 	 0.0 	 69.95 
392 	 0.0 	 64.13 
393 	 0.0 	 71.03 
394 	 0.0 	 72.16 
395 	 0.0 	 72.32 
396 	 0.0 	 73.67 
397 	 0.0 	 71.83 
398 	 0.0 	 69.79 
399 	 0.0 	 71.99 
400 	 0.0 	 71.03 
403 	 0.0 	 69.79 
404 	 0.0 	 69.95 
405 	 0.0 	 69.95 
406 	 0.0 	 69.95 
407 	 0.0 	 64.13 
408 	 0.0 	 69.05 
409 	 0.0 	 64.13 
410 	 0.0 	 64.13 
411 	 0.0 	 64.13 
412 	 0.0 	 64.13 
413 	 0.0 	 64.13 
414 	 0.0 	 64.13 
416 	 0.0 	 64.13 
417 	 0.0 	 64.13 
424 	 0.0 	 64.13 
425 	 0.0 	 64.13 
426 	 0.0 	 71.19 
429 	 0.0 	 71.03 
430 	 0.0 	 71.19 
432 	 0.0 	 71.51 
433 	 0.0 	 69.95 
435 	 0.0 	 69.95 
436 	 0.0 	 71.19 
437 	 0.0 	 71.03 
441 	 0.0 	 71.03 
442 	 0.0 	 64.13 
443 	 0.0 	 69.05 
445 	 0.0 	 71.03 
446 	 0.0 	 64.13 
448 	 0.0 	 70.25 
450 	 0.0 	 64.13 
451 	 0.0 	 64.13 
452 	 0.0 	 64.13 
454 	 0.0 	 64.13 
455 	 0.0 	 64.13 
456 	 0.0 	 64.13 
458 	 0.0 	 64.13 
459 	 0.0 	 64.13 
460 	 0.0 	 64.13 
461 	 0.0 	 64.13 
462 	 0.0 	 64.13 
463 	 0.0 	 64.13 
464 	 0.0 	 64.13 
465 	 0.0 	 64.13 
467 	 0.0 	 64.13 
468 	 0.0 	 64.13 
471 	 0.0 	 62.53 
472 	 0.0 	 62.29 
477 	 0.0 	 62.65 
478 	 0.0 	 63.26 
479 	 0.0 	 62.29 
480 	 0.0 	 61.35 
481 	 0.0 	 62.65 
482 	 0.0 	 61.46 
483 	 0.0 	 62.65 
484 	 0.0 	 62.29 
485 	 0.0 	 62.29 
486 	 0.0 	 62.29 
487 	 0.0 	 62.29 
488 	 0.0 	 62.29 
489 	 0.0 	 62.29 
490 	 0.0 	 60.43 
491 	 0.0 	 62.29 
493 	 0.0 	 62.29 
497 	 0.0 	 62.29 
498 	 0.0 	 62.29 
499 	 0.0 	 61.46 
500 	 0.0 	 61.46 
501 	 0.0 	 61.35 
502 	 0.0 	 60.43 
504 	 0.0 	 60.77 
505 	 0.0 	 59.55 
508 	 0.0 	 60.43 
509 	 0.0 	 60.43 
510 	 0.0 	 60.43 
511 	 0.0 	 60.43 
512 	 0.0 	 60.43 
513 	 0.0 	 60.43 
514 	 0.0 	 58.90 
515 	 0.0 	 60.55 
517 	 0.0 	 60.43 
518 	 0.0 	 61.35 
520 	 0.0 	 60.55 
522 	 0.0 	 61.35 
523 	 0.0 	 60.55 
524 	 0.0 	 61.00 
525 	 0.0 	 60.55 
527 	 0.0 	 61.46 
528 	 0.0 	 62.29 
529 	 0.0 	 60.55 
530 	 0.0 	 62.41 
531 	 0.0 	 61.35 
533 	 0.0 	 62.89 
534 	 0.0 	 62.29 
535 	 0.0 	 62.29 
536 	 0.0 	 63.26 
537 	 0.0 	 61.46 
538 	 0.0 	 63.63 
539 	 0.0 	 62.29 
543 	 0.0 	 63.26 
545 	 0.0 	 64.13 
546 	 0.0 	 64.13 
547 	 0.0 	 64.13 
548 	 0.0 	 64.13 
549 	 0.0 	 64.13 
550 	 0.0 	 64.13 
551 	 0.0 	 64.13 
552 	 0.0 	 64.00 
553 	 0.0 	 64.13 
554 	 0.0 	 64.13 
555 	 0.0 	 64.13 
556 	 0.0 	 64.13 
557 	 0.0 	 64.13 
559 	 0.0 	 64.13 
560 	 0.0 	 64.13 
561 	 0.0 	 64.13 
562 	 0.0 	 64.13 
563 	 0.0 	 64.13 
565 	 0.0 	 64.13 
566 	 0.0 	 69.34 
567 	 0.0 	 69.34 
569 	 0.0 	 69.79 
570 	 0.0 	 70.25 
571 	 0.0 	 64.13 
574 	 0.0 	 70.25 
575 	 0.0 	 69.79 
576 	 0.0 	 71.03 
577 	 0.0 	 69.19 
578 	 0.0 	 71.19 
580 	 0.0 	 69.79 
581 	 0.0 	 73.67 
582 	 0.0 	 73.67 
583 	 0.0 	 73.67 
584 	 0.0 	 73.67 
585 	 0.0 	 73.67 
586 	 0.0 	 71.03 
587 	 0.0 	 71.03 
588 	 0.0 	 73.67 
589 	 0.0 	 73.67 
590 	 0.0 	 73.67 
592 	 0.0 	 70.25 
593 	 0.0 	 71.03 
594 	 0.0 	 73.67 
596 	 0.0 	 71.19 
597 	 0.0 	 73.67 
598 	 0.0 	 71.03 
599 	 0.0 	 73.67 
600 	 0.0 	 75.07 
601 	 0.0 	 73.67 
603 	 0.0 	 76.54 
604 	 0.0 	 76.54 
605 	 0.0 	 76.54 
606 	 0.0 	 75.07 
609 	 0.0 	 71.83 
610 	 0.0 	 73.67 
613 	 0.0 	 74.54 
614 	 0.0 	 73.67 
615 	 0.0 	 75.25 
616 	 0.0 	 77.12 
620 	 0.0 	 77.12 
621 	 0.0 	 79.93 
622 	 0.0 	 79.93 
623 	 0.0 	 76.92 
624 	 0.0 	 76.54 
625 	 0.0 	 81.67 
627 	 0.0 	 81.67 
629 	 0.0 	 83.27 
630 	 0.0 	 81.67 
631 	 0.0 	 83.27 
633 	 0.0 	 83.27 
634 	 0.0 	 83.27 
635 	 0.0 	 81.44 
636 	 0.0 	 83.98 
637 	 0.0 	 85.21 
638 	 0.0 	 85.46 
639 	 0.0 	 87.01 
640 	 0.0 	 87.01 
641 	 0.0 	 85.21 
642 	 0.0 	 85.97 
646 	 0.0 	 89.50 
647 	 0.0 	 89.50 
648 	 0.0 	 91.89 
649 	 0.0 	 89.79 
650 	 0.0 	 87.01 
651 	 0.0 	 87.01 
652 	 0.0 	 91.89 
653 	 0.0 	 87.01 
656 	 0.0 	 92.83 
657 	 0.0 	 92.83 
658 	 0.0 	 91.89 
659 	 0.0 	 97.31 
660 	 0.0 	 91.89 
661 	 0.0 	 97.31 
662 	 0.0 	 91.89 
668 	 0.0 	 93.48 
669 	 0.0 	 97.31 
671 	 0.0 	 97.68 
672 	 0.0 	 100.41 
673 	 0.0 	 98.44 
674 	 0.0 	 99.21 
675 	 0.0 	 99.21 
679 	 0.0 	 100.41 
681 	 0.0 	 97.31 
684 	 0.0 	 97.31 
685 	 0.0 	 99.21 
686 	 0.0 	 98.05 
687 	 0.0 	 85.97 
688 	 0.0 	 97.31 
689 	 0.0 	 97.31 
690 	 0.0 	 103.86 
691 	 0.0 	 103.86 
692 	 0.0 	 103.86 
693 	 0.0 	 103.86 
694 	 0.0 	 91.89 
695 	 0.0 	 104.32 
696 	 0.0 	 98.82 
697 	 0.0 	 104.32 
698 	 0.0 	 100.41 
699 	 0.0 	 97.68 
700 	 0.0 	 103.86 
701 	 0.0 	 103.86 
702 	 0.0 	 103.86 
703 	 0.0 	 98.44 
704 	 0.0 	 103.86 
705 	 0.0 	 104.32 
706 	 0.0 	 103.86 
707 	 0.0 	 103.86 
710 	 0.0 	 100.41 
712 	 0.0 	 106.22 
713 	 0.0 	 106.22 
714 	 0.0 	 103.86 
715 	 0.0 	 104.32 
717 	 0.0 	 103.86 
718 	 0.0 	 103.86 
719 	 0.0 	 103.86 
721 	 0.0 	 98.44 
722 	 0.0 	 106.22 
723 	 0.0 	 103.86 
724 	 0.0 	 98.44 
725 	 0.0 	 100.82 
727 	 0.0 	 104.32 
728 	 0.0 	 112.13 
730 	 0.0 	 97.31 
734 	 0.0 	 97.31 
735 	 0.0 	 97.68 
737 	 0.0 	 100.82 
738 	 0.0 	 103.86 
739 	 0.0 	 100.82 
740 	 0.0 	 100.82 
741 	 0.0 	 103.86 
743 	 0.0 	 100.41 
744 	 0.0 	 103.86 
747 	 0.0 	 99.21 
749 	 0.0 	 97.31 
750 	 0.0 	 91.89 
752 	 0.0 	 92.83 
753 	 0.0 	 97.31 
754 	 0.0 	 97.31 
755 	 0.0 	 93.48 
756 	 0.0 	 97.31 
757 	 0.0 	 98.05 
758 	 0.0 	 92.52 
759 	 0.0 	 97.31 
760 	 0.0 	 97.31 
762 	 0.0 	 97.31 
763 	 0.0 	 93.48 
