1 	 0.0 	 0.00 
2 	 0.0 	 0.00 
3 	 0.0 	 0.00 
4 	 0.0 	 0.00 
5 	 0.0 	 0.00 
6 	 0.0 	 0.00 
7 	 0.0 	 0.00 
8 	 0.0 	 0.00 
9 	 0.0 	 0.00 
10 	 0.0 	 0.00 
11 	 0.0 	 0.00 
12 	 0.0 	 0.00 
13 	 0.0 	 0.00 
14 	 0.0 	 0.00 
15 	 0.0 	 0.00 
16 	 0.0 	 0.00 
17 	 0.0 	 0.00 
18 	 0.0 	 0.00 
19 	 0.0 	 0.00 
20 	 0.0 	 0.00 
21 	 0.0 	 0.00 
22 	 0.0 	 0.00 
23 	 0.0 	 0.00 
24 	 0.0 	 0.00 
25 	 0.0 	 0.00 
26 	 0.0 	 0.00 
27 	 0.0 	 0.00 
28 	 0.0 	 0.00 
29 	 0.0 	 0.00 
30 	 0.0 	 0.00 
31 	 0.0 	 0.00 
32 	 0.0 	 0.00 
33 	 0.0 	 0.00 
34 	 0.0 	 0.00 
35 	 0.0 	 0.00 
36 	 0.0 	 0.00 
37 	 0.0 	 0.00 
38 	 0.0 	 0.00 
39 	 0.0 	 0.00 
40 	 0.0 	 0.00 
41 	 0.0 	 0.00 
42 	 0.0 	 0.00 
43 	 0.0 	 0.00 
44 	 0.0 	 0.00 
45 	 0.0 	 5.65 
46 	 0.0 	 5.65 
47 	 0.0 	 5.65 
48 	 0.0 	 11.31 
49 	 0.0 	 11.31 
50 	 0.0 	 16.96 
51 	 0.0 	 5.65 
52 	 0.0 	 5.65 
53 	 0.0 	 5.65 
54 	 0.0 	 5.65 
55 	 0.0 	 5.65 
56 	 0.0 	 5.65 
57 	 0.0 	 0.00 
58 	 0.0 	 0.00 
59 	 0.0 	 0.00 
61 	 0.0 	 0.00 
62 	 0.0 	 0.00 
63 	 0.0 	 0.00 
64 	 0.0 	 0.00 
65 	 0.0 	 0.00 
66 	 0.0 	 5.65 
68 	 0.0 	 5.65 
69 	 0.0 	 0.00 
70 	 0.0 	 0.00 
71 	 0.0 	 0.00 
72 	 0.0 	 0.00 
73 	 0.0 	 0.00 
74 	 0.0 	 0.00 
75 	 0.0 	 0.00 
76 	 0.0 	 0.00 
77 	 0.0 	 0.00 
78 	 0.0 	 0.00 
79 	 0.0 	 5.65 
80 	 0.0 	 5.65 
81 	 0.0 	 5.65 
82 	 0.0 	 11.31 
84 	 0.0 	 16.96 
85 	 0.0 	 16.96 
86 	 0.0 	 16.96 
87 	 0.0 	 16.96 
88 	 0.0 	 16.96 
89 	 0.0 	 22.62 
90 	 0.0 	 16.96 
91 	 0.0 	 16.96 
92 	 0.0 	 11.31 
93 	 0.0 	 5.65 
95 	 0.0 	 11.31 
96 	 0.0 	 11.31 
97 	 0.0 	 11.31 
98 	 0.0 	 16.96 
99 	 0.0 	 16.96 
100 	 0.0 	 16.96 
101 	 0.0 	 16.96 
102 	 0.0 	 16.96 
103 	 0.0 	 22.62 
105 	 0.0 	 22.62 
107 	 0.0 	 22.62 
108 	 0.0 	 22.62 
109 	 0.0 	 22.62 
110 	 0.0 	 22.62 
111 	 0.0 	 22.62 
113 	 0.0 	 22.62 
114 	 0.0 	 22.62 
115 	 0.0 	 22.62 
116 	 0.0 	 22.62 
117 	 0.0 	 16.96 
118 	 0.0 	 16.96 
119 	 0.0 	 16.96 
121 	 0.0 	 16.96 
122 	 0.0 	 16.96 
123 	 0.0 	 16.96 
124 	 0.0 	 16.96 
125 	 0.0 	 16.96 
126 	 0.0 	 16.96 
128 	 0.0 	 16.96 
129 	 0.0 	 16.96 
130 	 0.0 	 16.96 
131 	 0.0 	 16.96 
132 	 0.0 	 16.96 
134 	 0.0 	 16.96 
135 	 0.0 	 22.62 
136 	 0.0 	 22.62 
137 	 0.0 	 22.62 
138 	 0.0 	 22.62 
139 	 0.0 	 22.62 
140 	 0.0 	 22.62 
141 	 0.0 	 22.62 
142 	 0.0 	 22.62 
143 	 0.0 	 22.62 
144 	 0.0 	 22.62 
145 	 0.0 	 22.62 
146 	 0.0 	 22.62 
147 	 0.0 	 28.27 
148 	 0.0 	 28.27 
149 	 0.0 	 22.62 
150 	 0.0 	 22.62 
151 	 0.0 	 16.96 
153 	 0.0 	 11.31 
154 	 0.0 	 11.31 
155 	 0.0 	 11.31 
157 	 0.0 	 5.65 
158 	 0.0 	 5.65 
159 	 0.0 	 5.65 
160 	 0.0 	 5.65 
161 	 0.0 	 5.65 
162 	 0.0 	 11.31 
163 	 0.0 	 16.96 
164 	 0.0 	 16.96 
166 	 0.0 	 16.96 
167 	 0.0 	 22.62 
168 	 0.0 	 22.62 
172 	 0.0 	 16.96 
173 	 0.0 	 22.62 
174 	 0.0 	 22.62 
175 	 0.0 	 22.62 
176 	 0.0 	 22.62 
177 	 0.0 	 22.62 
179 	 0.0 	 22.62 
180 	 0.0 	 22.62 
181 	 0.0 	 22.62 
182 	 0.0 	 22.62 
183 	 0.0 	 22.62 
184 	 0.0 	 22.62 
187 	 0.0 	 22.62 
188 	 0.0 	 22.62 
189 	 0.0 	 22.62 
190 	 0.0 	 22.62 
191 	 0.0 	 22.62 
192 	 0.0 	 22.62 
194 	 0.0 	 22.62 
195 	 0.0 	 22.62 
196 	 0.0 	 22.62 
197 	 0.0 	 22.62 
198 	 0.0 	 16.96 
199 	 0.0 	 22.62 
200 	 0.0 	 22.62 
202 	 0.0 	 16.96 
203 	 0.0 	 16.96 
204 	 0.0 	 16.96 
205 	 0.0 	 16.96 
206 	 0.0 	 22.62 
207 	 0.0 	 16.96 
208 	 0.0 	 16.96 
209 	 0.0 	 16.96 
210 	 0.0 	 16.96 
211 	 0.0 	 16.96 
212 	 0.0 	 16.96 
213 	 0.0 	 16.96 
215 	 0.0 	 22.62 
216 	 0.0 	 16.96 
217 	 0.0 	 22.62 
218 	 0.0 	 22.62 
219 	 0.0 	 16.96 
220 	 0.0 	 22.62 
221 	 0.0 	 22.62 
222 	 0.0 	 16.96 
223 	 0.0 	 16.96 
224 	 0.0 	 5.65 
225 	 0.0 	 5.65 
226 	 0.0 	 0.00 
227 	 0.0 	 0.00 
228 	 0.0 	 0.00 
229 	 0.0 	 0.00 
230 	 0.0 	 0.00 
231 	 0.0 	 0.00 
232 	 0.0 	 0.00 
233 	 0.0 	 0.00 
235 	 0.0 	 0.00 
236 	 0.0 	 0.00 
237 	 0.0 	 0.00 
238 	 0.0 	 0.00 
239 	 0.0 	 0.00 
240 	 0.0 	 0.00 
242 	 0.0 	 0.00 
243 	 0.0 	 5.65 
244 	 0.0 	 11.31 
245 	 0.0 	 11.31 
246 	 0.0 	 11.31 
247 	 0.0 	 16.96 
248 	 0.0 	 16.96 
249 	 0.0 	 16.96 
250 	 0.0 	 16.96 
251 	 0.0 	 16.96 
252 	 0.0 	 22.62 
253 	 0.0 	 22.62 
254 	 0.0 	 16.96 
255 	 0.0 	 22.62 
257 	 0.0 	 22.62 
258 	 0.0 	 22.62 
259 	 0.0 	 22.62 
260 	 0.0 	 16.96 
261 	 0.0 	 22.62 
262 	 0.0 	 16.96 
263 	 0.0 	 16.96 
264 	 0.0 	 16.96 
265 	 0.0 	 16.96 
266 	 0.0 	 16.96 
267 	 0.0 	 16.96 
268 	 0.0 	 16.96 
269 	 0.0 	 16.96 
270 	 0.0 	 16.96 
271 	 0.0 	 16.96 
272 	 0.0 	 16.96 
273 	 0.0 	 16.96 
274 	 0.0 	 16.96 
275 	 0.0 	 16.96 
276 	 0.0 	 16.96 
277 	 0.0 	 16.96 
278 	 0.0 	 16.96 
279 	 0.0 	 22.62 
280 	 0.0 	 22.62 
281 	 0.0 	 22.62 
282 	 0.0 	 22.62 
283 	 0.0 	 22.62 
286 	 0.0 	 28.27 
288 	 0.0 	 28.27 
289 	 0.0 	 22.62 
290 	 0.0 	 22.62 
291 	 0.0 	 22.62 
292 	 0.0 	 22.62 
293 	 0.0 	 22.62 
294 	 0.0 	 22.62 
295 	 0.0 	 22.62 
296 	 0.0 	 22.62 
297 	 0.0 	 22.62 
298 	 0.0 	 22.62 
299 	 0.0 	 22.62 
300 	 0.0 	 22.62 
301 	 0.0 	 22.62 
302 	 0.0 	 16.96 
303 	 0.0 	 22.62 
304 	 0.0 	 22.62 
305 	 0.0 	 22.62 
307 	 0.0 	 16.96 
309 	 0.0 	 16.96 
310 	 0.0 	 16.96 
311 	 0.0 	 16.96 
312 	 0.0 	 16.96 
313 	 0.0 	 11.31 
314 	 0.0 	 11.31 
315 	 0.0 	 11.31 
316 	 0.0 	 11.31 
317 	 0.0 	 11.31 
318 	 0.0 	 11.31 
319 	 0.0 	 11.31 
320 	 0.0 	 11.31 
321 	 0.0 	 11.31 
322 	 0.0 	 11.31 
323 	 0.0 	 16.96 
324 	 0.0 	 16.96 
325 	 0.0 	 16.96 
326 	 0.0 	 16.96 
327 	 0.0 	 16.96 
329 	 0.0 	 16.96 
330 	 0.0 	 16.96 
331 	 0.0 	 16.96 
332 	 0.0 	 22.62 
333 	 0.0 	 22.62 
336 	 0.0 	 22.62 
337 	 0.0 	 22.62 
338 	 0.0 	 22.62 
339 	 0.0 	 22.62 
340 	 0.0 	 16.96 
341 	 0.0 	 16.96 
343 	 0.0 	 16.96 
344 	 0.0 	 16.96 
345 	 0.0 	 16.96 
346 	 0.0 	 16.96 
347 	 0.0 	 16.96 
348 	 0.0 	 16.96 
349 	 0.0 	 22.62 
350 	 0.0 	 22.62 
353 	 0.0 	 22.62 
354 	 0.0 	 22.62 
355 	 0.0 	 22.62 
356 	 0.0 	 22.62 
357 	 0.0 	 22.62 
358 	 0.0 	 22.62 
359 	 0.0 	 22.62 
360 	 0.0 	 22.62 
361 	 0.0 	 22.62 
362 	 0.0 	 22.62 
363 	 0.0 	 22.62 
365 	 0.0 	 22.62 
367 	 0.0 	 22.62 
368 	 0.0 	 22.62 
369 	 0.0 	 16.96 
370 	 0.0 	 16.96 
371 	 0.0 	 22.62 
372 	 0.0 	 22.62 
374 	 0.0 	 22.62 
375 	 0.0 	 22.62 
376 	 0.0 	 22.62 
377 	 0.0 	 22.62 
378 	 0.0 	 22.62 
379 	 0.0 	 22.62 
380 	 0.0 	 16.96 
381 	 0.0 	 5.65 
382 	 0.0 	 0.00 
383 	 0.0 	 0.00 
384 	 0.0 	 0.00 
385 	 0.0 	 0.00 
386 	 0.0 	 5.65 
387 	 0.0 	 5.65 
388 	 0.0 	 11.31 
389 	 0.0 	 11.31 
390 	 0.0 	 11.31 
391 	 0.0 	 16.96 
392 	 0.0 	 16.96 
393 	 0.0 	 11.31 
394 	 0.0 	 5.65 
395 	 0.0 	 5.65 
396 	 0.0 	 5.65 
397 	 0.0 	 5.65 
398 	 0.0 	 11.31 
399 	 0.0 	 11.31 
401 	 0.0 	 0.00 
402 	 0.0 	 0.00 
403 	 0.0 	 0.00 
404 	 0.0 	 5.65 
405 	 0.0 	 5.65 
406 	 0.0 	 5.65 
407 	 0.0 	 11.31 
408 	 0.0 	 11.31 
409 	 0.0 	 11.31 
410 	 0.0 	 11.31 
411 	 0.0 	 16.96 
412 	 0.0 	 11.31 
413 	 0.0 	 5.65 
414 	 0.0 	 5.65 
415 	 0.0 	 5.65 
416 	 0.0 	 11.31 
417 	 0.0 	 11.31 
418 	 0.0 	 11.31 
419 	 0.0 	 16.96 
420 	 0.0 	 16.96 
421 	 0.0 	 16.96 
422 	 0.0 	 16.96 
423 	 0.0 	 16.96 
424 	 0.0 	 22.62 
425 	 0.0 	 16.96 
426 	 0.0 	 16.96 
427 	 0.0 	 22.62 
428 	 0.0 	 16.96 
430 	 0.0 	 16.96 
431 	 0.0 	 22.62 
432 	 0.0 	 22.62 
433 	 0.0 	 22.62 
434 	 0.0 	 16.96 
435 	 0.0 	 16.96 
436 	 0.0 	 16.96 
437 	 0.0 	 16.96 
438 	 0.0 	 11.31 
439 	 0.0 	 5.65 
440 	 0.0 	 0.00 
441 	 0.0 	 0.00 
442 	 0.0 	 0.00 
443 	 0.0 	 5.65 
444 	 0.0 	 5.65 
445 	 0.0 	 11.31 
447 	 0.0 	 11.31 
448 	 0.0 	 16.96 
449 	 0.0 	 16.96 
450 	 0.0 	 16.96 
451 	 0.0 	 16.96 
452 	 0.0 	 16.96 
453 	 0.0 	 16.96 
454 	 0.0 	 16.96 
455 	 0.0 	 16.96 
456 	 0.0 	 16.96 
457 	 0.0 	 16.96 
458 	 0.0 	 16.96 
459 	 0.0 	 16.96 
460 	 0.0 	 16.96 
461 	 0.0 	 16.96 
462 	 0.0 	 16.96 
463 	 0.0 	 16.96 
464 	 0.0 	 16.96 
465 	 0.0 	 16.96 
466 	 0.0 	 16.96 
468 	 0.0 	 16.96 
469 	 0.0 	 16.96 
470 	 0.0 	 16.96 
471 	 0.0 	 16.96 
472 	 0.0 	 16.96 
473 	 0.0 	 16.96 
475 	 0.0 	 16.96 
476 	 0.0 	 16.96 
478 	 0.0 	 16.96 
479 	 0.0 	 11.31 
480 	 0.0 	 5.65 
482 	 0.0 	 0.00 
483 	 0.0 	 0.00 
484 	 0.0 	 0.00 
485 	 0.0 	 0.00 
486 	 0.0 	 0.00 
487 	 0.0 	 0.00 
489 	 0.0 	 0.00 
490 	 0.0 	 0.00 
491 	 0.0 	 0.00 
492 	 0.0 	 0.00 
493 	 0.0 	 0.00 
494 	 0.0 	 0.00 
495 	 0.0 	 0.00 
496 	 0.0 	 0.00 
497 	 0.0 	 0.00 
498 	 0.0 	 0.00 
499 	 0.0 	 0.00 
500 	 0.0 	 0.00 
501 	 0.0 	 0.00 
502 	 0.0 	 0.00 
503 	 0.0 	 5.65 
504 	 0.0 	 5.65 
505 	 0.0 	 5.65 
506 	 0.0 	 11.31 
507 	 0.0 	 11.31 
508 	 0.0 	 11.31 
509 	 0.0 	 11.31 
510 	 0.0 	 16.96 
511 	 0.0 	 16.96 
512 	 0.0 	 16.96 
513 	 0.0 	 16.96 
514 	 0.0 	 16.96 
515 	 0.0 	 16.96 
516 	 0.0 	 16.96 
518 	 0.0 	 16.96 
519 	 0.0 	 16.96 
520 	 0.0 	 16.96 
521 	 0.0 	 16.96 
522 	 0.0 	 16.96 
523 	 0.0 	 16.96 
525 	 0.0 	 16.96 
526 	 0.0 	 16.96 
527 	 0.0 	 16.96 
528 	 0.0 	 16.96 
529 	 0.0 	 16.96 
530 	 0.0 	 16.96 
531 	 0.0 	 16.96 
533 	 0.0 	 16.96 
534 	 0.0 	 16.96 
535 	 0.0 	 16.96 
536 	 0.0 	 16.96 
537 	 0.0 	 16.96 
538 	 0.0 	 16.96 
539 	 0.0 	 5.65 
541 	 0.0 	 0.00 
542 	 0.0 	 0.00 
543 	 0.0 	 0.00 
544 	 0.0 	 0.00 
545 	 0.0 	 0.00 
546 	 0.0 	 0.00 
547 	 0.0 	 0.00 
548 	 0.0 	 0.00 
550 	 0.0 	 5.65 
551 	 0.0 	 5.65 
552 	 0.0 	 11.31 
553 	 0.0 	 11.31 
554 	 0.0 	 11.31 
556 	 0.0 	 11.31 
557 	 0.0 	 11.31 
558 	 0.0 	 11.31 
559 	 0.0 	 16.96 
560 	 0.0 	 16.96 
561 	 0.0 	 16.96 
562 	 0.0 	 16.96 
563 	 0.0 	 16.96 
564 	 0.0 	 16.96 
565 	 0.0 	 16.96 
567 	 0.0 	 16.96 
569 	 0.0 	 16.96 
571 	 0.0 	 16.96 
572 	 0.0 	 22.62 
573 	 0.0 	 16.96 
576 	 0.0 	 16.96 
577 	 0.0 	 16.96 
578 	 0.0 	 16.96 
579 	 0.0 	 16.96 
580 	 0.0 	 16.96 
581 	 0.0 	 16.96 
582 	 0.0 	 16.96 
583 	 0.0 	 16.96 
584 	 0.0 	 16.96 
585 	 0.0 	 16.96 
586 	 0.0 	 16.96 
587 	 0.0 	 16.96 
590 	 0.0 	 16.96 
591 	 0.0 	 11.31 
592 	 0.0 	 5.65 
593 	 0.0 	 0.00 
594 	 0.0 	 0.00 
595 	 0.0 	 0.00 
598 	 0.0 	 0.00 
599 	 0.0 	 0.00 
600 	 0.0 	 0.00 
601 	 0.0 	 0.00 
602 	 0.0 	 0.00 
603 	 0.0 	 0.00 
604 	 0.0 	 0.00 
606 	 0.0 	 5.65 
607 	 0.0 	 5.65 
608 	 0.0 	 5.65 
609 	 0.0 	 11.31 
610 	 0.0 	 11.31 
612 	 0.0 	 11.31 
613 	 0.0 	 11.31 
614 	 0.0 	 11.31 
615 	 0.0 	 11.31 
616 	 0.0 	 16.96 
617 	 0.0 	 11.31 
618 	 0.0 	 16.96 
619 	 0.0 	 16.96 
620 	 0.0 	 16.96 
621 	 0.0 	 16.96 
622 	 0.0 	 16.96 
623 	 0.0 	 16.96 
624 	 0.0 	 16.96 
625 	 0.0 	 16.96 
626 	 0.0 	 16.96 
627 	 0.0 	 5.65 
628 	 0.0 	 0.00 
629 	 0.0 	 0.00 
630 	 0.0 	 0.00 
631 	 0.0 	 0.00 
632 	 0.0 	 0.00 
633 	 0.0 	 0.00 
634 	 0.0 	 0.00 
635 	 0.0 	 0.00 
636 	 0.0 	 0.00 
637 	 0.0 	 0.00 
640 	 0.0 	 0.00 
641 	 0.0 	 0.00 
643 	 0.0 	 0.00 
644 	 0.0 	 0.00 
645 	 0.0 	 0.00 
646 	 0.0 	 0.00 
648 	 0.0 	 0.00 
649 	 0.0 	 0.00 
650 	 0.0 	 5.65 
651 	 0.0 	 5.65 
652 	 0.0 	 5.65 
653 	 0.0 	 5.65 
654 	 0.0 	 5.65 
655 	 0.0 	 11.31 
657 	 0.0 	 5.65 
658 	 0.0 	 11.31 
659 	 0.0 	 11.31 
660 	 0.0 	 11.31 
662 	 0.0 	 11.31 
663 	 0.0 	 11.31 
664 	 0.0 	 16.96 
665 	 0.0 	 11.31 
666 	 0.0 	 11.31 
667 	 0.0 	 16.96 
668 	 0.0 	 16.96 
671 	 0.0 	 16.96 
672 	 0.0 	 16.96 
673 	 0.0 	 16.96 
674 	 0.0 	 16.96 
675 	 0.0 	 16.96 
676 	 0.0 	 16.96 
678 	 0.0 	 16.96 
679 	 0.0 	 16.96 
680 	 0.0 	 16.96 
681 	 0.0 	 16.96 
685 	 0.0 	 11.31 
686 	 0.0 	 5.65 
687 	 0.0 	 0.00 
688 	 0.0 	 0.00 
689 	 0.0 	 5.65 
690 	 0.0 	 5.65 
691 	 0.0 	 5.65 
694 	 0.0 	 11.31 
695 	 0.0 	 11.31 
696 	 0.0 	 11.31 
697 	 0.0 	 11.31 
698 	 0.0 	 11.31 
699 	 0.0 	 11.31 
700 	 0.0 	 11.31 
701 	 0.0 	 11.31 
702 	 0.0 	 11.31 
703 	 0.0 	 11.31 
704 	 0.0 	 11.31 
705 	 0.0 	 16.96 
707 	 0.0 	 11.31 
708 	 0.0 	 11.31 
710 	 0.0 	 5.65 
711 	 0.0 	 11.31 
713 	 0.0 	 5.65 
715 	 0.0 	 11.31 
716 	 0.0 	 11.31 
717 	 0.0 	 11.31 
718 	 0.0 	 11.31 
722 	 0.0 	 11.31 
723 	 0.0 	 11.31 
724 	 0.0 	 11.31 
725 	 0.0 	 11.31 
726 	 0.0 	 11.31 
727 	 0.0 	 11.31 
728 	 0.0 	 11.31 
730 	 0.0 	 11.31 
731 	 0.0 	 11.31 
732 	 0.0 	 11.31 
733 	 0.0 	 11.31 
734 	 0.0 	 11.31 
735 	 0.0 	 11.31 
736 	 0.0 	 11.31 
737 	 0.0 	 11.31 
738 	 0.0 	 11.31 
739 	 0.0 	 11.31 
740 	 0.0 	 11.31 
741 	 0.0 	 11.31 
742 	 0.0 	 11.31 
745 	 0.0 	 5.65 
746 	 0.0 	 5.65 
747 	 0.0 	 0.00 
748 	 0.0 	 0.00 
749 	 0.0 	 0.00 
750 	 0.0 	 0.00 
752 	 0.0 	 0.00 
753 	 0.0 	 0.00 
754 	 0.0 	 0.00 
755 	 0.0 	 0.00 
756 	 0.0 	 0.00 
757 	 0.0 	 0.00 
758 	 0.0 	 0.00 
760 	 0.0 	 0.00 
761 	 0.0 	 0.00 
762 	 0.0 	 5.65 
763 	 0.0 	 5.65 
764 	 0.0 	 11.31 
765 	 0.0 	 5.65 
767 	 0.0 	 11.31 
768 	 0.0 	 11.31 
769 	 0.0 	 11.31 
770 	 0.0 	 11.31 
771 	 0.0 	 11.31 
772 	 0.0 	 11.31 
773 	 0.0 	 11.31 
774 	 0.0 	 11.31 
775 	 0.0 	 11.31 
776 	 0.0 	 11.31 
777 	 0.0 	 11.31 
778 	 0.0 	 11.31 
779 	 0.0 	 11.31 
781 	 0.0 	 16.96 
782 	 0.0 	 16.96 
783 	 0.0 	 11.31 
784 	 0.0 	 11.31 
785 	 0.0 	 11.31 
786 	 0.0 	 11.31 
787 	 0.0 	 11.31 
788 	 0.0 	 11.31 
789 	 0.0 	 11.31 
790 	 0.0 	 11.31 
791 	 0.0 	 11.31 
792 	 0.0 	 11.31 
793 	 0.0 	 11.31 
794 	 0.0 	 11.31 
795 	 0.0 	 11.31 
796 	 0.0 	 11.31 
797 	 0.0 	 11.31 
798 	 0.0 	 11.31 
799 	 0.0 	 11.31 
800 	 0.0 	 11.31 
802 	 0.0 	 11.31 
803 	 0.0 	 11.31 
804 	 0.0 	 11.31 
805 	 0.0 	 11.31 
806 	 0.0 	 11.31 
807 	 0.0 	 11.31 
808 	 0.0 	 11.31 
810 	 0.0 	 11.31 
811 	 0.0 	 11.31 
812 	 0.0 	 11.31 
813 	 0.0 	 5.65 
814 	 0.0 	 5.65 
815 	 0.0 	 5.65 
816 	 0.0 	 5.65 
817 	 0.0 	 5.65 
818 	 0.0 	 11.31 
819 	 0.0 	 16.96 
820 	 0.0 	 16.96 
822 	 0.0 	 22.62 
823 	 0.0 	 22.62 
824 	 0.0 	 22.62 
825 	 0.0 	 28.27 
826 	 0.0 	 28.27 
827 	 0.0 	 22.62 
828 	 0.0 	 28.27 
829 	 0.0 	 28.27 
831 	 0.0 	 28.27 
832 	 0.0 	 22.62 
833 	 0.0 	 28.27 
834 	 0.0 	 22.62 
835 	 0.0 	 22.62 
836 	 0.0 	 22.62 
837 	 0.0 	 22.62 
838 	 0.0 	 22.62 
839 	 0.0 	 16.96 
840 	 0.0 	 11.31 
841 	 0.0 	 11.31 
842 	 0.0 	 5.65 
843 	 0.0 	 11.31 
844 	 0.0 	 11.31 
846 	 0.0 	 16.96 
847 	 0.0 	 22.62 
848 	 0.0 	 22.62 
849 	 0.0 	 22.62 
850 	 0.0 	 22.62 
851 	 0.0 	 22.62 
852 	 0.0 	 22.62 
853 	 0.0 	 16.96 
854 	 0.0 	 11.31 
855 	 0.0 	 5.65 
856 	 0.0 	 0.00 
858 	 0.0 	 0.00 
859 	 0.0 	 5.65 
860 	 0.0 	 5.65 
861 	 0.0 	 11.31 
862 	 0.0 	 16.96 
863 	 0.0 	 16.96 
865 	 0.0 	 22.62 
866 	 0.0 	 28.27 
867 	 0.0 	 28.27 
868 	 0.0 	 28.27 
869 	 0.0 	 28.27 
870 	 0.0 	 16.96 
871 	 0.0 	 11.31 
872 	 0.0 	 5.65 
873 	 0.0 	 11.31 
874 	 0.0 	 11.31 
875 	 0.0 	 11.31 
876 	 0.0 	 5.65 
877 	 0.0 	 5.65 
878 	 0.0 	 11.31 
879 	 0.0 	 16.96 
880 	 0.0 	 11.31 
881 	 0.0 	 5.65 
882 	 0.0 	 5.65 
883 	 0.0 	 11.31 
884 	 0.0 	 11.31 
885 	 0.0 	 0.00 
886 	 0.0 	 5.65 
887 	 0.0 	 5.65 
888 	 0.0 	 5.65 
889 	 0.0 	 11.31 
890 	 0.0 	 11.31 
891 	 0.0 	 11.31 
892 	 0.0 	 11.31 
893 	 0.0 	 16.96 
894 	 0.0 	 11.31 
895 	 0.0 	 5.65 
896 	 0.0 	 5.65 
897 	 0.0 	 0.00 
898 	 0.0 	 5.65 
899 	 0.0 	 0.00 
902 	 0.0 	 5.65 
903 	 0.0 	 5.65 
905 	 0.0 	 11.31 
906 	 0.0 	 11.31 
907 	 0.0 	 11.31 
908 	 0.0 	 16.96 
909 	 0.0 	 16.96 
910 	 0.0 	 16.96 
911 	 0.0 	 16.96 
912 	 0.0 	 16.96 
913 	 0.0 	 16.96 
914 	 0.0 	 16.96 
915 	 0.0 	 16.96 
916 	 0.0 	 16.96 
918 	 0.0 	 22.62 
919 	 0.0 	 22.62 
920 	 0.0 	 22.62 
921 	 0.0 	 22.62 
922 	 0.0 	 22.62 
923 	 0.0 	 16.96 
924 	 0.0 	 22.62 
925 	 0.0 	 16.96 
926 	 0.0 	 22.62 
927 	 0.0 	 16.96 
928 	 0.0 	 16.96 
929 	 0.0 	 16.96 
930 	 0.0 	 16.96 
931 	 0.0 	 16.96 
932 	 0.0 	 16.96 
933 	 0.0 	 22.62 
934 	 0.0 	 16.96 
935 	 0.0 	 16.96 
936 	 0.0 	 22.62 
937 	 0.0 	 22.62 
938 	 0.0 	 22.62 
940 	 0.0 	 22.62 
941 	 0.0 	 22.62 
942 	 0.0 	 28.27 
943 	 0.0 	 22.62 
944 	 0.0 	 22.62 
945 	 0.0 	 16.96 
947 	 0.0 	 16.96 
948 	 0.0 	 16.96 
949 	 0.0 	 16.96 
950 	 0.0 	 11.31 
951 	 0.0 	 11.31 
952 	 0.0 	 11.31 
953 	 0.0 	 11.31 
954 	 0.0 	 11.31 
955 	 0.0 	 11.31 
956 	 0.0 	 11.31 
957 	 0.0 	 11.31 
959 	 0.0 	 16.96 
960 	 0.0 	 16.96 
961 	 0.0 	 11.31 
962 	 0.0 	 11.31 
963 	 0.0 	 11.31 
964 	 0.0 	 11.31 
965 	 0.0 	 0.00 
966 	 0.0 	 5.65 
967 	 0.0 	 0.00 
968 	 0.0 	 5.65 
969 	 0.0 	 5.65 
970 	 0.0 	 5.65 
971 	 0.0 	 5.65 
972 	 0.0 	 0.00 
976 	 0.0 	 5.65 
977 	 0.0 	 5.65 
978 	 0.0 	 5.65 
979 	 0.0 	 11.31 
980 	 0.0 	 11.31 
981 	 0.0 	 11.31 
982 	 0.0 	 11.31 
983 	 0.0 	 11.31 
984 	 0.0 	 5.65 
985 	 0.0 	 5.65 
986 	 0.0 	 5.65 
987 	 0.0 	 5.65 
988 	 0.0 	 11.31 
989 	 0.0 	 5.65 
991 	 0.0 	 5.65 
992 	 0.0 	 5.65 
993 	 0.0 	 11.31 
994 	 0.0 	 11.31 
995 	 0.0 	 16.96 
997 	 0.0 	 16.96 
998 	 0.0 	 16.96 
999 	 0.0 	 16.96 
1000 	 0.0 	 16.96 
1001 	 0.0 	 16.96 
1002 	 0.0 	 16.96 
1003 	 0.0 	 16.96 
1004 	 0.0 	 16.96 
1005 	 0.0 	 16.96 
1006 	 0.0 	 16.96 
1007 	 0.0 	 16.96 
1008 	 0.0 	 16.96 
1009 	 0.0 	 16.96 
1010 	 0.0 	 16.96 
1011 	 0.0 	 16.96 
1012 	 0.0 	 16.96 
1013 	 0.0 	 5.65 
1014 	 0.0 	 0.00 
1015 	 0.0 	 0.00 
1016 	 0.0 	 5.65 
1017 	 0.0 	 5.65 
1018 	 0.0 	 5.65 
1019 	 0.0 	 11.31 
1020 	 0.0 	 16.96 
1021 	 0.0 	 16.96 
1022 	 0.0 	 16.96 
1025 	 0.0 	 16.96 
1026 	 0.0 	 16.96 
1027 	 0.0 	 16.96 
1028 	 0.0 	 16.96 
1029 	 0.0 	 22.62 
1030 	 0.0 	 22.62 
1032 	 0.0 	 22.62 
1033 	 0.0 	 22.62 
1034 	 0.0 	 22.62 
1035 	 0.0 	 22.62 
1036 	 0.0 	 22.62 
1040 	 0.0 	 22.62 
1041 	 0.0 	 16.96 
1042 	 0.0 	 22.62 
1043 	 0.0 	 22.62 
1044 	 0.0 	 16.96 
1045 	 0.0 	 16.96 
1046 	 0.0 	 16.96 
1047 	 0.0 	 16.96 
1048 	 0.0 	 16.96 
1049 	 0.0 	 22.62 
1050 	 0.0 	 22.62 
1051 	 0.0 	 16.96 
1052 	 0.0 	 22.62 
1053 	 0.0 	 22.62 
1054 	 0.0 	 16.96 
1056 	 0.0 	 22.62 
1057 	 0.0 	 22.62 
1058 	 0.0 	 22.62 
1059 	 0.0 	 22.62 
1060 	 0.0 	 22.62 
1061 	 0.0 	 22.62 
1063 	 0.0 	 22.62 
1065 	 0.0 	 22.62 
1066 	 0.0 	 22.62 
1067 	 0.0 	 28.27 
1068 	 0.0 	 28.27 
1069 	 0.0 	 28.27 
1070 	 0.0 	 28.27 
1072 	 0.0 	 28.27 
1073 	 0.0 	 28.27 
1074 	 0.0 	 28.27 
1075 	 0.0 	 22.62 
1076 	 0.0 	 22.62 
1077 	 0.0 	 22.62 
1079 	 0.0 	 22.62 
1080 	 0.0 	 16.96 
1081 	 0.0 	 22.62 
1082 	 0.0 	 22.62 
1083 	 0.0 	 22.62 
1084 	 0.0 	 16.96 
1085 	 0.0 	 16.96 
1086 	 0.0 	 16.96 
1087 	 0.0 	 16.96 
1088 	 0.0 	 5.65 
1089 	 0.0 	 11.31 
1090 	 0.0 	 11.31 
1092 	 0.0 	 16.96 
1093 	 0.0 	 16.96 
1094 	 0.0 	 16.96 
1095 	 0.0 	 16.96 
1096 	 0.0 	 11.31 
1098 	 0.0 	 11.31 
1099 	 0.0 	 11.31 
1100 	 0.0 	 5.65 
1102 	 0.0 	 5.65 
1103 	 0.0 	 5.65 
1104 	 0.0 	 11.31 
1105 	 0.0 	 16.96 
1107 	 0.0 	 16.96 
1109 	 0.0 	 22.62 
1110 	 0.0 	 22.62 
1111 	 0.0 	 22.62 
1112 	 0.0 	 22.62 
1113 	 0.0 	 22.62 
1114 	 0.0 	 22.62 
1116 	 0.0 	 16.96 
1118 	 0.0 	 16.96 
1119 	 0.0 	 16.96 
1120 	 0.0 	 22.62 
1121 	 0.0 	 16.96 
1124 	 0.0 	 11.31 
1125 	 0.0 	 11.31 
1126 	 0.0 	 5.65 
1127 	 0.0 	 0.00 
1128 	 0.0 	 5.65 
1129 	 0.0 	 5.65 
1130 	 0.0 	 11.31 
1132 	 0.0 	 11.31 
1133 	 0.0 	 16.96 
1134 	 0.0 	 16.96 
1135 	 0.0 	 16.96 
1136 	 0.0 	 11.31 
1139 	 0.0 	 11.31 
1140 	 0.0 	 11.31 
1141 	 0.0 	 5.65 
1142 	 0.0 	 11.31 
1143 	 0.0 	 11.31 
1144 	 0.0 	 11.31 
1145 	 0.0 	 11.31 
1146 	 0.0 	 5.65 
1147 	 0.0 	 5.65 
1148 	 0.0 	 11.31 
1149 	 0.0 	 11.31 
1150 	 0.0 	 16.96 
1153 	 0.0 	 16.96 
1155 	 0.0 	 11.31 
1156 	 0.0 	 5.65 
1157 	 0.0 	 5.65 
1158 	 0.0 	 5.65 
1159 	 0.0 	 0.00 
1161 	 0.0 	 0.00 
1162 	 0.0 	 0.00 
1163 	 0.0 	 0.00 
1164 	 0.0 	 0.00 
1165 	 0.0 	 0.00 
1166 	 0.0 	 0.00 
1167 	 0.0 	 0.00 
1168 	 0.0 	 0.00 
1169 	 0.0 	 0.00 
1170 	 0.0 	 0.00 
1171 	 0.0 	 0.00 
1172 	 0.0 	 0.00 
1173 	 0.0 	 0.00 
1174 	 0.0 	 0.00 
1175 	 0.0 	 0.00 
1176 	 0.0 	 5.65 
1177 	 0.0 	 5.65 
1178 	 0.0 	 5.65 
1179 	 0.0 	 11.31 
1180 	 0.0 	 11.31 
1181 	 0.0 	 16.96 
1183 	 0.0 	 5.65 
1184 	 0.0 	 5.65 
1185 	 0.0 	 5.65 
1186 	 0.0 	 5.65 
1187 	 0.0 	 5.65 
1188 	 0.0 	 11.31 
1189 	 0.0 	 16.96 
1191 	 0.0 	 16.96 
1192 	 0.0 	 16.96 
1193 	 0.0 	 16.96 
1194 	 0.0 	 11.31 
1195 	 0.0 	 11.31 
1197 	 0.0 	 11.31 
1198 	 0.0 	 11.31 
1199 	 0.0 	 5.65 
1201 	 0.0 	 11.31 
1202 	 0.0 	 16.96 
1203 	 0.0 	 16.96 
1204 	 0.0 	 11.31 
1208 	 0.0 	 11.31 
1209 	 0.0 	 11.31 
1210 	 0.0 	 11.31 
1211 	 0.0 	 11.31 
1212 	 0.0 	 16.96 
1213 	 0.0 	 11.31 
1215 	 0.0 	 16.96 
1216 	 0.0 	 16.96 
1217 	 0.0 	 5.65 
1218 	 0.0 	 5.65 
1219 	 0.0 	 0.00 
1220 	 0.0 	 5.65 
1222 	 0.0 	 5.65 
1224 	 0.0 	 11.31 
1225 	 0.0 	 11.31 
1226 	 0.0 	 11.31 
1227 	 0.0 	 11.31 
1228 	 0.0 	 11.31 
1230 	 0.0 	 16.96 
1231 	 0.0 	 16.96 
1232 	 0.0 	 16.96 
1233 	 0.0 	 16.96 
1234 	 0.0 	 16.96 
1235 	 0.0 	 16.96 
1236 	 0.0 	 11.31 
1237 	 0.0 	 11.31 
1238 	 0.0 	 11.31 
1239 	 0.0 	 11.31 
1240 	 0.0 	 5.65 
1241 	 0.0 	 5.65 
1242 	 0.0 	 5.65 
1244 	 0.0 	 5.65 
1245 	 0.0 	 0.00 
1246 	 0.0 	 5.65 
1247 	 0.0 	 11.31 
1248 	 0.0 	 5.65 
1249 	 0.0 	 11.31 
1250 	 0.0 	 11.31 
1251 	 0.0 	 5.65 
1252 	 0.0 	 11.31 
1253 	 0.0 	 11.31 
1254 	 0.0 	 11.31 
1255 	 0.0 	 11.31 
1256 	 0.0 	 11.31 
1257 	 0.0 	 16.96 
1259 	 0.0 	 11.31 
1260 	 0.0 	 11.31 
1261 	 0.0 	 11.31 
1262 	 0.0 	 16.96 
1263 	 0.0 	 16.96 
1264 	 0.0 	 11.31 
1265 	 0.0 	 16.96 
1266 	 0.0 	 16.96 
1267 	 0.0 	 11.31 
1268 	 0.0 	 11.31 
1269 	 0.0 	 16.96 
1270 	 0.0 	 16.96 
1271 	 0.0 	 11.31 
1274 	 0.0 	 11.31 
1275 	 0.0 	 16.96 
1276 	 0.0 	 11.31 
1277 	 0.0 	 11.31 
1278 	 0.0 	 16.96 
1279 	 0.0 	 16.96 
1280 	 0.0 	 11.31 
1282 	 0.0 	 11.31 
1283 	 0.0 	 5.65 
1284 	 0.0 	 5.65 
1285 	 0.0 	 5.65 
1286 	 0.0 	 5.65 
1288 	 0.0 	 5.65 
1289 	 0.0 	 5.65 
1290 	 0.0 	 11.31 
1291 	 0.0 	 11.31 
1292 	 0.0 	 11.31 
1293 	 0.0 	 11.31 
1295 	 0.0 	 11.31 
1296 	 0.0 	 11.31 
1297 	 0.0 	 11.31 
1298 	 0.0 	 11.31 
1299 	 0.0 	 11.31 
1300 	 0.0 	 5.65 
1301 	 0.0 	 5.65 
1302 	 0.0 	 5.65 
1303 	 0.0 	 5.65 
1304 	 0.0 	 11.31 
1305 	 0.0 	 5.65 
1306 	 0.0 	 5.65 
1307 	 0.0 	 5.65 
1308 	 0.0 	 5.65 
1309 	 0.0 	 0.00 
1310 	 0.0 	 0.00 
1311 	 0.0 	 5.65 
1312 	 0.0 	 5.65 
1313 	 0.0 	 5.65 
1314 	 0.0 	 0.00 
1315 	 0.0 	 0.00 
1316 	 0.0 	 0.00 
1317 	 0.0 	 0.00 
1318 	 0.0 	 0.00 
1319 	 0.0 	 5.65 
1320 	 0.0 	 0.00 
1321 	 0.0 	 0.00 
1323 	 0.0 	 5.65 
1324 	 0.0 	 5.65 
1326 	 0.0 	 5.65 
1327 	 0.0 	 5.65 
1328 	 0.0 	 5.65 
1329 	 0.0 	 5.65 
1330 	 0.0 	 5.65 
1331 	 0.0 	 11.31 
1332 	 0.0 	 11.31 
1333 	 0.0 	 11.31 
1334 	 0.0 	 11.31 
1335 	 0.0 	 11.31 
1336 	 0.0 	 11.31 
1337 	 0.0 	 11.31 
1338 	 0.0 	 11.31 
1340 	 0.0 	 11.31 
1341 	 0.0 	 11.31 
1342 	 0.0 	 11.31 
1343 	 0.0 	 11.31 
1344 	 0.0 	 11.31 
1345 	 0.0 	 16.96 
1346 	 0.0 	 11.31 
1347 	 0.0 	 11.31 
1348 	 0.0 	 11.31 
1349 	 0.0 	 11.31 
1350 	 0.0 	 11.31 
1351 	 0.0 	 16.96 
1352 	 0.0 	 11.31 
1353 	 0.0 	 11.31 
1354 	 0.0 	 16.96 
1356 	 0.0 	 11.31 
1357 	 0.0 	 11.31 
1358 	 0.0 	 11.31 
1359 	 0.0 	 11.31 
1360 	 0.0 	 16.96 
1361 	 0.0 	 16.96 
1362 	 0.0 	 16.96 
1363 	 0.0 	 16.96 
1364 	 0.0 	 16.96 
1365 	 0.0 	 16.96 
1366 	 0.0 	 16.96 
1367 	 0.0 	 16.96 
1368 	 0.0 	 16.96 
1369 	 0.0 	 16.96 
1371 	 0.0 	 11.31 
1372 	 0.0 	 11.31 
1373 	 0.0 	 11.31 
1374 	 0.0 	 11.31 
1375 	 0.0 	 11.31 
1376 	 0.0 	 11.31 
1377 	 0.0 	 5.65 
1378 	 0.0 	 5.65 
1379 	 0.0 	 5.65 
1380 	 0.0 	 5.65 
1382 	 0.0 	 5.65 
1384 	 0.0 	 5.65 
1385 	 0.0 	 5.65 
1386 	 0.0 	 5.65 
1387 	 0.0 	 5.65 
1389 	 0.0 	 5.65 
1391 	 0.0 	 0.00 
1392 	 0.0 	 0.00 
1393 	 0.0 	 0.00 
1394 	 0.0 	 0.00 
1395 	 0.0 	 0.00 
1396 	 0.0 	 0.00 
1397 	 0.0 	 0.00 
1398 	 0.0 	 0.00 
1399 	 0.0 	 0.00 
1400 	 0.0 	 0.00 
1401 	 0.0 	 0.00 
1403 	 0.0 	 0.00 
1404 	 0.0 	 0.00 
1406 	 0.0 	 0.00 
1407 	 0.0 	 0.00 
1408 	 0.0 	 5.65 
1409 	 0.0 	 5.65 
1410 	 0.0 	 5.65 
1411 	 0.0 	 5.65 
1412 	 0.0 	 5.65 
1413 	 0.0 	 11.31 
1414 	 0.0 	 11.31 
1416 	 0.0 	 11.31 
1417 	 0.0 	 11.31 
1418 	 0.0 	 5.65 
1419 	 0.0 	 5.65 
1420 	 0.0 	 5.65 
1421 	 0.0 	 5.65 
1422 	 0.0 	 5.65 
1423 	 0.0 	 5.65 
1424 	 0.0 	 5.65 
1425 	 0.0 	 5.65 
1426 	 0.0 	 5.65 
1427 	 0.0 	 5.65 
1428 	 0.0 	 5.65 
1429 	 0.0 	 5.65 
1430 	 0.0 	 11.31 
1432 	 0.0 	 11.31 
1433 	 0.0 	 11.31 
1434 	 0.0 	 11.31 
1435 	 0.0 	 5.65 
1436 	 0.0 	 5.65 
1437 	 0.0 	 5.65 
1438 	 0.0 	 5.65 
1439 	 0.0 	 5.65 
1440 	 0.0 	 5.65 
1441 	 0.0 	 5.65 
1442 	 0.0 	 5.65 
1443 	 0.0 	 5.65 
1444 	 0.0 	 5.65 
1445 	 0.0 	 5.65 
1446 	 0.0 	 5.65 
1447 	 0.0 	 11.31 
1448 	 0.0 	 11.31 
1449 	 0.0 	 11.31 
1450 	 0.0 	 11.31 
1451 	 0.0 	 11.31 
1452 	 0.0 	 11.31 
1453 	 0.0 	 16.96 
1454 	 0.0 	 11.31 
1455 	 0.0 	 11.31 
1456 	 0.0 	 11.31 
1457 	 0.0 	 5.65 
1458 	 0.0 	 5.65 
1459 	 0.0 	 5.65 
1460 	 0.0 	 5.65 
1461 	 0.0 	 5.65 
1462 	 0.0 	 5.65 
1463 	 0.0 	 0.00 
1464 	 0.0 	 0.00 
1465 	 0.0 	 5.65 
1466 	 0.0 	 5.65 
1470 	 0.0 	 0.00 
1472 	 0.0 	 5.65 
1473 	 0.0 	 5.65 
1474 	 0.0 	 5.65 
1475 	 0.0 	 0.00 
1477 	 0.0 	 5.65 
1478 	 0.0 	 5.65 
1479 	 0.0 	 5.65 
1480 	 0.0 	 5.65 
1481 	 0.0 	 5.65 
1482 	 0.0 	 5.65 
1483 	 0.0 	 5.65 
1487 	 0.0 	 5.65 
1488 	 0.0 	 5.65 
1489 	 0.0 	 5.65 
1491 	 0.0 	 5.65 
1492 	 0.0 	 0.00 
1493 	 0.0 	 5.65 
1494 	 0.0 	 0.00 
1495 	 0.0 	 5.65 
1496 	 0.0 	 0.00 
1497 	 0.0 	 5.65 
1498 	 0.0 	 0.00 
1500 	 0.0 	 5.65 
1501 	 0.0 	 5.65 
1502 	 0.0 	 0.00 
1503 	 0.0 	 5.65 
1504 	 0.0 	 5.65 
1505 	 0.0 	 5.65 
1506 	 0.0 	 0.00 
1507 	 0.0 	 5.65 
1508 	 0.0 	 5.65 
1509 	 0.0 	 5.65 
1510 	 0.0 	 0.00 
1511 	 0.0 	 5.65 
1512 	 0.0 	 5.65 
1513 	 0.0 	 5.65 
1514 	 0.0 	 5.65 
1515 	 0.0 	 0.00 
1516 	 0.0 	 5.65 
1517 	 0.0 	 5.65 
1518 	 0.0 	 5.65 
1520 	 0.0 	 5.65 
1521 	 0.0 	 5.65 
1522 	 0.0 	 5.65 
1523 	 0.0 	 5.65 
1524 	 0.0 	 5.65 
1525 	 0.0 	 5.65 
1528 	 0.0 	 5.65 
1530 	 0.0 	 0.00 
1531 	 0.0 	 5.65 
1532 	 0.0 	 5.65 
1533 	 0.0 	 5.65 
1534 	 0.0 	 5.65 
1535 	 0.0 	 0.00 
1536 	 0.0 	 5.65 
1537 	 0.0 	 5.65 
1538 	 0.0 	 0.00 
1539 	 0.0 	 5.65 
1540 	 0.0 	 0.00 
1542 	 0.0 	 5.65 
1543 	 0.0 	 0.00 
1544 	 0.0 	 5.65 
1545 	 0.0 	 5.65 
1546 	 0.0 	 5.65 
1547 	 0.0 	 0.00 
1548 	 0.0 	 5.65 
1549 	 0.0 	 5.65 
1551 	 0.0 	 5.65 
1552 	 0.0 	 5.65 
1553 	 0.0 	 5.65 
1554 	 0.0 	 5.65 
1557 	 0.0 	 0.00 
1558 	 0.0 	 5.65 
1559 	 0.0 	 5.65 
1560 	 0.0 	 5.65 
1561 	 0.0 	 5.65 
1562 	 0.0 	 0.00 
1563 	 0.0 	 5.65 
1564 	 0.0 	 5.65 
1565 	 0.0 	 5.65 
1566 	 0.0 	 0.00 
1567 	 0.0 	 0.00 
1568 	 0.0 	 5.65 
1569 	 0.0 	 0.00 
1571 	 0.0 	 0.00 
1573 	 0.0 	 5.65 
1574 	 0.0 	 0.00 
1575 	 0.0 	 5.65 
1576 	 0.0 	 0.00 
1577 	 0.0 	 5.65 
1578 	 0.0 	 0.00 
1579 	 0.0 	 0.00 
1580 	 0.0 	 0.00 
1581 	 0.0 	 0.00 
1582 	 0.0 	 0.00 
1585 	 0.0 	 5.65 
1586 	 0.0 	 0.00 
1588 	 0.0 	 5.65 
1589 	 0.0 	 0.00 
1590 	 0.0 	 5.65 
1591 	 0.0 	 5.65 
1593 	 0.0 	 5.65 
1594 	 0.0 	 5.65 
1595 	 0.0 	 0.00 
1596 	 0.0 	 5.65 
1598 	 0.0 	 5.65 
1599 	 0.0 	 0.00 
1600 	 0.0 	 5.65 
1601 	 0.0 	 5.65 
1602 	 0.0 	 5.65 
1603 	 0.0 	 0.00 
1604 	 0.0 	 0.00 
1605 	 0.0 	 5.65 
1606 	 0.0 	 0.00 
1607 	 0.0 	 0.00 
1609 	 0.0 	 5.65 
1610 	 0.0 	 0.00 
1611 	 0.0 	 5.65 
1612 	 0.0 	 0.00 
1613 	 0.0 	 0.00 
1616 	 0.0 	 0.00 
1617 	 0.0 	 0.00 
1618 	 0.0 	 0.00 
1619 	 0.0 	 0.00 
1620 	 0.0 	 0.00 
1622 	 0.0 	 0.00 
1623 	 0.0 	 0.00 
1624 	 0.0 	 0.00 
1625 	 0.0 	 0.00 
1626 	 0.0 	 5.65 
1627 	 0.0 	 0.00 
1629 	 0.0 	 0.00 
1630 	 0.0 	 5.65 
1631 	 0.0 	 0.00 
1632 	 0.0 	 0.00 
1633 	 0.0 	 5.65 
1635 	 0.0 	 0.00 
1636 	 0.0 	 0.00 
1637 	 0.0 	 0.00 
1638 	 0.0 	 5.65 
1639 	 0.0 	 0.00 
1640 	 0.0 	 0.00 
1641 	 0.0 	 0.00 
1644 	 0.0 	 0.00 
1646 	 0.0 	 5.65 
1647 	 0.0 	 0.00 
1648 	 0.0 	 0.00 
1649 	 0.0 	 0.00 
1651 	 0.0 	 0.00 
1653 	 0.0 	 0.00 
1654 	 0.0 	 0.00 
1655 	 0.0 	 0.00 
1656 	 0.0 	 5.65 
1657 	 0.0 	 0.00 
1658 	 0.0 	 5.65 
1659 	 0.0 	 5.65 
1660 	 0.0 	 0.00 
1661 	 0.0 	 0.00 
1662 	 0.0 	 0.00 
1663 	 0.0 	 0.00 
1664 	 0.0 	 0.00 
1665 	 0.0 	 5.65 
1667 	 0.0 	 0.00 
1668 	 0.0 	 0.00 
1669 	 0.0 	 0.00 
1670 	 0.0 	 0.00 
1671 	 0.0 	 5.65 
1672 	 0.0 	 0.00 
1673 	 0.0 	 0.00 
1674 	 0.0 	 0.00 
1675 	 0.0 	 5.65 
1676 	 0.0 	 0.00 
1677 	 0.0 	 0.00 
1681 	 0.0 	 5.65 
1683 	 0.0 	 0.00 
1684 	 0.0 	 0.00 
1685 	 0.0 	 0.00 
1686 	 0.0 	 5.65 
1687 	 0.0 	 0.00 
1688 	 0.0 	 0.00 
1689 	 0.0 	 5.65 
1690 	 0.0 	 0.00 
1691 	 0.0 	 5.65 
1692 	 0.0 	 0.00 
1694 	 0.0 	 0.00 
1695 	 0.0 	 5.65 
1696 	 0.0 	 0.00 
1697 	 0.0 	 5.65 
1698 	 0.0 	 0.00 
1699 	 0.0 	 5.65 
1700 	 0.0 	 5.65 
1701 	 0.0 	 0.00 
1702 	 0.0 	 5.65 
1703 	 0.0 	 5.65 
1704 	 0.0 	 5.65 
1705 	 0.0 	 0.00 
1706 	 0.0 	 5.65 
1707 	 0.0 	 5.65 
1708 	 0.0 	 0.00 
1709 	 0.0 	 5.65 
1710 	 0.0 	 0.00 
1711 	 0.0 	 5.65 
1712 	 0.0 	 0.00 
1713 	 0.0 	 5.65 
1715 	 0.0 	 5.65 
1716 	 0.0 	 5.65 
1717 	 0.0 	 5.65 
1718 	 0.0 	 5.65 
1719 	 0.0 	 5.65 
1720 	 0.0 	 5.65 
1722 	 0.0 	 5.65 
1723 	 0.0 	 11.31 
1724 	 0.0 	 11.31 
1725 	 0.0 	 11.31 
1726 	 0.0 	 11.31 
1727 	 0.0 	 11.31 
1728 	 0.0 	 11.31 
1730 	 0.0 	 5.65 
1731 	 0.0 	 5.65 
1732 	 0.0 	 5.65 
1733 	 0.0 	 0.00 
1734 	 0.0 	 0.00 
1735 	 0.0 	 5.65 
1736 	 0.0 	 0.00 
1737 	 0.0 	 0.00 
1738 	 0.0 	 0.00 
1739 	 0.0 	 5.65 
1740 	 0.0 	 0.00 
1743 	 0.0 	 0.00 
1744 	 0.0 	 0.00 
1746 	 0.0 	 0.00 
1747 	 0.0 	 0.00 
1748 	 0.0 	 0.00 
1749 	 0.0 	 5.65 
1750 	 0.0 	 0.00 
1751 	 0.0 	 0.00 
1752 	 0.0 	 0.00 
1753 	 0.0 	 0.00 
1754 	 0.0 	 0.00 
1755 	 0.0 	 0.00 
1756 	 0.0 	 0.00 
1757 	 0.0 	 0.00 
1760 	 0.0 	 0.00 
1761 	 0.0 	 0.00 
1762 	 0.0 	 0.00 
1763 	 0.0 	 0.00 
1764 	 0.0 	 0.00 
1766 	 0.0 	 0.00 
1767 	 0.0 	 0.00 
1768 	 0.0 	 0.00 
1769 	 0.0 	 0.00 
1770 	 0.0 	 0.00 
1771 	 0.0 	 0.00 
1772 	 0.0 	 0.00 
