1 	 0.0 	 0.46 
2 	 0.0 	 0.46 
3 	 0.0 	 0.45 
4 	 0.0 	 0.45 
5 	 0.0 	 0.44 
6 	 0.0 	 0.44 
7 	 0.0 	 0.43 
8 	 0.0 	 0.43 
9 	 0.0 	 0.42 
10 	 0.0 	 0.42 
11 	 0.0 	 0.41 
12 	 0.0 	 0.41 
13 	 0.0 	 0.38 
14 	 0.0 	 0.36 
15 	 0.0 	 0.36 
16 	 0.0 	 0.35 
17 	 0.0 	 0.33 
18 	 0.0 	 20.38 
19 	 0.0 	 20.38 
20 	 0.0 	 20.38 
21 	 0.0 	 20.37 
22 	 0.0 	 20.37 
23 	 0.0 	 20.37 
24 	 0.0 	 20.37 
25 	 0.0 	 20.37 
26 	 0.0 	 20.37 
27 	 0.0 	 20.37 
28 	 0.0 	 20.37 
29 	 0.0 	 20.37 
30 	 0.0 	 20.36 
31 	 0.0 	 20.37 
32 	 0.0 	 20.37 
33 	 0.0 	 20.37 
34 	 0.0 	 20.36 
35 	 0.0 	 20.36 
36 	 0.0 	 20.36 
37 	 0.0 	 20.37 
38 	 0.0 	 20.37 
39 	 0.0 	 20.36 
40 	 0.0 	 20.36 
41 	 0.0 	 20.36 
42 	 0.0 	 20.36 
43 	 0.0 	 20.36 
44 	 0.0 	 20.36 
45 	 0.0 	 20.36 
46 	 0.0 	 20.36 
47 	 0.0 	 20.36 
48 	 0.0 	 20.29 
49 	 0.0 	 20.34 
50 	 0.0 	 20.34 
51 	 0.0 	 20.34 
52 	 0.0 	 20.34 
53 	 0.0 	 20.34 
54 	 0.0 	 20.35 
55 	 0.0 	 20.35 
56 	 0.0 	 20.35 
57 	 0.0 	 20.35 
58 	 0.0 	 20.35 
59 	 0.0 	 19.50 
60 	 0.0 	 18.13 
61 	 0.0 	 18.22 
62 	 0.0 	 18.16 
63 	 0.0 	 18.03 
64 	 0.0 	 20.10 
65 	 0.0 	 20.17 
66 	 0.0 	 20.19 
67 	 0.0 	 20.21 
68 	 0.0 	 20.22 
69 	 0.0 	 20.23 
70 	 0.0 	 20.23 
71 	 0.0 	 20.24 
72 	 0.0 	 20.24 
73 	 0.0 	 20.25 
74 	 0.0 	 20.25 
75 	 0.0 	 20.25 
76 	 0.0 	 20.26 
77 	 0.0 	 20.26 
78 	 0.0 	 20.26 
79 	 0.0 	 18.42 
80 	 0.0 	 20.16 
81 	 0.0 	 20.21 
82 	 0.0 	 20.23 
83 	 0.0 	 20.23 
84 	 0.0 	 20.24 
86 	 0.0 	 20.25 
87 	 0.0 	 20.25 
88 	 0.0 	 18.29 
89 	 0.0 	 20.22 
90 	 0.0 	 18.17 
91 	 0.0 	 18.01 
92 	 0.0 	 17.98 
93 	 0.0 	 17.97 
94 	 0.0 	 18.02 
95 	 0.0 	 18.20 
96 	 0.0 	 18.29 
97 	 0.0 	 18.25 
98 	 0.0 	 18.56 
99 	 0.0 	 18.42 
100 	 0.0 	 19.44 
101 	 0.0 	 19.98 
102 	 0.0 	 20.01 
103 	 0.0 	 17.87 
104 	 0.0 	 17.87 
105 	 0.0 	 17.84 
106 	 0.0 	 17.92 
107 	 0.0 	 17.85 
108 	 0.0 	 18.23 
109 	 0.0 	 18.44 
110 	 0.0 	 18.62 
111 	 0.0 	 18.84 
112 	 0.0 	 19.07 
113 	 0.0 	 19.28 
114 	 0.0 	 19.39 
115 	 0.0 	 19.38 
116 	 0.0 	 19.32 
117 	 0.0 	 19.17 
118 	 0.0 	 18.99 
119 	 0.0 	 19.05 
120 	 0.0 	 18.88 
121 	 0.0 	 18.77 
122 	 0.0 	 18.53 
123 	 0.0 	 18.16 
124 	 0.0 	 17.94 
125 	 0.0 	 17.86 
126 	 0.0 	 17.76 
127 	 0.0 	 17.69 
128 	 0.0 	 17.69 
129 	 0.0 	 17.66 
130 	 0.0 	 17.49 
131 	 0.0 	 17.51 
132 	 0.0 	 17.65 
133 	 0.0 	 17.69 
134 	 0.0 	 17.78 
135 	 0.0 	 17.82 
136 	 0.0 	 17.99 
137 	 0.0 	 18.33 
138 	 0.0 	 18.49 
140 	 0.0 	 18.59 
141 	 0.0 	 18.68 
142 	 0.0 	 18.79 
143 	 0.0 	 18.68 
144 	 0.0 	 18.74 
145 	 0.0 	 18.81 
146 	 0.0 	 19.10 
147 	 0.0 	 19.27 
148 	 0.0 	 19.53 
149 	 0.0 	 19.67 
150 	 0.0 	 19.72 
151 	 0.0 	 19.73 
152 	 0.0 	 19.75 
153 	 0.0 	 19.76 
154 	 0.0 	 19.70 
155 	 0.0 	 17.59 
156 	 0.0 	 19.71 
157 	 0.0 	 19.74 
158 	 0.0 	 19.76 
160 	 0.0 	 17.62 
161 	 0.0 	 17.63 
162 	 0.0 	 17.58 
163 	 0.0 	 18.05 
164 	 0.0 	 18.41 
165 	 0.0 	 18.44 
166 	 0.0 	 18.39 
167 	 0.0 	 19.60 
168 	 0.0 	 19.64 
169 	 0.0 	 17.62 
170 	 0.0 	 18.15 
171 	 0.0 	 18.58 
172 	 0.0 	 18.74 
173 	 0.0 	 18.84 
174 	 0.0 	 18.86 
175 	 0.0 	 18.84 
176 	 0.0 	 18.87 
177 	 0.0 	 18.85 
178 	 0.0 	 18.79 
179 	 0.0 	 18.90 
180 	 0.0 	 18.82 
181 	 0.0 	 18.66 
182 	 0.0 	 18.64 
183 	 0.0 	 18.65 
184 	 0.0 	 18.59 
185 	 0.0 	 18.62 
186 	 0.0 	 18.64 
187 	 0.0 	 18.72 
188 	 0.0 	 18.80 
189 	 0.0 	 19.20 
190 	 0.0 	 19.31 
192 	 0.0 	 19.59 
194 	 0.0 	 19.63 
195 	 0.0 	 19.65 
196 	 0.0 	 19.66 
197 	 0.0 	 19.66 
198 	 0.0 	 18.12 
199 	 0.0 	 18.09 
200 	 0.0 	 18.03 
201 	 0.0 	 17.99 
202 	 0.0 	 17.82 
203 	 0.0 	 17.66 
204 	 0.0 	 17.83 
205 	 0.0 	 18.02 
206 	 0.0 	 18.20 
207 	 0.0 	 18.32 
208 	 0.0 	 18.27 
209 	 0.0 	 18.39 
210 	 0.0 	 18.32 
211 	 0.0 	 18.34 
212 	 0.0 	 18.34 
213 	 0.0 	 18.47 
214 	 0.0 	 19.53 
215 	 0.0 	 19.56 
216 	 0.0 	 19.58 
217 	 0.0 	 19.60 
218 	 0.0 	 19.61 
219 	 0.0 	 19.63 
220 	 0.0 	 19.64 
221 	 0.0 	 19.65 
222 	 0.0 	 19.66 
223 	 0.0 	 19.67 
224 	 0.0 	 19.67 
225 	 0.0 	 19.68 
226 	 0.0 	 19.69 
227 	 0.0 	 19.70 
228 	 0.0 	 19.70 
229 	 0.0 	 19.71 
230 	 0.0 	 19.71 
231 	 0.0 	 17.61 
233 	 0.0 	 17.54 
234 	 0.0 	 17.53 
235 	 0.0 	 17.49 
236 	 0.0 	 17.89 
237 	 0.0 	 18.09 
238 	 0.0 	 18.14 
239 	 0.0 	 18.24 
240 	 0.0 	 18.31 
241 	 0.0 	 18.34 
242 	 0.0 	 18.31 
243 	 0.0 	 18.26 
244 	 0.0 	 18.40 
245 	 0.0 	 18.23 
246 	 0.0 	 18.08 
247 	 0.0 	 17.75 
248 	 0.0 	 17.63 
249 	 0.0 	 17.42 
250 	 0.0 	 17.46 
251 	 0.0 	 17.21 
252 	 0.0 	 17.41 
253 	 0.0 	 17.24 
254 	 0.0 	 17.25 
255 	 0.0 	 17.34 
256 	 0.0 	 17.36 
257 	 0.0 	 17.48 
258 	 0.0 	 17.64 
259 	 0.0 	 17.93 
260 	 0.0 	 18.04 
262 	 0.0 	 18.23 
263 	 0.0 	 18.38 
264 	 0.0 	 18.35 
265 	 0.0 	 18.70 
266 	 0.0 	 19.12 
267 	 0.0 	 19.33 
268 	 0.0 	 19.36 
269 	 0.0 	 19.35 
270 	 0.0 	 19.37 
271 	 0.0 	 19.24 
272 	 0.0 	 18.95 
273 	 0.0 	 18.87 
274 	 0.0 	 18.82 
275 	 0.0 	 18.68 
276 	 0.0 	 18.57 
277 	 0.0 	 18.54 
278 	 0.0 	 18.36 
279 	 0.0 	 18.41 
280 	 0.0 	 18.47 
281 	 0.0 	 18.38 
282 	 0.0 	 18.38 
283 	 0.0 	 18.39 
284 	 0.0 	 18.30 
285 	 0.0 	 18.41 
286 	 0.0 	 18.16 
287 	 0.0 	 17.75 
288 	 0.0 	 17.58 
289 	 0.0 	 17.37 
290 	 0.0 	 17.38 
291 	 0.0 	 17.34 
292 	 0.0 	 17.34 
293 	 0.0 	 17.34 
294 	 0.0 	 17.25 
295 	 0.0 	 17.24 
296 	 0.0 	 17.23 
298 	 0.0 	 17.19 
299 	 0.0 	 17.22 
300 	 0.0 	 17.24 
301 	 0.0 	 17.22 
302 	 0.0 	 17.22 
303 	 0.0 	 17.62 
304 	 0.0 	 17.86 
305 	 0.0 	 18.02 
306 	 0.0 	 18.13 
307 	 0.0 	 18.27 
308 	 0.0 	 18.34 
309 	 0.0 	 18.38 
310 	 0.0 	 18.44 
311 	 0.0 	 18.42 
312 	 0.0 	 18.42 
313 	 0.0 	 18.31 
314 	 0.0 	 18.16 
315 	 0.0 	 17.75 
316 	 0.0 	 17.60 
317 	 0.0 	 17.64 
318 	 0.0 	 17.72 
319 	 0.0 	 17.75 
320 	 0.0 	 17.86 
321 	 0.0 	 17.97 
322 	 0.0 	 17.98 
323 	 0.0 	 18.30 
324 	 0.0 	 18.43 
325 	 0.0 	 18.58 
326 	 0.0 	 18.62 
327 	 0.0 	 18.75 
328 	 0.0 	 18.70 
329 	 0.0 	 18.78 
330 	 0.0 	 18.84 
331 	 0.0 	 18.98 
332 	 0.0 	 18.91 
333 	 0.0 	 19.02 
334 	 0.0 	 19.06 
335 	 0.0 	 18.80 
336 	 0.0 	 18.63 
337 	 0.0 	 18.60 
338 	 0.0 	 18.42 
339 	 0.0 	 18.16 
340 	 0.0 	 18.02 
341 	 0.0 	 18.07 
342 	 0.0 	 18.29 
343 	 0.0 	 18.67 
344 	 0.0 	 18.83 
345 	 0.0 	 18.87 
346 	 0.0 	 18.78 
347 	 0.0 	 18.52 
348 	 0.0 	 19.27 
349 	 0.0 	 19.32 
350 	 0.0 	 19.34 
351 	 0.0 	 19.35 
352 	 0.0 	 19.37 
353 	 0.0 	 19.38 
354 	 0.0 	 18.75 
355 	 0.0 	 17.31 
356 	 0.0 	 17.42 
358 	 0.0 	 17.29 
359 	 0.0 	 17.46 
360 	 0.0 	 19.24 
361 	 0.0 	 19.28 
362 	 0.0 	 19.30 
363 	 0.0 	 17.29 
364 	 0.0 	 17.17 
365 	 0.0 	 17.35 
366 	 0.0 	 19.21 
367 	 0.0 	 19.26 
368 	 0.0 	 19.28 
369 	 0.0 	 19.30 
370 	 0.0 	 19.32 
371 	 0.0 	 17.25 
372 	 0.0 	 17.27 
373 	 0.0 	 17.28 
374 	 0.0 	 17.20 
375 	 0.0 	 17.28 
376 	 0.0 	 19.14 
377 	 0.0 	 19.21 
378 	 0.0 	 19.24 
379 	 0.0 	 18.71 
380 	 0.0 	 17.29 
381 	 0.0 	 17.26 
382 	 0.0 	 17.13 
383 	 0.0 	 17.39 
384 	 0.0 	 17.74 
385 	 0.0 	 17.92 
386 	 0.0 	 17.89 
387 	 0.0 	 17.91 
388 	 0.0 	 17.87 
389 	 0.0 	 17.95 
390 	 0.0 	 17.81 
391 	 0.0 	 17.99 
392 	 0.0 	 17.97 
393 	 0.0 	 17.89 
394 	 0.0 	 17.95 
396 	 0.0 	 17.97 
397 	 0.0 	 17.94 
398 	 0.0 	 19.12 
399 	 0.0 	 19.16 
400 	 0.0 	 19.19 
401 	 0.0 	 19.21 
402 	 0.0 	 19.22 
403 	 0.0 	 19.24 
404 	 0.0 	 17.75 
405 	 0.0 	 17.28 
406 	 0.0 	 17.19 
407 	 0.0 	 17.17 
408 	 0.0 	 17.11 
409 	 0.0 	 17.20 
410 	 0.0 	 17.49 
412 	 0.0 	 17.67 
413 	 0.0 	 17.69 
414 	 0.0 	 17.57 
416 	 0.0 	 17.60 
417 	 0.0 	 17.66 
418 	 0.0 	 17.50 
420 	 0.0 	 17.53 
421 	 0.0 	 17.61 
422 	 0.0 	 17.60 
423 	 0.0 	 17.65 
424 	 0.0 	 17.45 
425 	 0.0 	 17.54 
426 	 0.0 	 17.50 
427 	 0.0 	 17.49 
428 	 0.0 	 17.37 
430 	 0.0 	 17.47 
431 	 0.0 	 17.45 
432 	 0.0 	 17.38 
433 	 0.0 	 17.46 
434 	 0.0 	 16.82 
435 	 0.0 	 18.92 
436 	 0.0 	 18.99 
437 	 0.0 	 19.02 
438 	 0.0 	 19.05 
439 	 0.0 	 19.07 
440 	 0.0 	 19.09 
442 	 0.0 	 19.12 
443 	 0.0 	 19.14 
444 	 0.0 	 19.15 
445 	 0.0 	 19.16 
446 	 0.0 	 19.17 
447 	 0.0 	 19.18 
448 	 0.0 	 19.19 
449 	 0.0 	 19.20 
450 	 0.0 	 19.21 
451 	 0.0 	 19.22 
452 	 0.0 	 19.23 
453 	 0.0 	 19.24 
454 	 0.0 	 19.24 
455 	 0.0 	 18.17 
456 	 0.0 	 17.31 
457 	 0.0 	 17.17 
458 	 0.0 	 17.13 
459 	 0.0 	 17.22 
460 	 0.0 	 17.08 
461 	 0.0 	 16.99 
462 	 0.0 	 17.10 
463 	 0.0 	 17.37 
464 	 0.0 	 17.32 
465 	 0.0 	 17.30 
466 	 0.0 	 17.43 
467 	 0.0 	 17.49 
468 	 0.0 	 17.58 
469 	 0.0 	 17.61 
470 	 0.0 	 17.55 
471 	 0.0 	 17.59 
472 	 0.0 	 17.53 
473 	 0.0 	 17.55 
474 	 0.0 	 17.57 
475 	 0.0 	 17.71 
476 	 0.0 	 17.59 
477 	 0.0 	 17.25 
478 	 0.0 	 17.22 
479 	 0.0 	 17.34 
480 	 0.0 	 17.48 
481 	 0.0 	 17.61 
482 	 0.0 	 17.50 
483 	 0.0 	 17.50 
484 	 0.0 	 17.46 
485 	 0.0 	 17.45 
486 	 0.0 	 18.91 
487 	 0.0 	 18.95 
488 	 0.0 	 18.97 
490 	 0.0 	 19.01 
491 	 0.0 	 19.03 
492 	 0.0 	 19.05 
494 	 0.0 	 19.07 
495 	 0.0 	 17.14 
496 	 0.0 	 17.05 
497 	 0.0 	 16.92 
498 	 0.0 	 17.07 
499 	 0.0 	 17.05 
500 	 0.0 	 17.00 
501 	 0.0 	 16.95 
502 	 0.0 	 17.00 
503 	 0.0 	 16.90 
504 	 0.0 	 17.04 
505 	 0.0 	 16.99 
506 	 0.0 	 17.03 
507 	 0.0 	 17.30 
508 	 0.0 	 17.45 
509 	 0.0 	 17.47 
510 	 0.0 	 17.56 
511 	 0.0 	 17.76 
512 	 0.0 	 17.73 
513 	 0.0 	 17.74 
514 	 0.0 	 17.71 
516 	 0.0 	 17.54 
517 	 0.0 	 17.36 
518 	 0.0 	 17.23 
519 	 0.0 	 17.14 
520 	 0.0 	 17.01 
521 	 0.0 	 16.90 
522 	 0.0 	 16.90 
523 	 0.0 	 16.97 
524 	 0.0 	 16.91 
525 	 0.0 	 16.87 
526 	 0.0 	 16.85 
527 	 0.0 	 17.01 
528 	 0.0 	 16.98 
529 	 0.0 	 16.76 
530 	 0.0 	 16.90 
531 	 0.0 	 18.67 
532 	 0.0 	 18.73 
533 	 0.0 	 18.77 
534 	 0.0 	 18.79 
535 	 0.0 	 18.82 
536 	 0.0 	 18.84 
537 	 0.0 	 18.86 
538 	 0.0 	 18.87 
539 	 0.0 	 18.89 
540 	 0.0 	 18.90 
541 	 0.0 	 18.92 
542 	 0.0 	 18.93 
543 	 0.0 	 18.82 
544 	 0.0 	 17.02 
546 	 0.0 	 16.90 
547 	 0.0 	 16.93 
548 	 0.0 	 16.96 
549 	 0.0 	 16.90 
550 	 0.0 	 16.84 
551 	 0.0 	 16.93 
552 	 0.0 	 16.77 
554 	 0.0 	 16.78 
556 	 0.0 	 16.73 
557 	 0.0 	 16.84 
558 	 0.0 	 16.74 
559 	 0.0 	 16.70 
560 	 0.0 	 16.73 
561 	 0.0 	 16.80 
562 	 0.0 	 18.66 
563 	 0.0 	 18.71 
564 	 0.0 	 18.74 
565 	 0.0 	 18.76 
566 	 0.0 	 18.78 
567 	 0.0 	 18.80 
568 	 0.0 	 18.82 
569 	 0.0 	 18.83 
570 	 0.0 	 18.84 
571 	 0.0 	 18.86 
572 	 0.0 	 18.87 
573 	 0.0 	 18.88 
574 	 0.0 	 18.89 
575 	 0.0 	 18.90 
576 	 0.0 	 18.91 
577 	 0.0 	 18.92 
578 	 0.0 	 18.93 
580 	 0.0 	 18.94 
581 	 0.0 	 18.95 
582 	 0.0 	 18.95 
583 	 0.0 	 17.02 
584 	 0.0 	 17.07 
585 	 0.0 	 16.99 
586 	 0.0 	 16.86 
587 	 0.0 	 16.99 
588 	 0.0 	 16.83 
589 	 0.0 	 16.82 
590 	 0.0 	 16.77 
591 	 0.0 	 16.83 
592 	 0.0 	 16.87 
593 	 0.0 	 16.86 
594 	 0.0 	 16.86 
595 	 0.0 	 16.72 
596 	 0.0 	 16.65 
597 	 0.0 	 16.74 
598 	 0.0 	 16.85 
599 	 0.0 	 16.83 
600 	 0.0 	 16.71 
601 	 0.0 	 16.54 
602 	 0.0 	 16.66 
603 	 0.0 	 16.68 
604 	 0.0 	 16.76 
605 	 0.0 	 16.64 
606 	 0.0 	 16.62 
607 	 0.0 	 16.62 
608 	 0.0 	 16.58 
609 	 0.0 	 16.84 
610 	 0.0 	 16.61 
611 	 0.0 	 16.66 
612 	 0.0 	 18.51 
613 	 0.0 	 18.57 
614 	 0.0 	 18.60 
615 	 0.0 	 17.19 
616 	 0.0 	 16.67 
617 	 0.0 	 16.66 
618 	 0.0 	 16.56 
619 	 0.0 	 16.69 
620 	 0.0 	 16.69 
621 	 0.0 	 16.55 
622 	 0.0 	 16.69 
623 	 0.0 	 18.50 
624 	 0.0 	 16.71 
625 	 0.0 	 16.59 
626 	 0.0 	 16.68 
627 	 0.0 	 16.65 
628 	 0.0 	 16.63 
629 	 0.0 	 16.69 
630 	 0.0 	 16.58 
631 	 0.0 	 16.45 
632 	 0.0 	 16.50 
633 	 0.0 	 16.58 
634 	 0.0 	 16.56 
635 	 0.0 	 16.44 
636 	 0.0 	 16.50 
637 	 0.0 	 16.43 
638 	 0.0 	 16.55 
639 	 0.0 	 16.54 
640 	 0.0 	 16.50 
641 	 0.0 	 16.43 
642 	 0.0 	 16.40 
643 	 0.0 	 16.50 
644 	 0.0 	 16.36 
645 	 0.0 	 16.51 
646 	 0.0 	 16.32 
647 	 0.0 	 16.51 
648 	 0.0 	 16.40 
649 	 0.0 	 16.48 
650 	 0.0 	 16.43 
651 	 0.0 	 16.28 
652 	 0.0 	 16.43 
654 	 0.0 	 16.46 
655 	 0.0 	 16.23 
656 	 0.0 	 16.39 
657 	 0.0 	 16.42 
658 	 0.0 	 16.17 
659 	 0.0 	 16.22 
660 	 0.0 	 16.45 
661 	 0.0 	 16.27 
662 	 0.0 	 16.36 
663 	 0.0 	 16.27 
664 	 0.0 	 18.19 
665 	 0.0 	 18.26 
666 	 0.0 	 18.31 
667 	 0.0 	 18.35 
668 	 0.0 	 18.38 
669 	 0.0 	 18.40 
670 	 0.0 	 18.42 
671 	 0.0 	 18.44 
672 	 0.0 	 18.46 
673 	 0.0 	 18.48 
674 	 0.0 	 18.49 
676 	 0.0 	 18.52 
677 	 0.0 	 18.54 
678 	 0.0 	 17.54 
679 	 0.0 	 16.66 
680 	 0.0 	 16.51 
681 	 0.0 	 16.64 
682 	 0.0 	 16.58 
683 	 0.0 	 16.62 
684 	 0.0 	 16.61 
685 	 0.0 	 16.52 
686 	 0.0 	 16.53 
687 	 0.0 	 16.52 
688 	 0.0 	 16.54 
689 	 0.0 	 16.52 
690 	 0.0 	 16.41 
691 	 0.0 	 16.47 
692 	 0.0 	 16.52 
693 	 0.0 	 16.42 
694 	 0.0 	 16.43 
695 	 0.0 	 16.46 
696 	 0.0 	 16.43 
697 	 0.0 	 18.18 
698 	 0.0 	 16.35 
699 	 0.0 	 16.36 
700 	 0.0 	 16.33 
701 	 0.0 	 16.29 
702 	 0.0 	 16.41 
703 	 0.0 	 16.37 
704 	 0.0 	 16.34 
705 	 0.0 	 16.26 
706 	 0.0 	 16.35 
707 	 0.0 	 16.12 
708 	 0.0 	 16.31 
709 	 0.0 	 16.14 
710 	 0.0 	 16.22 
711 	 0.0 	 16.31 
712 	 0.0 	 16.30 
713 	 0.0 	 16.12 
714 	 0.0 	 16.28 
715 	 0.0 	 16.20 
716 	 0.0 	 16.15 
717 	 0.0 	 16.25 
718 	 0.0 	 16.23 
719 	 0.0 	 16.29 
720 	 0.0 	 16.23 
721 	 0.0 	 16.09 
722 	 0.0 	 18.02 
724 	 0.0 	 18.15 
725 	 0.0 	 17.34 
726 	 0.0 	 16.40 
727 	 0.0 	 16.52 
728 	 0.0 	 17.02 
729 	 0.0 	 17.43 
730 	 0.0 	 17.66 
731 	 0.0 	 17.89 
732 	 0.0 	 18.11 
733 	 0.0 	 18.18 
734 	 0.0 	 18.21 
735 	 0.0 	 18.22 
736 	 0.0 	 18.24 
737 	 0.0 	 18.24 
738 	 0.0 	 18.30 
739 	 0.0 	 18.32 
740 	 0.0 	 18.31 
741 	 0.0 	 18.29 
742 	 0.0 	 18.22 
743 	 0.0 	 18.29 
744 	 0.0 	 18.39 
745 	 0.0 	 18.40 
746 	 0.0 	 18.41 
747 	 0.0 	 18.42 
748 	 0.0 	 18.39 
749 	 0.0 	 16.57 
750 	 0.0 	 16.99 
751 	 0.0 	 17.49 
752 	 0.0 	 17.89 
753 	 0.0 	 18.01 
754 	 0.0 	 18.05 
755 	 0.0 	 18.17 
756 	 0.0 	 18.41 
757 	 0.0 	 18.43 
758 	 0.0 	 18.44 
759 	 0.0 	 18.45 
760 	 0.0 	 18.46 
761 	 0.0 	 18.47 
762 	 0.0 	 18.47 
764 	 0.0 	 16.68 
765 	 0.0 	 17.30 
766 	 0.0 	 17.72 
767 	 0.0 	 17.99 
768 	 0.0 	 18.31 
770 	 0.0 	 18.40 
771 	 0.0 	 18.45 
772 	 0.0 	 18.46 
773 	 0.0 	 18.47 
774 	 0.0 	 18.48 
775 	 0.0 	 16.60 
776 	 0.0 	 18.45 
777 	 0.0 	 18.47 
778 	 0.0 	 16.72 
779 	 0.0 	 16.69 
780 	 0.0 	 18.41 
781 	 0.0 	 18.44 
782 	 0.0 	 18.46 
783 	 0.0 	 16.56 
784 	 0.0 	 18.47 
785 	 0.0 	 18.48 
786 	 0.0 	 17.74 
787 	 0.0 	 16.70 
788 	 0.0 	 16.61 
789 	 0.0 	 16.49 
790 	 0.0 	 16.58 
791 	 0.0 	 16.57 
792 	 0.0 	 16.67 
793 	 0.0 	 18.35 
794 	 0.0 	 18.38 
795 	 0.0 	 17.70 
796 	 0.0 	 18.39 
797 	 0.0 	 18.41 
798 	 0.0 	 18.42 
799 	 0.0 	 17.29 
800 	 0.0 	 16.60 
801 	 0.0 	 16.44 
802 	 0.0 	 16.49 
803 	 0.0 	 16.40 
804 	 0.0 	 16.27 
805 	 0.0 	 16.69 
806 	 0.0 	 16.67 
807 	 0.0 	 16.92 
808 	 0.0 	 16.91 
809 	 0.0 	 17.02 
810 	 0.0 	 17.30 
811 	 0.0 	 17.36 
812 	 0.0 	 17.55 
813 	 0.0 	 17.64 
814 	 0.0 	 17.67 
815 	 0.0 	 17.64 
816 	 0.0 	 17.54 
817 	 0.0 	 17.42 
818 	 0.0 	 17.30 
819 	 0.0 	 17.41 
820 	 0.0 	 17.27 
821 	 0.0 	 17.35 
822 	 0.0 	 17.20 
824 	 0.0 	 17.10 
825 	 0.0 	 17.07 
826 	 0.0 	 17.13 
827 	 0.0 	 17.24 
828 	 0.0 	 17.32 
829 	 0.0 	 17.45 
830 	 0.0 	 17.70 
831 	 0.0 	 17.96 
832 	 0.0 	 18.14 
833 	 0.0 	 18.24 
834 	 0.0 	 18.25 
835 	 0.0 	 18.31 
836 	 0.0 	 18.32 
837 	 0.0 	 18.33 
838 	 0.0 	 18.33 
839 	 0.0 	 16.35 
840 	 0.0 	 16.58 
841 	 0.0 	 18.30 
842 	 0.0 	 18.29 
843 	 0.0 	 16.49 
844 	 0.0 	 16.53 
845 	 0.0 	 16.38 
846 	 0.0 	 16.39 
847 	 0.0 	 16.47 
848 	 0.0 	 16.89 
849 	 0.0 	 18.23 
850 	 0.0 	 18.25 
851 	 0.0 	 18.27 
852 	 0.0 	 18.22 
853 	 0.0 	 18.28 
854 	 0.0 	 18.30 
855 	 0.0 	 16.74 
856 	 0.0 	 16.44 
857 	 0.0 	 16.44 
858 	 0.0 	 16.34 
859 	 0.0 	 18.20 
860 	 0.0 	 18.23 
861 	 0.0 	 18.25 
862 	 0.0 	 16.35 
863 	 0.0 	 16.39 
864 	 0.0 	 16.43 
865 	 0.0 	 16.29 
866 	 0.0 	 16.34 
867 	 0.0 	 16.37 
868 	 0.0 	 18.09 
869 	 0.0 	 18.13 
870 	 0.0 	 18.17 
871 	 0.0 	 17.90 
872 	 0.0 	 16.17 
873 	 0.0 	 16.38 
874 	 0.0 	 18.12 
875 	 0.0 	 18.15 
876 	 0.0 	 17.16 
877 	 0.0 	 16.33 
878 	 0.0 	 16.30 
879 	 0.0 	 16.17 
880 	 0.0 	 16.48 
881 	 0.0 	 16.61 
882 	 0.0 	 16.76 
883 	 0.0 	 16.90 
884 	 0.0 	 16.78 
885 	 0.0 	 16.75 
886 	 0.0 	 16.73 
887 	 0.0 	 16.74 
888 	 0.0 	 16.60 
889 	 0.0 	 16.72 
890 	 0.0 	 16.76 
891 	 0.0 	 16.80 
892 	 0.0 	 16.83 
893 	 0.0 	 16.87 
894 	 0.0 	 18.01 
895 	 0.0 	 18.05 
896 	 0.0 	 18.07 
897 	 0.0 	 18.09 
898 	 0.0 	 17.39 
899 	 0.0 	 16.25 
900 	 0.0 	 16.27 
901 	 0.0 	 16.27 
902 	 0.0 	 16.79 
903 	 0.0 	 16.58 
904 	 0.0 	 16.40 
905 	 0.0 	 16.49 
906 	 0.0 	 16.68 
908 	 0.0 	 17.01 
909 	 0.0 	 17.19 
910 	 0.0 	 17.23 
911 	 0.0 	 17.32 
912 	 0.0 	 17.48 
913 	 0.0 	 17.50 
914 	 0.0 	 17.57 
915 	 0.0 	 17.48 
916 	 0.0 	 17.51 
917 	 0.0 	 17.40 
918 	 0.0 	 17.43 
919 	 0.0 	 17.30 
920 	 0.0 	 17.19 
921 	 0.0 	 17.06 
922 	 0.0 	 17.08 
923 	 0.0 	 17.10 
924 	 0.0 	 17.06 
925 	 0.0 	 17.15 
926 	 0.0 	 17.13 
927 	 0.0 	 17.11 
928 	 0.0 	 17.16 
929 	 0.0 	 17.17 
930 	 0.0 	 17.17 
931 	 0.0 	 17.23 
932 	 0.0 	 17.26 
933 	 0.0 	 17.40 
934 	 0.0 	 17.47 
935 	 0.0 	 17.53 
936 	 0.0 	 17.65 
937 	 0.0 	 17.77 
938 	 0.0 	 17.96 
939 	 0.0 	 17.99 
940 	 0.0 	 18.01 
941 	 0.0 	 18.04 
942 	 0.0 	 18.06 
943 	 0.0 	 18.07 
944 	 0.0 	 18.07 
945 	 0.0 	 18.05 
946 	 0.0 	 18.06 
948 	 0.0 	 18.03 
949 	 0.0 	 17.80 
950 	 0.0 	 17.59 
951 	 0.0 	 17.51 
952 	 0.0 	 17.40 
953 	 0.0 	 17.39 
954 	 0.0 	 17.76 
955 	 0.0 	 18.13 
956 	 0.0 	 18.14 
957 	 0.0 	 18.15 
958 	 0.0 	 18.16 
959 	 0.0 	 18.17 
960 	 0.0 	 18.17 
961 	 0.0 	 18.18 
962 	 0.0 	 18.19 
963 	 0.0 	 18.16 
964 	 0.0 	 16.90 
965 	 0.0 	 18.15 
966 	 0.0 	 18.17 
967 	 0.0 	 18.18 
968 	 0.0 	 18.19 
969 	 0.0 	 18.19 
970 	 0.0 	 18.20 
971 	 0.0 	 18.21 
972 	 0.0 	 18.17 
973 	 0.0 	 16.25 
974 	 0.0 	 16.37 
975 	 0.0 	 16.83 
976 	 0.0 	 17.18 
977 	 0.0 	 17.54 
978 	 0.0 	 17.55 
979 	 0.0 	 17.59 
980 	 0.0 	 17.62 
981 	 0.0 	 17.50 
982 	 0.0 	 17.42 
983 	 0.0 	 17.40 
984 	 0.0 	 17.26 
985 	 0.0 	 17.25 
986 	 0.0 	 17.06 
987 	 0.0 	 17.04 
988 	 0.0 	 16.96 
989 	 0.0 	 16.92 
990 	 0.0 	 18.03 
991 	 0.0 	 18.06 
992 	 0.0 	 18.08 
993 	 0.0 	 18.09 
994 	 0.0 	 18.11 
995 	 0.0 	 17.54 
996 	 0.0 	 16.12 
997 	 0.0 	 16.23 
998 	 0.0 	 16.22 
999 	 0.0 	 16.08 
1000 	 0.0 	 16.43 
1001 	 0.0 	 17.98 
1002 	 0.0 	 18.01 
1003 	 0.0 	 18.03 
1004 	 0.0 	 18.04 
1005 	 0.0 	 18.05 
1006 	 0.0 	 18.07 
1007 	 0.0 	 18.08 
1008 	 0.0 	 18.09 
1009 	 0.0 	 18.09 
1010 	 0.0 	 18.10 
1011 	 0.0 	 16.16 
1012 	 0.0 	 16.07 
1013 	 0.0 	 16.43 
1014 	 0.0 	 18.04 
1016 	 0.0 	 18.07 
1017 	 0.0 	 18.08 
1018 	 0.0 	 18.09 
1019 	 0.0 	 18.10 
1020 	 0.0 	 18.11 
1021 	 0.0 	 18.11 
1022 	 0.0 	 18.12 
1023 	 0.0 	 18.13 
1024 	 0.0 	 18.13 
1026 	 0.0 	 18.14 
1027 	 0.0 	 18.15 
1028 	 0.0 	 18.15 
1029 	 0.0 	 18.16 
1030 	 0.0 	 18.16 
1031 	 0.0 	 18.16 
1032 	 0.0 	 18.17 
1033 	 0.0 	 18.17 
1034 	 0.0 	 18.18 
1035 	 0.0 	 18.18 
1036 	 0.0 	 18.18 
1037 	 0.0 	 17.24 
1038 	 0.0 	 16.28 
1039 	 0.0 	 16.27 
1040 	 0.0 	 16.23 
1041 	 0.0 	 18.03 
1042 	 0.0 	 18.07 
1043 	 0.0 	 18.09 
1044 	 0.0 	 18.10 
1045 	 0.0 	 17.91 
1046 	 0.0 	 16.23 
1047 	 0.0 	 16.00 
1048 	 0.0 	 17.99 
1049 	 0.0 	 16.20 
1050 	 0.0 	 16.56 
1051 	 0.0 	 17.99 
1052 	 0.0 	 18.02 
1053 	 0.0 	 18.03 
1054 	 0.0 	 18.05 
1055 	 0.0 	 18.05 
1056 	 0.0 	 16.23 
1057 	 0.0 	 16.14 
1058 	 0.0 	 16.06 
1059 	 0.0 	 16.30 
1060 	 0.0 	 17.95 
1061 	 0.0 	 17.98 
1062 	 0.0 	 18.00 
1063 	 0.0 	 16.06 
1064 	 0.0 	 15.97 
1065 	 0.0 	 16.08 
1066 	 0.0 	 16.03 
1067 	 0.0 	 16.07 
1068 	 0.0 	 16.07 
1069 	 0.0 	 16.29 
1070 	 0.0 	 16.36 
1071 	 0.0 	 17.83 
1072 	 0.0 	 17.87 
1073 	 0.0 	 17.89 
1074 	 0.0 	 16.45 
1075 	 0.0 	 17.89 
1076 	 0.0 	 16.86 
1077 	 0.0 	 15.92 
1078 	 0.0 	 15.76 
1079 	 0.0 	 15.94 
1080 	 0.0 	 15.90 
1081 	 0.0 	 15.93 
1082 	 0.0 	 15.97 
1083 	 0.0 	 16.07 
1084 	 0.0 	 16.20 
1085 	 0.0 	 16.25 
1086 	 0.0 	 16.08 
1087 	 0.0 	 17.70 
1088 	 0.0 	 17.74 
1089 	 0.0 	 17.67 
1090 	 0.0 	 15.67 
1091 	 0.0 	 17.73 
1092 	 0.0 	 17.76 
1093 	 0.0 	 15.88 
1094 	 0.0 	 17.71 
1095 	 0.0 	 17.76 
1096 	 0.0 	 17.77 
1097 	 0.0 	 15.70 
1098 	 0.0 	 15.67 
1099 	 0.0 	 15.82 
1100 	 0.0 	 17.63 
1101 	 0.0 	 17.71 
1102 	 0.0 	 15.72 
1103 	 0.0 	 15.69 
1104 	 0.0 	 15.67 
1105 	 0.0 	 15.68 
1106 	 0.0 	 15.75 
1107 	 0.0 	 15.63 
1108 	 0.0 	 15.85 
1109 	 0.0 	 15.85 
1110 	 0.0 	 15.62 
1111 	 0.0 	 15.69 
1112 	 0.0 	 15.71 
1114 	 0.0 	 15.71 
1116 	 0.0 	 15.77 
1117 	 0.0 	 15.69 
1118 	 0.0 	 15.74 
1119 	 0.0 	 15.68 
1120 	 0.0 	 15.67 
1121 	 0.0 	 15.68 
1122 	 0.0 	 15.76 
1123 	 0.0 	 15.79 
1124 	 0.0 	 15.70 
1125 	 0.0 	 15.61 
1126 	 0.0 	 15.57 
1127 	 0.0 	 15.62 
1128 	 0.0 	 17.41 
1129 	 0.0 	 17.46 
1130 	 0.0 	 16.90 
1131 	 0.0 	 15.57 
1132 	 0.0 	 15.57 
1133 	 0.0 	 15.50 
1134 	 0.0 	 15.42 
1135 	 0.0 	 15.52 
1136 	 0.0 	 15.48 
1137 	 0.0 	 15.50 
1138 	 0.0 	 15.52 
1139 	 0.0 	 15.47 
1140 	 0.0 	 15.57 
1141 	 0.0 	 15.40 
1142 	 0.0 	 15.44 
1143 	 0.0 	 17.32 
1144 	 0.0 	 17.36 
1145 	 0.0 	 16.26 
1146 	 0.0 	 15.43 
1148 	 0.0 	 17.32 
1150 	 0.0 	 15.52 
1151 	 0.0 	 17.41 
1152 	 0.0 	 16.27 
1153 	 0.0 	 15.57 
1154 	 0.0 	 15.45 
1155 	 0.0 	 17.35 
1156 	 0.0 	 17.40 
1157 	 0.0 	 17.43 
1158 	 0.0 	 17.45 
1159 	 0.0 	 17.47 
1160 	 0.0 	 17.48 
1161 	 0.0 	 16.11 
1162 	 0.0 	 15.53 
1163 	 0.0 	 15.52 
1164 	 0.0 	 15.56 
1165 	 0.0 	 15.57 
1166 	 0.0 	 17.40 
1167 	 0.0 	 15.49 
1168 	 0.0 	 15.46 
1169 	 0.0 	 15.55 
1170 	 0.0 	 15.41 
1171 	 0.0 	 15.47 
1172 	 0.0 	 15.39 
1173 	 0.0 	 15.54 
1174 	 0.0 	 15.51 
1175 	 0.0 	 15.53 
1176 	 0.0 	 15.44 
1177 	 0.0 	 15.01 
1178 	 0.0 	 15.34 
1180 	 0.0 	 15.28 
1181 	 0.0 	 15.33 
1182 	 0.0 	 15.43 
1183 	 0.0 	 15.37 
1184 	 0.0 	 15.37 
1185 	 0.0 	 15.39 
1186 	 0.0 	 15.18 
1187 	 0.0 	 15.29 
1188 	 0.0 	 15.11 
1189 	 0.0 	 15.26 
1190 	 0.0 	 15.17 
1191 	 0.0 	 15.03 
1192 	 0.0 	 15.40 
1193 	 0.0 	 15.37 
1194 	 0.0 	 15.44 
1195 	 0.0 	 15.47 
1196 	 0.0 	 15.53 
1197 	 0.0 	 15.59 
1198 	 0.0 	 15.80 
1199 	 0.0 	 16.00 
1200 	 0.0 	 16.18 
1201 	 0.0 	 16.14 
1202 	 0.0 	 15.88 
1203 	 0.0 	 15.85 
1204 	 0.0 	 15.69 
1205 	 0.0 	 15.53 
1206 	 0.0 	 15.36 
1207 	 0.0 	 15.34 
1208 	 0.0 	 15.10 
1209 	 0.0 	 15.33 
1211 	 0.0 	 15.27 
1212 	 0.0 	 15.24 
1213 	 0.0 	 15.20 
1214 	 0.0 	 15.31 
1215 	 0.0 	 15.20 
1216 	 0.0 	 15.23 
1217 	 0.0 	 15.23 
1218 	 0.0 	 15.19 
1219 	 0.0 	 15.31 
1220 	 0.0 	 15.21 
1221 	 0.0 	 17.00 
1222 	 0.0 	 17.05 
1223 	 0.0 	 17.09 
1224 	 0.0 	 17.12 
1225 	 0.0 	 17.14 
1226 	 0.0 	 17.17 
1227 	 0.0 	 17.19 
1228 	 0.0 	 17.20 
1229 	 0.0 	 17.22 
1230 	 0.0 	 17.24 
1231 	 0.0 	 17.25 
1232 	 0.0 	 17.26 
1233 	 0.0 	 17.28 
1234 	 0.0 	 17.29 
1235 	 0.0 	 17.30 
1236 	 0.0 	 17.31 
1237 	 0.0 	 15.76 
1238 	 0.0 	 15.36 
1239 	 0.0 	 15.39 
1240 	 0.0 	 15.43 
1241 	 0.0 	 15.40 
1242 	 0.0 	 15.28 
1243 	 0.0 	 15.38 
1244 	 0.0 	 15.21 
1246 	 0.0 	 15.33 
1247 	 0.0 	 15.30 
1248 	 0.0 	 15.24 
1249 	 0.0 	 15.24 
1250 	 0.0 	 15.25 
1251 	 0.0 	 15.17 
1252 	 0.0 	 15.17 
1253 	 0.0 	 15.21 
1254 	 0.0 	 15.16 
1255 	 0.0 	 15.16 
1256 	 0.0 	 15.17 
1257 	 0.0 	 15.15 
1258 	 0.0 	 15.12 
1260 	 0.0 	 15.20 
1261 	 0.0 	 15.26 
1262 	 0.0 	 15.19 
1263 	 0.0 	 15.29 
1264 	 0.0 	 15.19 
1265 	 0.0 	 15.22 
1266 	 0.0 	 15.17 
1267 	 0.0 	 15.22 
1268 	 0.0 	 15.14 
1269 	 0.0 	 15.28 
1270 	 0.0 	 15.14 
1271 	 0.0 	 15.17 
1272 	 0.0 	 15.20 
1273 	 0.0 	 15.08 
1274 	 0.0 	 15.30 
1275 	 0.0 	 15.25 
1276 	 0.0 	 15.12 
1277 	 0.0 	 15.24 
1278 	 0.0 	 15.08 
1279 	 0.0 	 15.27 
1280 	 0.0 	 15.20 
1281 	 0.0 	 15.13 
1282 	 0.0 	 15.19 
1283 	 0.0 	 15.18 
1284 	 0.0 	 15.25 
1285 	 0.0 	 15.17 
1286 	 0.0 	 15.19 
1287 	 0.0 	 15.15 
1288 	 0.0 	 15.15 
1289 	 0.0 	 15.15 
1290 	 0.0 	 15.14 
1291 	 0.0 	 15.14 
1292 	 0.0 	 15.16 
1294 	 0.0 	 15.20 
1295 	 0.0 	 15.20 
1296 	 0.0 	 15.14 
1297 	 0.0 	 15.15 
1298 	 0.0 	 15.17 
1299 	 0.0 	 15.23 
1300 	 0.0 	 15.17 
1301 	 0.0 	 15.16 
1302 	 0.0 	 15.10 
1303 	 0.0 	 15.20 
1304 	 0.0 	 15.09 
1305 	 0.0 	 15.15 
1306 	 0.0 	 15.18 
1307 	 0.0 	 15.15 
1308 	 0.0 	 15.21 
1309 	 0.0 	 15.20 
1310 	 0.0 	 15.14 
1311 	 0.0 	 15.14 
1312 	 0.0 	 15.14 
1313 	 0.0 	 15.16 
1314 	 0.0 	 15.08 
1315 	 0.0 	 15.15 
1316 	 0.0 	 15.21 
1318 	 0.0 	 15.11 
1319 	 0.0 	 15.21 
1320 	 0.0 	 15.22 
1321 	 0.0 	 15.19 
1322 	 0.0 	 15.20 
1323 	 0.0 	 15.13 
1324 	 0.0 	 15.11 
1325 	 0.0 	 15.14 
1326 	 0.0 	 15.19 
1327 	 0.0 	 15.16 
1328 	 0.0 	 15.14 
1329 	 0.0 	 15.14 
1330 	 0.0 	 15.19 
1331 	 0.0 	 15.21 
1332 	 0.0 	 15.11 
1333 	 0.0 	 15.14 
1334 	 0.0 	 15.16 
1335 	 0.0 	 15.11 
1336 	 0.0 	 15.07 
1337 	 0.0 	 15.11 
1338 	 0.0 	 15.10 
1339 	 0.0 	 15.18 
1340 	 0.0 	 15.08 
1341 	 0.0 	 15.08 
1342 	 0.0 	 15.11 
1343 	 0.0 	 15.15 
1344 	 0.0 	 15.13 
1345 	 0.0 	 15.16 
1346 	 0.0 	 15.17 
1347 	 0.0 	 15.15 
1348 	 0.0 	 15.08 
1349 	 0.0 	 15.10 
1350 	 0.0 	 15.09 
1351 	 0.0 	 15.13 
1352 	 0.0 	 15.11 
1353 	 0.0 	 15.08 
1354 	 0.0 	 15.08 
1355 	 0.0 	 15.10 
1356 	 0.0 	 15.19 
1357 	 0.0 	 15.06 
1358 	 0.0 	 15.06 
1359 	 0.0 	 15.07 
1360 	 0.0 	 15.02 
1362 	 0.0 	 15.12 
1363 	 0.0 	 15.08 
1364 	 0.0 	 15.10 
1365 	 0.0 	 15.11 
1366 	 0.0 	 15.09 
1367 	 0.0 	 15.05 
1368 	 0.0 	 15.06 
1369 	 0.0 	 15.01 
1370 	 0.0 	 15.06 
1371 	 0.0 	 15.11 
1372 	 0.0 	 15.02 
1373 	 0.0 	 15.04 
1374 	 0.0 	 15.02 
1375 	 0.0 	 15.07 
1376 	 0.0 	 15.06 
1377 	 0.0 	 15.03 
1378 	 0.0 	 15.03 
1380 	 0.0 	 15.06 
1381 	 0.0 	 15.03 
1382 	 0.0 	 15.04 
1383 	 0.0 	 15.00 
1384 	 0.0 	 15.02 
1385 	 0.0 	 15.01 
1386 	 0.0 	 15.01 
1387 	 0.0 	 15.01 
1388 	 0.0 	 15.00 
1389 	 0.0 	 15.01 
1390 	 0.0 	 14.99 
1391 	 0.0 	 15.00 
1392 	 0.0 	 15.02 
1393 	 0.0 	 14.97 
1394 	 0.0 	 15.02 
1395 	 0.0 	 14.99 
1396 	 0.0 	 15.02 
1397 	 0.0 	 15.01 
1398 	 0.0 	 14.97 
1399 	 0.0 	 14.98 
1400 	 0.0 	 14.98 
1401 	 0.0 	 14.99 
1402 	 0.0 	 14.97 
1404 	 0.0 	 14.99 
1405 	 0.0 	 14.99 
1406 	 0.0 	 14.96 
1407 	 0.0 	 14.98 
1408 	 0.0 	 14.97 
1409 	 0.0 	 14.96 
1410 	 0.0 	 14.94 
1411 	 0.0 	 14.96 
1412 	 0.0 	 14.94 
1413 	 0.0 	 14.95 
1414 	 0.0 	 14.96 
1415 	 0.0 	 14.94 
1416 	 0.0 	 14.96 
1417 	 0.0 	 14.93 
1418 	 0.0 	 14.91 
1419 	 0.0 	 14.95 
1420 	 0.0 	 14.94 
1421 	 0.0 	 14.95 
1422 	 0.0 	 14.89 
1423 	 0.0 	 14.94 
1424 	 0.0 	 14.90 
1425 	 0.0 	 14.89 
1426 	 0.0 	 14.92 
1427 	 0.0 	 14.89 
1428 	 0.0 	 14.94 
1429 	 0.0 	 14.89 
1430 	 0.0 	 14.93 
1431 	 0.0 	 14.89 
1432 	 0.0 	 14.90 
1433 	 0.0 	 14.92 
1434 	 0.0 	 14.90 
1435 	 0.0 	 14.89 
1436 	 0.0 	 14.89 
1437 	 0.0 	 14.87 
1438 	 0.0 	 14.92 
1439 	 0.0 	 14.91 
1440 	 0.0 	 14.89 
1441 	 0.0 	 14.90 
1442 	 0.0 	 14.89 
1443 	 0.0 	 14.87 
1444 	 0.0 	 14.90 
1445 	 0.0 	 14.87 
1446 	 0.0 	 14.88 
1447 	 0.0 	 14.86 
1448 	 0.0 	 14.89 
1449 	 0.0 	 14.85 
1450 	 0.0 	 14.83 
1451 	 0.0 	 14.88 
1452 	 0.0 	 14.86 
1453 	 0.0 	 14.81 
1454 	 0.0 	 14.81 
1455 	 0.0 	 14.84 
1456 	 0.0 	 14.83 
1457 	 0.0 	 14.82 
1458 	 0.0 	 14.84 
1459 	 0.0 	 14.86 
1460 	 0.0 	 14.87 
1461 	 0.0 	 14.86 
1462 	 0.0 	 14.80 
1464 	 0.0 	 14.83 
1465 	 0.0 	 14.80 
1466 	 0.0 	 14.83 
1468 	 0.0 	 14.79 
1469 	 0.0 	 14.84 
1470 	 0.0 	 14.79 
1471 	 0.0 	 14.81 
1472 	 0.0 	 14.79 
1473 	 0.0 	 14.82 
1474 	 0.0 	 14.79 
1475 	 0.0 	 14.81 
1476 	 0.0 	 14.81 
1477 	 0.0 	 14.79 
1478 	 0.0 	 14.75 
1479 	 0.0 	 14.81 
1480 	 0.0 	 14.77 
1481 	 0.0 	 14.80 
1482 	 0.0 	 14.81 
1483 	 0.0 	 14.78 
1484 	 0.0 	 14.78 
1485 	 0.0 	 14.75 
1486 	 0.0 	 14.84 
1487 	 0.0 	 14.80 
1488 	 0.0 	 14.80 
1489 	 0.0 	 14.78 
1490 	 0.0 	 14.79 
1492 	 0.0 	 14.76 
1493 	 0.0 	 14.79 
1494 	 0.0 	 14.77 
1495 	 0.0 	 14.79 
1496 	 0.0 	 14.73 
1497 	 0.0 	 14.75 
1498 	 0.0 	 14.80 
1499 	 0.0 	 14.77 
1500 	 0.0 	 14.78 
1501 	 0.0 	 14.77 
1502 	 0.0 	 14.77 
1503 	 0.0 	 14.75 
1504 	 0.0 	 14.76 
1506 	 0.0 	 14.77 
1507 	 0.0 	 14.76 
1508 	 0.0 	 14.79 
1509 	 0.0 	 14.73 
1510 	 0.0 	 14.78 
1511 	 0.0 	 14.78 
1512 	 0.0 	 14.76 
1513 	 0.0 	 14.78 
1514 	 0.0 	 14.75 
1516 	 0.0 	 14.78 
1517 	 0.0 	 14.75 
1518 	 0.0 	 14.74 
1519 	 0.0 	 14.76 
1520 	 0.0 	 14.75 
1521 	 0.0 	 14.75 
1522 	 0.0 	 14.78 
1523 	 0.0 	 14.74 
1524 	 0.0 	 14.76 
1525 	 0.0 	 14.76 
1526 	 0.0 	 14.76 
1527 	 0.0 	 14.75 
1528 	 0.0 	 14.75 
1529 	 0.0 	 14.76 
1530 	 0.0 	 14.76 
1531 	 0.0 	 14.72 
1532 	 0.0 	 14.75 
1533 	 0.0 	 14.73 
1534 	 0.0 	 14.73 
1535 	 0.0 	 14.75 
1536 	 0.0 	 14.74 
1537 	 0.0 	 14.74 
1538 	 0.0 	 14.72 
1539 	 0.0 	 14.75 
1540 	 0.0 	 14.75 
1542 	 0.0 	 14.75 
1543 	 0.0 	 14.74 
1544 	 0.0 	 14.74 
1545 	 0.0 	 14.77 
1546 	 0.0 	 14.74 
1547 	 0.0 	 14.72 
1548 	 0.0 	 14.73 
1549 	 0.0 	 14.75 
1550 	 0.0 	 14.72 
1551 	 0.0 	 14.73 
