1 	 0.0 	 0.46 
2 	 0.0 	 0.46 
3 	 0.0 	 0.45 
4 	 0.0 	 0.44 
5 	 0.0 	 0.44 
6 	 0.0 	 0.43 
7 	 0.0 	 0.43 
8 	 0.0 	 0.42 
9 	 0.0 	 0.42 
10 	 0.0 	 0.41 
11 	 0.0 	 0.41 
12 	 0.0 	 0.40 
13 	 0.0 	 0.38 
14 	 0.0 	 0.36 
15 	 0.0 	 0.36 
16 	 0.0 	 0.35 
17 	 0.0 	 0.33 
18 	 0.0 	 20.28 
19 	 0.0 	 20.28 
20 	 0.0 	 20.28 
21 	 0.0 	 20.28 
22 	 0.0 	 20.27 
23 	 0.0 	 20.27 
24 	 0.0 	 20.27 
25 	 0.0 	 20.27 
26 	 0.0 	 20.27 
27 	 0.0 	 20.27 
28 	 0.0 	 20.27 
29 	 0.0 	 20.27 
30 	 0.0 	 20.27 
31 	 0.0 	 20.27 
32 	 0.0 	 20.27 
33 	 0.0 	 20.27 
34 	 0.0 	 20.27 
35 	 0.0 	 20.27 
36 	 0.0 	 20.27 
37 	 0.0 	 20.27 
38 	 0.0 	 20.27 
39 	 0.0 	 20.27 
40 	 0.0 	 20.26 
41 	 0.0 	 20.27 
42 	 0.0 	 20.27 
43 	 0.0 	 20.26 
44 	 0.0 	 20.27 
45 	 0.0 	 20.27 
46 	 0.0 	 20.26 
47 	 0.0 	 20.26 
48 	 0.0 	 20.21 
49 	 0.0 	 20.24 
50 	 0.0 	 20.24 
51 	 0.0 	 20.24 
52 	 0.0 	 20.25 
53 	 0.0 	 20.25 
54 	 0.0 	 20.25 
55 	 0.0 	 20.25 
56 	 0.0 	 20.25 
57 	 0.0 	 20.25 
58 	 0.0 	 20.25 
59 	 0.0 	 18.89 
60 	 0.0 	 18.06 
61 	 0.0 	 18.15 
62 	 0.0 	 17.92 
63 	 0.0 	 17.98 
64 	 0.0 	 20.02 
65 	 0.0 	 20.07 
66 	 0.0 	 20.10 
67 	 0.0 	 20.11 
68 	 0.0 	 20.12 
69 	 0.0 	 20.13 
70 	 0.0 	 20.14 
71 	 0.0 	 20.14 
72 	 0.0 	 20.15 
73 	 0.0 	 20.15 
75 	 0.0 	 20.16 
76 	 0.0 	 20.16 
77 	 0.0 	 20.16 
78 	 0.0 	 20.16 
79 	 0.0 	 17.88 
80 	 0.0 	 20.08 
82 	 0.0 	 20.13 
84 	 0.0 	 20.14 
85 	 0.0 	 20.15 
86 	 0.0 	 20.15 
87 	 0.0 	 20.15 
88 	 0.0 	 20.09 
89 	 0.0 	 20.12 
90 	 0.0 	 18.01 
91 	 0.0 	 17.86 
92 	 0.0 	 17.85 
93 	 0.0 	 17.89 
95 	 0.0 	 18.07 
96 	 0.0 	 18.24 
97 	 0.0 	 18.28 
99 	 0.0 	 18.50 
100 	 0.0 	 19.83 
101 	 0.0 	 19.89 
103 	 0.0 	 17.82 
104 	 0.0 	 17.71 
105 	 0.0 	 17.70 
106 	 0.0 	 17.79 
107 	 0.0 	 18.00 
108 	 0.0 	 18.07 
109 	 0.0 	 18.34 
110 	 0.0 	 18.59 
111 	 0.0 	 18.85 
112 	 0.0 	 18.94 
113 	 0.0 	 19.18 
114 	 0.0 	 19.28 
115 	 0.0 	 19.30 
116 	 0.0 	 19.23 
117 	 0.0 	 19.02 
118 	 0.0 	 18.95 
119 	 0.0 	 18.88 
120 	 0.0 	 18.81 
121 	 0.0 	 18.66 
122 	 0.0 	 18.31 
124 	 0.0 	 17.91 
125 	 0.0 	 17.74 
126 	 0.0 	 17.58 
127 	 0.0 	 17.61 
128 	 0.0 	 17.52 
130 	 0.0 	 17.44 
131 	 0.0 	 17.60 
132 	 0.0 	 17.57 
133 	 0.0 	 17.60 
134 	 0.0 	 17.58 
135 	 0.0 	 17.88 
136 	 0.0 	 18.01 
138 	 0.0 	 18.46 
139 	 0.0 	 18.41 
141 	 0.0 	 18.57 
142 	 0.0 	 18.68 
144 	 0.0 	 18.62 
145 	 0.0 	 18.80 
146 	 0.0 	 19.01 
147 	 0.0 	 19.24 
148 	 0.0 	 19.47 
150 	 0.0 	 19.62 
151 	 0.0 	 19.64 
152 	 0.0 	 19.65 
154 	 0.0 	 19.04 
155 	 0.0 	 17.67 
156 	 0.0 	 19.62 
157 	 0.0 	 19.65 
158 	 0.0 	 19.67 
159 	 0.0 	 17.75 
160 	 0.0 	 17.64 
161 	 0.0 	 17.63 
162 	 0.0 	 17.53 
163 	 0.0 	 18.03 
164 	 0.0 	 18.16 
166 	 0.0 	 18.34 
167 	 0.0 	 19.51 
168 	 0.0 	 19.52 
169 	 0.0 	 17.64 
170 	 0.0 	 18.09 
171 	 0.0 	 18.55 
174 	 0.0 	 18.73 
175 	 0.0 	 18.78 
176 	 0.0 	 18.72 
177 	 0.0 	 18.65 
178 	 0.0 	 18.68 
179 	 0.0 	 18.70 
180 	 0.0 	 18.67 
181 	 0.0 	 18.66 
182 	 0.0 	 18.60 
183 	 0.0 	 18.60 
184 	 0.0 	 18.56 
185 	 0.0 	 18.46 
186 	 0.0 	 18.45 
187 	 0.0 	 18.57 
188 	 0.0 	 18.73 
189 	 0.0 	 19.07 
190 	 0.0 	 19.28 
191 	 0.0 	 19.36 
192 	 0.0 	 19.50 
193 	 0.0 	 19.52 
194 	 0.0 	 19.54 
195 	 0.0 	 19.55 
196 	 0.0 	 19.56 
197 	 0.0 	 19.56 
198 	 0.0 	 18.00 
199 	 0.0 	 18.03 
200 	 0.0 	 17.96 
201 	 0.0 	 17.81 
202 	 0.0 	 17.63 
204 	 0.0 	 17.66 
205 	 0.0 	 17.96 
206 	 0.0 	 18.01 
207 	 0.0 	 18.12 
209 	 0.0 	 18.26 
210 	 0.0 	 18.28 
212 	 0.0 	 18.38 
213 	 0.0 	 18.31 
214 	 0.0 	 19.44 
216 	 0.0 	 19.49 
218 	 0.0 	 19.52 
219 	 0.0 	 19.53 
220 	 0.0 	 19.54 
221 	 0.0 	 19.55 
222 	 0.0 	 19.56 
223 	 0.0 	 19.57 
224 	 0.0 	 19.58 
225 	 0.0 	 19.59 
226 	 0.0 	 19.59 
227 	 0.0 	 19.60 
228 	 0.0 	 19.61 
229 	 0.0 	 19.61 
230 	 0.0 	 19.61 
231 	 0.0 	 17.55 
232 	 0.0 	 17.56 
233 	 0.0 	 17.56 
234 	 0.0 	 17.54 
235 	 0.0 	 17.58 
236 	 0.0 	 17.83 
237 	 0.0 	 17.97 
238 	 0.0 	 18.12 
239 	 0.0 	 18.16 
240 	 0.0 	 18.31 
242 	 0.0 	 18.21 
243 	 0.0 	 18.10 
244 	 0.0 	 18.24 
245 	 0.0 	 18.11 
246 	 0.0 	 17.90 
247 	 0.0 	 17.67 
248 	 0.0 	 17.49 
249 	 0.0 	 17.42 
250 	 0.0 	 17.28 
251 	 0.0 	 17.37 
252 	 0.0 	 17.26 
253 	 0.0 	 17.21 
254 	 0.0 	 17.28 
255 	 0.0 	 17.09 
256 	 0.0 	 17.17 
258 	 0.0 	 17.79 
260 	 0.0 	 18.00 
261 	 0.0 	 18.11 
262 	 0.0 	 18.11 
263 	 0.0 	 18.29 
264 	 0.0 	 18.37 
265 	 0.0 	 18.71 
266 	 0.0 	 19.12 
267 	 0.0 	 19.21 
268 	 0.0 	 19.25 
269 	 0.0 	 19.31 
270 	 0.0 	 19.30 
271 	 0.0 	 19.08 
272 	 0.0 	 18.86 
274 	 0.0 	 18.69 
276 	 0.0 	 18.56 
277 	 0.0 	 18.45 
278 	 0.0 	 18.40 
279 	 0.0 	 18.43 
280 	 0.0 	 18.34 
283 	 0.0 	 18.28 
284 	 0.0 	 18.28 
285 	 0.0 	 18.31 
286 	 0.0 	 17.97 
287 	 0.0 	 17.76 
288 	 0.0 	 17.63 
289 	 0.0 	 17.17 
290 	 0.0 	 17.22 
291 	 0.0 	 17.22 
292 	 0.0 	 17.18 
293 	 0.0 	 17.23 
294 	 0.0 	 17.18 
295 	 0.0 	 17.06 
296 	 0.0 	 17.16 
298 	 0.0 	 17.03 
299 	 0.0 	 17.09 
300 	 0.0 	 17.19 
301 	 0.0 	 17.16 
302 	 0.0 	 17.28 
303 	 0.0 	 17.65 
304 	 0.0 	 17.75 
305 	 0.0 	 17.98 
306 	 0.0 	 18.07 
307 	 0.0 	 18.17 
308 	 0.0 	 18.24 
309 	 0.0 	 18.27 
310 	 0.0 	 18.32 
312 	 0.0 	 18.36 
313 	 0.0 	 18.20 
314 	 0.0 	 18.06 
315 	 0.0 	 17.71 
316 	 0.0 	 17.44 
317 	 0.0 	 17.53 
318 	 0.0 	 17.69 
319 	 0.0 	 17.66 
320 	 0.0 	 17.73 
321 	 0.0 	 17.97 
322 	 0.0 	 18.02 
323 	 0.0 	 18.17 
324 	 0.0 	 18.35 
325 	 0.0 	 18.46 
326 	 0.0 	 18.57 
327 	 0.0 	 18.60 
328 	 0.0 	 18.63 
330 	 0.0 	 18.84 
331 	 0.0 	 18.94 
332 	 0.0 	 18.90 
333 	 0.0 	 18.80 
334 	 0.0 	 18.78 
335 	 0.0 	 18.70 
336 	 0.0 	 18.52 
337 	 0.0 	 18.44 
338 	 0.0 	 18.19 
339 	 0.0 	 17.97 
340 	 0.0 	 17.84 
342 	 0.0 	 18.29 
343 	 0.0 	 18.58 
344 	 0.0 	 18.81 
345 	 0.0 	 18.75 
346 	 0.0 	 18.67 
347 	 0.0 	 18.41 
348 	 0.0 	 19.20 
350 	 0.0 	 19.25 
352 	 0.0 	 19.27 
353 	 0.0 	 19.28 
354 	 0.0 	 18.27 
355 	 0.0 	 17.15 
356 	 0.0 	 17.19 
357 	 0.0 	 17.05 
358 	 0.0 	 17.16 
359 	 0.0 	 17.40 
360 	 0.0 	 19.16 
362 	 0.0 	 19.08 
363 	 0.0 	 17.17 
364 	 0.0 	 17.12 
365 	 0.0 	 17.16 
366 	 0.0 	 19.13 
367 	 0.0 	 19.17 
368 	 0.0 	 19.19 
370 	 0.0 	 19.22 
371 	 0.0 	 17.20 
372 	 0.0 	 17.25 
373 	 0.0 	 17.19 
375 	 0.0 	 17.18 
376 	 0.0 	 19.06 
377 	 0.0 	 19.12 
378 	 0.0 	 19.15 
379 	 0.0 	 17.43 
380 	 0.0 	 17.22 
381 	 0.0 	 17.03 
382 	 0.0 	 17.02 
384 	 0.0 	 17.61 
386 	 0.0 	 17.76 
388 	 0.0 	 17.76 
389 	 0.0 	 17.82 
390 	 0.0 	 17.93 
391 	 0.0 	 17.92 
392 	 0.0 	 17.84 
394 	 0.0 	 17.84 
395 	 0.0 	 17.83 
396 	 0.0 	 17.82 
397 	 0.0 	 17.77 
398 	 0.0 	 19.02 
399 	 0.0 	 19.07 
400 	 0.0 	 19.10 
401 	 0.0 	 19.12 
403 	 0.0 	 19.15 
404 	 0.0 	 17.36 
405 	 0.0 	 17.13 
406 	 0.0 	 17.12 
407 	 0.0 	 17.04 
409 	 0.0 	 17.15 
410 	 0.0 	 17.28 
412 	 0.0 	 17.63 
414 	 0.0 	 17.54 
415 	 0.0 	 17.46 
416 	 0.0 	 17.48 
417 	 0.0 	 17.43 
418 	 0.0 	 17.51 
419 	 0.0 	 17.35 
420 	 0.0 	 17.51 
421 	 0.0 	 17.47 
422 	 0.0 	 17.58 
423 	 0.0 	 17.50 
424 	 0.0 	 17.40 
425 	 0.0 	 17.34 
427 	 0.0 	 17.39 
428 	 0.0 	 17.44 
429 	 0.0 	 17.29 
430 	 0.0 	 17.37 
431 	 0.0 	 17.35 
433 	 0.0 	 17.36 
434 	 0.0 	 16.73 
435 	 0.0 	 17.90 
436 	 0.0 	 18.90 
437 	 0.0 	 18.93 
438 	 0.0 	 18.96 
439 	 0.0 	 18.98 
440 	 0.0 	 19.00 
441 	 0.0 	 19.02 
442 	 0.0 	 19.03 
443 	 0.0 	 19.05 
444 	 0.0 	 19.06 
447 	 0.0 	 19.09 
448 	 0.0 	 19.10 
450 	 0.0 	 19.12 
451 	 0.0 	 19.13 
452 	 0.0 	 19.14 
453 	 0.0 	 19.14 
454 	 0.0 	 19.15 
455 	 0.0 	 17.75 
456 	 0.0 	 17.19 
457 	 0.0 	 17.10 
458 	 0.0 	 17.04 
459 	 0.0 	 17.06 
460 	 0.0 	 16.95 
461 	 0.0 	 16.96 
462 	 0.0 	 17.19 
463 	 0.0 	 17.21 
464 	 0.0 	 17.25 
465 	 0.0 	 17.34 
466 	 0.0 	 17.35 
467 	 0.0 	 17.44 
469 	 0.0 	 17.51 
470 	 0.0 	 17.51 
471 	 0.0 	 17.43 
472 	 0.0 	 17.43 
473 	 0.0 	 17.44 
474 	 0.0 	 17.49 
475 	 0.0 	 17.52 
476 	 0.0 	 17.53 
477 	 0.0 	 17.14 
478 	 0.0 	 16.94 
479 	 0.0 	 17.20 
480 	 0.0 	 17.39 
481 	 0.0 	 17.50 
482 	 0.0 	 17.42 
483 	 0.0 	 17.43 
484 	 0.0 	 17.31 
485 	 0.0 	 17.23 
486 	 0.0 	 18.82 
487 	 0.0 	 18.86 
489 	 0.0 	 18.91 
490 	 0.0 	 18.92 
491 	 0.0 	 18.94 
492 	 0.0 	 18.95 
493 	 0.0 	 18.97 
494 	 0.0 	 18.97 
495 	 0.0 	 17.11 
496 	 0.0 	 17.05 
497 	 0.0 	 16.95 
498 	 0.0 	 16.96 
499 	 0.0 	 16.95 
500 	 0.0 	 16.93 
501 	 0.0 	 16.96 
502 	 0.0 	 16.89 
503 	 0.0 	 16.69 
504 	 0.0 	 16.87 
505 	 0.0 	 17.15 
506 	 0.0 	 17.19 
508 	 0.0 	 17.33 
509 	 0.0 	 17.41 
510 	 0.0 	 17.50 
511 	 0.0 	 17.59 
513 	 0.0 	 17.68 
514 	 0.0 	 17.61 
515 	 0.0 	 17.46 
516 	 0.0 	 17.37 
517 	 0.0 	 17.22 
518 	 0.0 	 17.11 
519 	 0.0 	 16.91 
520 	 0.0 	 16.77 
521 	 0.0 	 16.82 
522 	 0.0 	 16.95 
523 	 0.0 	 16.88 
524 	 0.0 	 16.85 
526 	 0.0 	 16.87 
528 	 0.0 	 16.79 
529 	 0.0 	 16.70 
530 	 0.0 	 16.78 
531 	 0.0 	 18.59 
532 	 0.0 	 18.64 
534 	 0.0 	 18.71 
535 	 0.0 	 18.73 
536 	 0.0 	 18.75 
538 	 0.0 	 18.78 
539 	 0.0 	 18.80 
540 	 0.0 	 18.82 
541 	 0.0 	 18.83 
542 	 0.0 	 18.84 
543 	 0.0 	 18.10 
544 	 0.0 	 16.91 
545 	 0.0 	 16.86 
546 	 0.0 	 16.79 
547 	 0.0 	 16.71 
548 	 0.0 	 16.88 
549 	 0.0 	 16.76 
550 	 0.0 	 16.86 
552 	 0.0 	 16.70 
553 	 0.0 	 16.77 
554 	 0.0 	 16.77 
555 	 0.0 	 16.74 
556 	 0.0 	 16.61 
557 	 0.0 	 16.55 
558 	 0.0 	 16.61 
559 	 0.0 	 16.75 
560 	 0.0 	 16.81 
561 	 0.0 	 18.49 
563 	 0.0 	 18.62 
564 	 0.0 	 18.65 
565 	 0.0 	 18.67 
566 	 0.0 	 18.69 
567 	 0.0 	 18.71 
570 	 0.0 	 18.76 
571 	 0.0 	 18.77 
572 	 0.0 	 18.78 
575 	 0.0 	 18.81 
576 	 0.0 	 18.82 
578 	 0.0 	 18.84 
579 	 0.0 	 18.85 
580 	 0.0 	 18.85 
582 	 0.0 	 18.86 
583 	 0.0 	 16.98 
584 	 0.0 	 16.98 
586 	 0.0 	 16.85 
587 	 0.0 	 16.73 
588 	 0.0 	 16.86 
589 	 0.0 	 16.85 
590 	 0.0 	 16.79 
591 	 0.0 	 16.73 
592 	 0.0 	 16.78 
594 	 0.0 	 16.78 
595 	 0.0 	 16.78 
596 	 0.0 	 16.63 
597 	 0.0 	 16.68 
598 	 0.0 	 16.73 
599 	 0.0 	 16.75 
600 	 0.0 	 16.75 
602 	 0.0 	 16.56 
604 	 0.0 	 16.61 
605 	 0.0 	 16.61 
606 	 0.0 	 16.73 
607 	 0.0 	 16.54 
608 	 0.0 	 16.68 
609 	 0.0 	 16.71 
610 	 0.0 	 16.57 
611 	 0.0 	 16.65 
612 	 0.0 	 18.43 
613 	 0.0 	 18.48 
614 	 0.0 	 18.51 
615 	 0.0 	 16.65 
616 	 0.0 	 16.59 
617 	 0.0 	 16.68 
618 	 0.0 	 16.53 
619 	 0.0 	 16.52 
620 	 0.0 	 16.51 
621 	 0.0 	 16.58 
622 	 0.0 	 16.61 
623 	 0.0 	 18.42 
624 	 0.0 	 16.56 
625 	 0.0 	 16.68 
626 	 0.0 	 16.44 
627 	 0.0 	 16.53 
628 	 0.0 	 16.47 
629 	 0.0 	 16.57 
630 	 0.0 	 16.54 
632 	 0.0 	 16.43 
633 	 0.0 	 16.38 
634 	 0.0 	 16.52 
636 	 0.0 	 16.40 
637 	 0.0 	 16.30 
638 	 0.0 	 16.39 
639 	 0.0 	 16.46 
640 	 0.0 	 16.42 
641 	 0.0 	 16.33 
642 	 0.0 	 16.33 
643 	 0.0 	 16.48 
644 	 0.0 	 16.29 
646 	 0.0 	 16.45 
647 	 0.0 	 16.38 
648 	 0.0 	 16.27 
649 	 0.0 	 16.40 
650 	 0.0 	 16.40 
653 	 0.0 	 16.35 
654 	 0.0 	 16.22 
655 	 0.0 	 16.37 
656 	 0.0 	 16.39 
658 	 0.0 	 16.19 
659 	 0.0 	 16.34 
660 	 0.0 	 16.31 
661 	 0.0 	 16.27 
662 	 0.0 	 16.17 
663 	 0.0 	 16.15 
664 	 0.0 	 18.11 
665 	 0.0 	 18.19 
666 	 0.0 	 18.23 
667 	 0.0 	 18.26 
668 	 0.0 	 18.29 
670 	 0.0 	 18.34 
671 	 0.0 	 18.36 
672 	 0.0 	 18.38 
673 	 0.0 	 18.39 
674 	 0.0 	 18.41 
675 	 0.0 	 18.42 
676 	 0.0 	 18.44 
678 	 0.0 	 17.32 
680 	 0.0 	 16.63 
681 	 0.0 	 16.48 
682 	 0.0 	 16.44 
683 	 0.0 	 16.35 
684 	 0.0 	 16.47 
686 	 0.0 	 16.51 
687 	 0.0 	 16.37 
688 	 0.0 	 16.46 
689 	 0.0 	 16.29 
690 	 0.0 	 16.44 
691 	 0.0 	 16.19 
692 	 0.0 	 16.24 
694 	 0.0 	 16.40 
695 	 0.0 	 16.31 
696 	 0.0 	 16.29 
698 	 0.0 	 16.35 
699 	 0.0 	 16.16 
700 	 0.0 	 16.30 
702 	 0.0 	 16.36 
704 	 0.0 	 16.30 
705 	 0.0 	 16.13 
706 	 0.0 	 16.27 
707 	 0.0 	 16.24 
708 	 0.0 	 16.28 
709 	 0.0 	 16.14 
710 	 0.0 	 16.12 
712 	 0.0 	 16.06 
713 	 0.0 	 16.16 
714 	 0.0 	 16.22 
716 	 0.0 	 16.16 
717 	 0.0 	 16.06 
718 	 0.0 	 16.08 
719 	 0.0 	 16.13 
720 	 0.0 	 16.04 
721 	 0.0 	 16.11 
722 	 0.0 	 17.95 
723 	 0.0 	 18.02 
724 	 0.0 	 18.07 
725 	 0.0 	 16.64 
726 	 0.0 	 16.16 
727 	 0.0 	 16.43 
728 	 0.0 	 16.90 
729 	 0.0 	 17.25 
730 	 0.0 	 17.64 
731 	 0.0 	 17.80 
732 	 0.0 	 18.03 
733 	 0.0 	 18.11 
734 	 0.0 	 18.12 
735 	 0.0 	 18.16 
736 	 0.0 	 18.15 
737 	 0.0 	 18.17 
740 	 0.0 	 18.19 
741 	 0.0 	 18.18 
742 	 0.0 	 18.13 
744 	 0.0 	 18.30 
745 	 0.0 	 18.31 
746 	 0.0 	 18.32 
747 	 0.0 	 18.34 
748 	 0.0 	 18.23 
749 	 0.0 	 16.52 
750 	 0.0 	 17.06 
751 	 0.0 	 17.53 
752 	 0.0 	 17.79 
753 	 0.0 	 17.96 
754 	 0.0 	 17.98 
755 	 0.0 	 18.14 
756 	 0.0 	 18.32 
758 	 0.0 	 18.35 
759 	 0.0 	 18.36 
760 	 0.0 	 18.37 
761 	 0.0 	 18.38 
762 	 0.0 	 18.38 
763 	 0.0 	 16.58 
764 	 0.0 	 16.39 
765 	 0.0 	 17.18 
766 	 0.0 	 17.70 
767 	 0.0 	 17.94 
769 	 0.0 	 18.30 
770 	 0.0 	 18.30 
772 	 0.0 	 18.37 
774 	 0.0 	 18.36 
775 	 0.0 	 17.72 
777 	 0.0 	 18.38 
778 	 0.0 	 16.56 
780 	 0.0 	 18.33 
782 	 0.0 	 18.37 
783 	 0.0 	 18.35 
784 	 0.0 	 18.38 
785 	 0.0 	 18.39 
786 	 0.0 	 17.40 
787 	 0.0 	 16.47 
788 	 0.0 	 16.57 
789 	 0.0 	 16.26 
790 	 0.0 	 16.54 
791 	 0.0 	 16.51 
792 	 0.0 	 18.20 
793 	 0.0 	 18.26 
796 	 0.0 	 18.31 
797 	 0.0 	 18.33 
798 	 0.0 	 18.34 
800 	 0.0 	 16.53 
801 	 0.0 	 16.50 
803 	 0.0 	 16.32 
804 	 0.0 	 16.36 
806 	 0.0 	 16.47 
807 	 0.0 	 16.75 
808 	 0.0 	 16.85 
809 	 0.0 	 16.94 
810 	 0.0 	 17.13 
811 	 0.0 	 17.33 
812 	 0.0 	 17.43 
814 	 0.0 	 17.61 
815 	 0.0 	 17.57 
818 	 0.0 	 17.23 
819 	 0.0 	 17.30 
821 	 0.0 	 17.16 
822 	 0.0 	 17.15 
823 	 0.0 	 17.12 
824 	 0.0 	 16.99 
825 	 0.0 	 17.01 
826 	 0.0 	 16.98 
828 	 0.0 	 17.23 
829 	 0.0 	 17.38 
830 	 0.0 	 17.64 
831 	 0.0 	 17.86 
832 	 0.0 	 18.07 
833 	 0.0 	 18.14 
834 	 0.0 	 18.15 
835 	 0.0 	 18.22 
836 	 0.0 	 18.23 
837 	 0.0 	 18.24 
838 	 0.0 	 18.22 
839 	 0.0 	 16.48 
840 	 0.0 	 18.16 
841 	 0.0 	 18.21 
842 	 0.0 	 18.19 
845 	 0.0 	 16.40 
846 	 0.0 	 16.18 
847 	 0.0 	 16.33 
848 	 0.0 	 16.84 
849 	 0.0 	 18.14 
850 	 0.0 	 18.17 
851 	 0.0 	 18.16 
852 	 0.0 	 18.15 
853 	 0.0 	 18.19 
854 	 0.0 	 18.20 
855 	 0.0 	 16.34 
856 	 0.0 	 16.44 
857 	 0.0 	 16.28 
858 	 0.0 	 16.35 
859 	 0.0 	 18.12 
860 	 0.0 	 18.15 
861 	 0.0 	 18.17 
862 	 0.0 	 16.41 
863 	 0.0 	 16.29 
866 	 0.0 	 16.31 
867 	 0.0 	 16.02 
868 	 0.0 	 17.98 
869 	 0.0 	 18.05 
870 	 0.0 	 18.08 
871 	 0.0 	 17.51 
872 	 0.0 	 16.31 
873 	 0.0 	 16.27 
874 	 0.0 	 18.04 
875 	 0.0 	 18.07 
876 	 0.0 	 16.25 
877 	 0.0 	 16.08 
878 	 0.0 	 16.21 
879 	 0.0 	 16.20 
880 	 0.0 	 16.29 
882 	 0.0 	 16.79 
884 	 0.0 	 16.72 
885 	 0.0 	 16.66 
886 	 0.0 	 16.69 
888 	 0.0 	 16.61 
889 	 0.0 	 16.64 
890 	 0.0 	 16.70 
891 	 0.0 	 16.71 
892 	 0.0 	 16.75 
893 	 0.0 	 16.85 
894 	 0.0 	 17.93 
895 	 0.0 	 17.96 
896 	 0.0 	 17.99 
897 	 0.0 	 18.01 
898 	 0.0 	 17.07 
899 	 0.0 	 16.13 
900 	 0.0 	 16.00 
901 	 0.0 	 16.51 
902 	 0.0 	 16.76 
903 	 0.0 	 16.34 
904 	 0.0 	 16.32 
907 	 0.0 	 16.70 
908 	 0.0 	 16.98 
909 	 0.0 	 17.08 
910 	 0.0 	 17.25 
911 	 0.0 	 17.38 
912 	 0.0 	 17.40 
915 	 0.0 	 17.50 
916 	 0.0 	 17.38 
917 	 0.0 	 17.36 
918 	 0.0 	 17.31 
919 	 0.0 	 17.17 
920 	 0.0 	 17.11 
921 	 0.0 	 16.98 
922 	 0.0 	 17.02 
923 	 0.0 	 17.05 
924 	 0.0 	 16.96 
925 	 0.0 	 16.99 
926 	 0.0 	 17.03 
927 	 0.0 	 17.01 
928 	 0.0 	 17.06 
929 	 0.0 	 17.06 
930 	 0.0 	 17.13 
931 	 0.0 	 17.13 
933 	 0.0 	 17.30 
934 	 0.0 	 17.36 
935 	 0.0 	 17.45 
936 	 0.0 	 17.56 
937 	 0.0 	 17.70 
938 	 0.0 	 17.76 
939 	 0.0 	 17.91 
940 	 0.0 	 17.94 
941 	 0.0 	 17.97 
942 	 0.0 	 17.96 
943 	 0.0 	 17.97 
944 	 0.0 	 17.97 
946 	 0.0 	 17.97 
947 	 0.0 	 17.95 
948 	 0.0 	 17.91 
950 	 0.0 	 17.59 
951 	 0.0 	 17.46 
952 	 0.0 	 17.31 
954 	 0.0 	 17.75 
955 	 0.0 	 18.04 
956 	 0.0 	 18.05 
957 	 0.0 	 18.06 
958 	 0.0 	 18.07 
959 	 0.0 	 18.08 
960 	 0.0 	 18.09 
961 	 0.0 	 18.09 
962 	 0.0 	 18.10 
963 	 0.0 	 17.83 
964 	 0.0 	 16.76 
965 	 0.0 	 18.06 
966 	 0.0 	 18.08 
967 	 0.0 	 18.09 
968 	 0.0 	 18.10 
970 	 0.0 	 18.11 
971 	 0.0 	 18.12 
972 	 0.0 	 17.66 
973 	 0.0 	 16.31 
974 	 0.0 	 16.24 
975 	 0.0 	 16.81 
976 	 0.0 	 17.27 
978 	 0.0 	 17.54 
979 	 0.0 	 17.47 
980 	 0.0 	 17.42 
981 	 0.0 	 17.37 
982 	 0.0 	 17.31 
983 	 0.0 	 17.28 
984 	 0.0 	 17.22 
985 	 0.0 	 17.10 
986 	 0.0 	 16.97 
987 	 0.0 	 17.00 
988 	 0.0 	 16.94 
989 	 0.0 	 16.73 
990 	 0.0 	 17.95 
991 	 0.0 	 17.98 
992 	 0.0 	 17.99 
993 	 0.0 	 18.01 
994 	 0.0 	 18.02 
995 	 0.0 	 16.10 
996 	 0.0 	 16.13 
997 	 0.0 	 16.05 
998 	 0.0 	 16.12 
999 	 0.0 	 16.12 
1000 	 0.0 	 16.26 
1001 	 0.0 	 17.90 
1002 	 0.0 	 17.93 
1003 	 0.0 	 17.94 
1004 	 0.0 	 17.96 
1005 	 0.0 	 17.97 
1006 	 0.0 	 17.98 
1007 	 0.0 	 17.99 
1008 	 0.0 	 18.00 
1009 	 0.0 	 18.01 
1010 	 0.0 	 18.01 
1011 	 0.0 	 16.03 
1012 	 0.0 	 16.01 
1013 	 0.0 	 17.90 
1014 	 0.0 	 17.95 
1015 	 0.0 	 17.97 
1016 	 0.0 	 17.98 
1017 	 0.0 	 18.00 
1018 	 0.0 	 18.00 
1019 	 0.0 	 18.01 
1020 	 0.0 	 18.02 
1021 	 0.0 	 18.03 
1022 	 0.0 	 18.03 
1024 	 0.0 	 18.04 
1025 	 0.0 	 18.05 
1026 	 0.0 	 18.06 
1027 	 0.0 	 18.06 
1028 	 0.0 	 18.06 
1029 	 0.0 	 18.07 
1030 	 0.0 	 18.07 
1031 	 0.0 	 18.08 
1032 	 0.0 	 18.08 
1033 	 0.0 	 18.08 
1034 	 0.0 	 18.09 
1035 	 0.0 	 18.09 
1036 	 0.0 	 18.10 
1037 	 0.0 	 16.45 
1039 	 0.0 	 16.13 
1040 	 0.0 	 16.11 
1041 	 0.0 	 17.95 
1042 	 0.0 	 17.98 
1044 	 0.0 	 18.01 
1046 	 0.0 	 16.15 
1048 	 0.0 	 16.64 
1050 	 0.0 	 16.63 
1051 	 0.0 	 17.91 
1052 	 0.0 	 17.93 
1053 	 0.0 	 17.95 
1054 	 0.0 	 17.96 
1055 	 0.0 	 17.94 
1056 	 0.0 	 16.10 
1057 	 0.0 	 15.90 
1058 	 0.0 	 15.94 
1059 	 0.0 	 16.25 
1060 	 0.0 	 17.87 
1061 	 0.0 	 17.90 
1062 	 0.0 	 17.91 
1063 	 0.0 	 16.03 
1064 	 0.0 	 15.86 
1065 	 0.0 	 15.70 
1066 	 0.0 	 15.96 
1068 	 0.0 	 16.07 
1069 	 0.0 	 16.21 
1070 	 0.0 	 16.27 
1072 	 0.0 	 17.78 
1073 	 0.0 	 17.81 
1074 	 0.0 	 16.48 
1075 	 0.0 	 17.80 
1076 	 0.0 	 15.79 
1077 	 0.0 	 15.90 
1078 	 0.0 	 15.78 
1079 	 0.0 	 15.70 
1080 	 0.0 	 15.76 
1081 	 0.0 	 15.74 
1082 	 0.0 	 15.74 
1083 	 0.0 	 16.06 
1085 	 0.0 	 16.16 
1086 	 0.0 	 16.15 
1087 	 0.0 	 17.62 
1090 	 0.0 	 15.66 
1091 	 0.0 	 17.65 
1092 	 0.0 	 17.66 
1093 	 0.0 	 15.73 
1094 	 0.0 	 17.64 
1095 	 0.0 	 17.67 
1096 	 0.0 	 17.66 
1097 	 0.0 	 15.62 
1098 	 0.0 	 15.62 
1099 	 0.0 	 15.55 
1100 	 0.0 	 17.57 
1101 	 0.0 	 17.62 
1102 	 0.0 	 15.62 
1104 	 0.0 	 15.62 
1105 	 0.0 	 15.76 
1106 	 0.0 	 15.73 
1107 	 0.0 	 15.88 
1109 	 0.0 	 15.82 
1110 	 0.0 	 15.67 
1112 	 0.0 	 15.72 
1113 	 0.0 	 15.52 
1114 	 0.0 	 15.78 
1115 	 0.0 	 15.64 
1116 	 0.0 	 15.46 
1117 	 0.0 	 15.64 
1118 	 0.0 	 15.65 
1119 	 0.0 	 15.68 
1120 	 0.0 	 15.61 
1121 	 0.0 	 15.56 
1122 	 0.0 	 15.41 
1124 	 0.0 	 15.50 
1125 	 0.0 	 15.61 
1126 	 0.0 	 15.57 
1127 	 0.0 	 15.45 
1128 	 0.0 	 17.33 
1129 	 0.0 	 17.38 
1130 	 0.0 	 16.54 
1131 	 0.0 	 15.48 
1132 	 0.0 	 15.39 
1134 	 0.0 	 15.28 
1136 	 0.0 	 15.20 
1137 	 0.0 	 15.39 
1138 	 0.0 	 15.31 
1139 	 0.0 	 15.29 
1140 	 0.0 	 15.42 
1141 	 0.0 	 15.24 
1142 	 0.0 	 15.36 
1143 	 0.0 	 17.24 
1144 	 0.0 	 17.28 
1145 	 0.0 	 15.33 
1147 	 0.0 	 15.41 
1148 	 0.0 	 17.25 
1149 	 0.0 	 16.83 
1150 	 0.0 	 17.28 
1152 	 0.0 	 15.89 
1153 	 0.0 	 15.38 
1154 	 0.0 	 15.39 
1155 	 0.0 	 17.28 
1156 	 0.0 	 17.32 
1157 	 0.0 	 17.35 
1158 	 0.0 	 17.37 
1159 	 0.0 	 17.39 
1160 	 0.0 	 17.40 
1161 	 0.0 	 16.06 
1162 	 0.0 	 15.50 
1163 	 0.0 	 15.55 
1164 	 0.0 	 15.50 
1165 	 0.0 	 17.27 
1166 	 0.0 	 17.15 
1168 	 0.0 	 15.38 
1169 	 0.0 	 15.30 
1170 	 0.0 	 15.50 
1171 	 0.0 	 15.40 
1172 	 0.0 	 15.43 
1174 	 0.0 	 15.13 
1176 	 0.0 	 15.45 
1177 	 0.0 	 15.30 
1179 	 0.0 	 15.33 
1180 	 0.0 	 15.06 
1181 	 0.0 	 15.40 
1182 	 0.0 	 15.38 
1183 	 0.0 	 15.34 
1184 	 0.0 	 15.26 
1185 	 0.0 	 15.19 
1187 	 0.0 	 14.99 
1188 	 0.0 	 15.08 
1189 	 0.0 	 15.19 
1190 	 0.0 	 15.24 
1191 	 0.0 	 15.21 
1192 	 0.0 	 15.21 
1193 	 0.0 	 15.37 
1194 	 0.0 	 15.39 
1195 	 0.0 	 15.24 
1196 	 0.0 	 15.65 
1197 	 0.0 	 15.71 
1198 	 0.0 	 15.71 
1199 	 0.0 	 15.90 
1200 	 0.0 	 15.98 
1201 	 0.0 	 15.93 
1202 	 0.0 	 15.85 
1204 	 0.0 	 15.44 
1205 	 0.0 	 15.26 
1206 	 0.0 	 15.23 
1207 	 0.0 	 15.26 
1208 	 0.0 	 15.18 
1209 	 0.0 	 15.02 
1211 	 0.0 	 15.14 
1212 	 0.0 	 15.23 
1214 	 0.0 	 15.16 
1215 	 0.0 	 15.17 
1216 	 0.0 	 15.25 
1217 	 0.0 	 15.26 
1218 	 0.0 	 15.16 
1219 	 0.0 	 15.12 
1220 	 0.0 	 15.22 
1221 	 0.0 	 16.92 
1222 	 0.0 	 16.97 
1223 	 0.0 	 17.01 
1224 	 0.0 	 17.04 
1225 	 0.0 	 17.06 
1226 	 0.0 	 17.09 
1227 	 0.0 	 17.11 
1228 	 0.0 	 17.12 
1229 	 0.0 	 17.14 
1230 	 0.0 	 17.15 
1231 	 0.0 	 17.17 
1232 	 0.0 	 17.18 
1233 	 0.0 	 17.19 
1234 	 0.0 	 17.20 
1235 	 0.0 	 17.21 
1236 	 0.0 	 17.22 
1237 	 0.0 	 15.30 
1238 	 0.0 	 15.40 
1239 	 0.0 	 15.28 
1240 	 0.0 	 15.34 
1242 	 0.0 	 15.15 
1243 	 0.0 	 15.30 
1244 	 0.0 	 15.21 
1245 	 0.0 	 15.13 
1246 	 0.0 	 15.16 
1248 	 0.0 	 15.12 
1250 	 0.0 	 15.11 
1252 	 0.0 	 15.12 
1253 	 0.0 	 15.15 
1254 	 0.0 	 15.15 
1255 	 0.0 	 15.11 
1256 	 0.0 	 15.25 
1257 	 0.0 	 15.23 
1259 	 0.0 	 15.22 
1260 	 0.0 	 15.08 
1261 	 0.0 	 15.23 
1262 	 0.0 	 15.16 
1264 	 0.0 	 15.20 
1265 	 0.0 	 15.15 
1266 	 0.0 	 15.08 
1267 	 0.0 	 15.17 
1268 	 0.0 	 15.22 
1269 	 0.0 	 15.21 
1270 	 0.0 	 15.09 
1271 	 0.0 	 15.20 
1272 	 0.0 	 15.05 
1273 	 0.0 	 15.05 
1274 	 0.0 	 15.24 
1275 	 0.0 	 15.08 
1276 	 0.0 	 15.14 
1277 	 0.0 	 15.14 
1278 	 0.0 	 15.21 
1279 	 0.0 	 15.13 
1281 	 0.0 	 15.08 
1282 	 0.0 	 15.12 
1286 	 0.0 	 15.08 
1287 	 0.0 	 15.10 
1288 	 0.0 	 15.12 
1289 	 0.0 	 15.19 
1290 	 0.0 	 15.16 
1291 	 0.0 	 15.12 
1292 	 0.0 	 15.04 
1293 	 0.0 	 15.11 
1294 	 0.0 	 15.14 
1295 	 0.0 	 15.08 
1296 	 0.0 	 15.03 
1297 	 0.0 	 15.16 
1299 	 0.0 	 15.12 
1300 	 0.0 	 15.09 
1301 	 0.0 	 15.10 
1302 	 0.0 	 15.09 
1303 	 0.0 	 15.13 
1304 	 0.0 	 15.16 
1305 	 0.0 	 15.08 
1306 	 0.0 	 15.10 
1307 	 0.0 	 15.08 
1308 	 0.0 	 15.11 
1309 	 0.0 	 15.06 
1310 	 0.0 	 15.09 
1312 	 0.0 	 15.03 
1314 	 0.0 	 15.06 
1315 	 0.0 	 15.02 
1317 	 0.0 	 15.08 
1319 	 0.0 	 15.06 
1320 	 0.0 	 15.13 
1322 	 0.0 	 15.06 
1323 	 0.0 	 15.11 
1324 	 0.0 	 15.06 
1325 	 0.0 	 15.06 
1326 	 0.0 	 15.02 
1327 	 0.0 	 15.04 
1330 	 0.0 	 15.04 
1331 	 0.0 	 15.09 
1332 	 0.0 	 15.04 
1334 	 0.0 	 15.06 
1336 	 0.0 	 15.09 
1337 	 0.0 	 15.03 
1338 	 0.0 	 15.05 
1339 	 0.0 	 15.03 
1340 	 0.0 	 15.03 
1341 	 0.0 	 15.00 
1342 	 0.0 	 15.04 
1343 	 0.0 	 15.05 
1344 	 0.0 	 15.05 
1345 	 0.0 	 15.00 
1346 	 0.0 	 15.05 
1347 	 0.0 	 15.08 
1348 	 0.0 	 15.00 
1349 	 0.0 	 14.98 
1350 	 0.0 	 15.00 
1351 	 0.0 	 15.02 
1352 	 0.0 	 14.99 
1354 	 0.0 	 15.01 
1356 	 0.0 	 15.02 
1358 	 0.0 	 14.99 
1359 	 0.0 	 14.97 
1360 	 0.0 	 15.00 
1361 	 0.0 	 14.99 
1362 	 0.0 	 15.02 
1363 	 0.0 	 15.02 
1364 	 0.0 	 14.96 
1365 	 0.0 	 15.04 
1366 	 0.0 	 14.96 
1368 	 0.0 	 15.00 
1369 	 0.0 	 14.96 
1370 	 0.0 	 14.99 
1372 	 0.0 	 15.06 
1373 	 0.0 	 14.96 
1374 	 0.0 	 14.97 
1375 	 0.0 	 15.00 
1376 	 0.0 	 14.95 
1377 	 0.0 	 14.97 
1378 	 0.0 	 14.97 
1379 	 0.0 	 14.95 
1380 	 0.0 	 14.95 
1381 	 0.0 	 14.96 
1382 	 0.0 	 14.95 
1383 	 0.0 	 14.95 
1384 	 0.0 	 14.95 
1385 	 0.0 	 14.93 
1386 	 0.0 	 14.97 
1387 	 0.0 	 14.96 
1388 	 0.0 	 14.96 
1390 	 0.0 	 14.91 
1391 	 0.0 	 14.92 
1392 	 0.0 	 14.93 
1394 	 0.0 	 14.90 
1395 	 0.0 	 14.93 
1396 	 0.0 	 14.95 
1397 	 0.0 	 14.90 
1398 	 0.0 	 14.92 
1399 	 0.0 	 14.91 
1400 	 0.0 	 14.91 
1402 	 0.0 	 14.92 
1404 	 0.0 	 14.93 
1405 	 0.0 	 14.89 
1406 	 0.0 	 14.88 
1408 	 0.0 	 14.89 
1409 	 0.0 	 14.92 
1410 	 0.0 	 14.88 
1412 	 0.0 	 14.87 
1415 	 0.0 	 14.89 
1417 	 0.0 	 14.88 
1418 	 0.0 	 14.88 
1419 	 0.0 	 14.84 
1420 	 0.0 	 14.84 
1422 	 0.0 	 14.86 
1423 	 0.0 	 14.87 
1424 	 0.0 	 14.86 
1425 	 0.0 	 14.89 
1426 	 0.0 	 14.84 
1428 	 0.0 	 14.84 
1430 	 0.0 	 14.81 
1431 	 0.0 	 14.82 
1432 	 0.0 	 14.85 
1433 	 0.0 	 14.82 
1434 	 0.0 	 14.82 
1435 	 0.0 	 14.80 
1436 	 0.0 	 14.84 
1437 	 0.0 	 14.84 
1438 	 0.0 	 14.80 
1439 	 0.0 	 14.80 
1440 	 0.0 	 14.82 
1441 	 0.0 	 14.79 
1443 	 0.0 	 14.77 
1444 	 0.0 	 14.80 
1446 	 0.0 	 14.80 
1447 	 0.0 	 14.80 
1448 	 0.0 	 14.81 
1449 	 0.0 	 14.79 
1450 	 0.0 	 14.78 
1451 	 0.0 	 14.82 
1452 	 0.0 	 14.75 
1453 	 0.0 	 14.77 
1454 	 0.0 	 14.73 
1456 	 0.0 	 14.74 
1457 	 0.0 	 14.76 
1458 	 0.0 	 14.77 
1459 	 0.0 	 14.76 
1460 	 0.0 	 14.73 
1461 	 0.0 	 14.75 
1462 	 0.0 	 14.75 
1463 	 0.0 	 14.75 
1464 	 0.0 	 14.77 
1465 	 0.0 	 14.75 
1466 	 0.0 	 14.77 
1467 	 0.0 	 14.74 
1468 	 0.0 	 14.73 
1469 	 0.0 	 14.73 
1470 	 0.0 	 14.75 
1471 	 0.0 	 14.70 
1472 	 0.0 	 14.73 
1473 	 0.0 	 14.76 
1474 	 0.0 	 14.72 
1475 	 0.0 	 14.73 
1476 	 0.0 	 14.73 
1477 	 0.0 	 14.73 
1478 	 0.0 	 14.70 
1479 	 0.0 	 14.73 
1480 	 0.0 	 14.73 
1481 	 0.0 	 14.72 
1482 	 0.0 	 14.72 
1483 	 0.0 	 14.71 
1484 	 0.0 	 14.72 
1485 	 0.0 	 14.72 
1486 	 0.0 	 14.75 
1487 	 0.0 	 14.74 
1488 	 0.0 	 14.71 
1489 	 0.0 	 14.72 
1491 	 0.0 	 14.71 
1492 	 0.0 	 14.72 
1493 	 0.0 	 14.73 
1494 	 0.0 	 14.72 
1496 	 0.0 	 14.69 
1497 	 0.0 	 14.69 
1498 	 0.0 	 14.71 
1499 	 0.0 	 14.71 
1500 	 0.0 	 14.70 
1502 	 0.0 	 14.71 
1504 	 0.0 	 14.71 
1505 	 0.0 	 14.70 
1506 	 0.0 	 14.71 
1507 	 0.0 	 14.71 
1508 	 0.0 	 14.71 
1509 	 0.0 	 14.69 
1510 	 0.0 	 14.71 
1511 	 0.0 	 14.70 
1512 	 0.0 	 14.69 
1513 	 0.0 	 14.72 
1515 	 0.0 	 14.69 
1516 	 0.0 	 14.68 
1517 	 0.0 	 14.68 
1518 	 0.0 	 14.70 
1519 	 0.0 	 14.69 
1521 	 0.0 	 14.69 
1522 	 0.0 	 14.69 
1523 	 0.0 	 14.66 
1524 	 0.0 	 14.69 
1525 	 0.0 	 14.68 
1526 	 0.0 	 14.68 
1527 	 0.0 	 14.69 
1529 	 0.0 	 14.66 
1530 	 0.0 	 14.66 
1531 	 0.0 	 14.68 
1532 	 0.0 	 14.68 
1533 	 0.0 	 14.66 
1534 	 0.0 	 14.67 
1535 	 0.0 	 14.66 
1536 	 0.0 	 14.67 
1537 	 0.0 	 14.64 
1538 	 0.0 	 14.66 
1539 	 0.0 	 14.66 
1541 	 0.0 	 14.67 
1542 	 0.0 	 14.67 
1545 	 0.0 	 14.67 
1546 	 0.0 	 14.66 
1548 	 0.0 	 14.66 
1549 	 0.0 	 14.68 
1550 	 0.0 	 14.67 
