1 	 0.0 	 0.95 
2 	 0.0 	 0.94 
3 	 0.0 	 0.93 
4 	 0.0 	 0.92 
5 	 0.0 	 0.91 
6 	 0.0 	 0.90 
7 	 0.0 	 0.89 
8 	 0.0 	 0.88 
9 	 0.0 	 0.87 
10 	 0.0 	 0.86 
11 	 0.0 	 0.84 
12 	 0.0 	 0.83 
13 	 0.0 	 0.78 
14 	 0.0 	 0.74 
15 	 0.0 	 0.74 
16 	 0.0 	 0.72 
17 	 0.0 	 0.68 
18 	 0.0 	 41.78 
19 	 0.0 	 41.78 
20 	 0.0 	 41.78 
21 	 0.0 	 41.77 
22 	 0.0 	 41.77 
23 	 0.0 	 41.75 
24 	 0.0 	 41.75 
25 	 0.0 	 41.75 
26 	 0.0 	 41.75 
27 	 0.0 	 41.75 
28 	 0.0 	 41.75 
29 	 0.0 	 41.75 
30 	 0.0 	 41.75 
31 	 0.0 	 41.75 
32 	 0.0 	 41.75 
33 	 0.0 	 41.75 
34 	 0.0 	 41.75 
35 	 0.0 	 41.75 
36 	 0.0 	 41.75 
37 	 0.0 	 41.75 
38 	 0.0 	 41.75 
39 	 0.0 	 41.75 
40 	 0.0 	 41.75 
41 	 0.0 	 41.75 
42 	 0.0 	 41.75 
43 	 0.0 	 41.75 
44 	 0.0 	 41.75 
45 	 0.0 	 41.74 
46 	 0.0 	 41.75 
47 	 0.0 	 41.74 
48 	 0.0 	 37.49 
49 	 0.0 	 41.68 
50 	 0.0 	 41.70 
51 	 0.0 	 41.70 
52 	 0.0 	 41.71 
53 	 0.0 	 41.71 
54 	 0.0 	 41.71 
55 	 0.0 	 41.71 
56 	 0.0 	 41.71 
57 	 0.0 	 41.71 
58 	 0.0 	 41.71 
59 	 0.0 	 41.68 
60 	 0.0 	 37.14 
61 	 0.0 	 37.20 
62 	 0.0 	 37.05 
63 	 0.0 	 37.22 
64 	 0.0 	 41.13 
65 	 0.0 	 41.33 
66 	 0.0 	 41.39 
67 	 0.0 	 41.42 
68 	 0.0 	 41.44 
69 	 0.0 	 41.46 
70 	 0.0 	 41.48 
71 	 0.0 	 41.49 
72 	 0.0 	 41.50 
73 	 0.0 	 41.51 
74 	 0.0 	 41.52 
75 	 0.0 	 41.52 
76 	 0.0 	 41.53 
77 	 0.0 	 41.53 
78 	 0.0 	 41.53 
79 	 0.0 	 38.74 
80 	 0.0 	 41.29 
81 	 0.0 	 41.43 
82 	 0.0 	 41.46 
83 	 0.0 	 41.48 
84 	 0.0 	 41.49 
85 	 0.0 	 41.50 
86 	 0.0 	 41.51 
87 	 0.0 	 41.51 
88 	 0.0 	 37.82 
89 	 0.0 	 41.46 
90 	 0.0 	 36.89 
91 	 0.0 	 37.08 
92 	 0.0 	 36.87 
93 	 0.0 	 36.81 
94 	 0.0 	 36.68 
95 	 0.0 	 37.26 
96 	 0.0 	 37.56 
97 	 0.0 	 37.46 
98 	 0.0 	 37.84 
99 	 0.0 	 38.02 
100 	 0.0 	 38.17 
101 	 0.0 	 40.95 
102 	 0.0 	 41.01 
103 	 0.0 	 39.13 
104 	 0.0 	 36.51 
105 	 0.0 	 36.59 
106 	 0.0 	 36.63 
107 	 0.0 	 36.28 
108 	 0.0 	 37.07 
109 	 0.0 	 37.68 
110 	 0.0 	 38.13 
111 	 0.0 	 38.51 
112 	 0.0 	 39.05 
113 	 0.0 	 39.43 
114 	 0.0 	 39.78 
115 	 0.0 	 39.86 
116 	 0.0 	 39.39 
117 	 0.0 	 39.10 
118 	 0.0 	 39.12 
119 	 0.0 	 38.97 
120 	 0.0 	 38.81 
121 	 0.0 	 38.58 
122 	 0.0 	 38.02 
123 	 0.0 	 37.39 
124 	 0.0 	 36.57 
125 	 0.0 	 36.77 
126 	 0.0 	 36.52 
127 	 0.0 	 35.90 
128 	 0.0 	 36.28 
129 	 0.0 	 36.18 
130 	 0.0 	 36.20 
131 	 0.0 	 36.07 
132 	 0.0 	 36.07 
133 	 0.0 	 36.25 
134 	 0.0 	 36.21 
135 	 0.0 	 36.52 
136 	 0.0 	 36.77 
137 	 0.0 	 37.31 
138 	 0.0 	 37.91 
139 	 0.0 	 38.11 
140 	 0.0 	 38.12 
141 	 0.0 	 38.29 
142 	 0.0 	 38.38 
143 	 0.0 	 38.24 
144 	 0.0 	 38.35 
145 	 0.0 	 38.54 
146 	 0.0 	 39.02 
147 	 0.0 	 39.60 
148 	 0.0 	 40.09 
149 	 0.0 	 40.26 
150 	 0.0 	 40.41 
151 	 0.0 	 40.45 
152 	 0.0 	 40.48 
153 	 0.0 	 40.50 
154 	 0.0 	 40.44 
155 	 0.0 	 36.28 
156 	 0.0 	 40.39 
157 	 0.0 	 40.47 
158 	 0.0 	 40.51 
159 	 0.0 	 39.28 
160 	 0.0 	 36.54 
161 	 0.0 	 36.32 
162 	 0.0 	 36.28 
163 	 0.0 	 36.66 
164 	 0.0 	 37.34 
165 	 0.0 	 37.78 
166 	 0.0 	 37.71 
167 	 0.0 	 40.13 
168 	 0.0 	 40.25 
169 	 0.0 	 36.03 
170 	 0.0 	 37.25 
171 	 0.0 	 37.94 
172 	 0.0 	 38.59 
173 	 0.0 	 38.49 
174 	 0.0 	 38.50 
175 	 0.0 	 38.55 
176 	 0.0 	 38.77 
177 	 0.0 	 38.71 
178 	 0.0 	 38.46 
179 	 0.0 	 38.52 
180 	 0.0 	 38.56 
181 	 0.0 	 38.31 
182 	 0.0 	 38.26 
183 	 0.0 	 38.20 
184 	 0.0 	 38.51 
185 	 0.0 	 38.18 
186 	 0.0 	 38.30 
187 	 0.0 	 38.09 
188 	 0.0 	 38.45 
189 	 0.0 	 39.20 
190 	 0.0 	 39.37 
191 	 0.0 	 39.75 
192 	 0.0 	 40.13 
193 	 0.0 	 40.20 
194 	 0.0 	 40.25 
195 	 0.0 	 40.27 
196 	 0.0 	 40.29 
197 	 0.0 	 40.30 
198 	 0.0 	 36.94 
199 	 0.0 	 37.16 
200 	 0.0 	 36.81 
201 	 0.0 	 36.90 
202 	 0.0 	 36.46 
203 	 0.0 	 36.14 
204 	 0.0 	 36.47 
205 	 0.0 	 36.96 
206 	 0.0 	 37.14 
207 	 0.0 	 37.53 
208 	 0.0 	 37.56 
209 	 0.0 	 37.64 
210 	 0.0 	 37.58 
211 	 0.0 	 37.64 
212 	 0.0 	 37.70 
213 	 0.0 	 37.83 
214 	 0.0 	 40.03 
215 	 0.0 	 40.09 
216 	 0.0 	 40.13 
217 	 0.0 	 40.17 
218 	 0.0 	 40.20 
219 	 0.0 	 40.23 
220 	 0.0 	 40.25 
221 	 0.0 	 40.27 
222 	 0.0 	 40.29 
223 	 0.0 	 40.31 
224 	 0.0 	 40.33 
225 	 0.0 	 40.34 
226 	 0.0 	 40.36 
227 	 0.0 	 40.37 
228 	 0.0 	 40.39 
229 	 0.0 	 40.40 
230 	 0.0 	 40.41 
231 	 0.0 	 36.42 
232 	 0.0 	 36.16 
233 	 0.0 	 36.21 
234 	 0.0 	 35.80 
235 	 0.0 	 36.03 
236 	 0.0 	 36.68 
237 	 0.0 	 36.79 
238 	 0.0 	 37.25 
239 	 0.0 	 37.38 
240 	 0.0 	 37.43 
241 	 0.0 	 37.62 
242 	 0.0 	 37.50 
243 	 0.0 	 37.46 
244 	 0.0 	 37.73 
245 	 0.0 	 37.56 
246 	 0.0 	 36.97 
247 	 0.0 	 36.14 
248 	 0.0 	 36.31 
249 	 0.0 	 35.84 
250 	 0.0 	 35.66 
251 	 0.0 	 35.80 
252 	 0.0 	 35.72 
253 	 0.0 	 35.19 
254 	 0.0 	 35.70 
255 	 0.0 	 35.37 
256 	 0.0 	 35.57 
257 	 0.0 	 35.61 
258 	 0.0 	 36.35 
259 	 0.0 	 36.84 
260 	 0.0 	 37.13 
261 	 0.0 	 37.40 
262 	 0.0 	 37.43 
263 	 0.0 	 37.70 
264 	 0.0 	 38.01 
265 	 0.0 	 38.34 
266 	 0.0 	 39.13 
267 	 0.0 	 39.64 
268 	 0.0 	 39.60 
269 	 0.0 	 39.71 
270 	 0.0 	 39.74 
271 	 0.0 	 39.54 
272 	 0.0 	 39.02 
273 	 0.0 	 38.70 
274 	 0.0 	 38.40 
275 	 0.0 	 38.27 
276 	 0.0 	 38.26 
277 	 0.0 	 37.83 
278 	 0.0 	 37.74 
279 	 0.0 	 37.88 
280 	 0.0 	 37.82 
281 	 0.0 	 37.49 
282 	 0.0 	 37.66 
283 	 0.0 	 37.70 
284 	 0.0 	 37.64 
285 	 0.0 	 37.66 
286 	 0.0 	 37.18 
287 	 0.0 	 36.82 
288 	 0.0 	 35.91 
289 	 0.0 	 35.71 
290 	 0.0 	 35.57 
291 	 0.0 	 35.13 
292 	 0.0 	 35.44 
293 	 0.0 	 35.39 
294 	 0.0 	 35.44 
295 	 0.0 	 35.33 
296 	 0.0 	 35.11 
297 	 0.0 	 35.42 
298 	 0.0 	 35.22 
299 	 0.0 	 35.37 
300 	 0.0 	 35.48 
301 	 0.0 	 35.03 
302 	 0.0 	 35.54 
303 	 0.0 	 35.93 
304 	 0.0 	 36.45 
305 	 0.0 	 36.63 
306 	 0.0 	 37.26 
307 	 0.0 	 37.41 
308 	 0.0 	 37.53 
309 	 0.0 	 37.58 
310 	 0.0 	 37.67 
311 	 0.0 	 37.76 
312 	 0.0 	 37.83 
313 	 0.0 	 37.40 
314 	 0.0 	 37.27 
315 	 0.0 	 36.93 
316 	 0.0 	 36.43 
317 	 0.0 	 36.21 
318 	 0.0 	 36.05 
319 	 0.0 	 36.31 
320 	 0.0 	 36.66 
321 	 0.0 	 36.90 
322 	 0.0 	 36.93 
323 	 0.0 	 37.45 
324 	 0.0 	 37.78 
325 	 0.0 	 37.93 
326 	 0.0 	 38.24 
327 	 0.0 	 38.48 
328 	 0.0 	 38.27 
329 	 0.0 	 38.64 
330 	 0.0 	 38.70 
331 	 0.0 	 38.91 
332 	 0.0 	 39.03 
333 	 0.0 	 39.06 
334 	 0.0 	 38.75 
335 	 0.0 	 38.61 
336 	 0.0 	 38.49 
337 	 0.0 	 38.02 
338 	 0.0 	 37.74 
339 	 0.0 	 37.08 
340 	 0.0 	 36.96 
341 	 0.0 	 37.08 
342 	 0.0 	 37.52 
343 	 0.0 	 38.29 
344 	 0.0 	 38.65 
345 	 0.0 	 38.75 
346 	 0.0 	 38.52 
347 	 0.0 	 38.02 
348 	 0.0 	 37.46 
349 	 0.0 	 39.60 
350 	 0.0 	 39.64 
351 	 0.0 	 39.67 
352 	 0.0 	 39.70 
353 	 0.0 	 39.72 
354 	 0.0 	 39.69 
355 	 0.0 	 35.64 
356 	 0.0 	 35.57 
357 	 0.0 	 35.34 
358 	 0.0 	 35.50 
359 	 0.0 	 35.56 
360 	 0.0 	 39.43 
361 	 0.0 	 39.52 
362 	 0.0 	 39.56 
363 	 0.0 	 35.39 
364 	 0.0 	 35.22 
365 	 0.0 	 35.45 
366 	 0.0 	 39.36 
367 	 0.0 	 39.47 
368 	 0.0 	 39.53 
369 	 0.0 	 39.57 
370 	 0.0 	 39.60 
371 	 0.0 	 36.70 
372 	 0.0 	 35.38 
373 	 0.0 	 35.15 
374 	 0.0 	 34.98 
375 	 0.0 	 35.40 
376 	 0.0 	 39.14 
377 	 0.0 	 39.37 
378 	 0.0 	 39.44 
379 	 0.0 	 39.14 
380 	 0.0 	 35.50 
381 	 0.0 	 35.38 
382 	 0.0 	 35.08 
383 	 0.0 	 35.67 
384 	 0.0 	 36.05 
385 	 0.0 	 36.67 
386 	 0.0 	 36.64 
387 	 0.0 	 36.66 
388 	 0.0 	 36.67 
389 	 0.0 	 36.69 
390 	 0.0 	 36.90 
391 	 0.0 	 36.70 
392 	 0.0 	 36.91 
393 	 0.0 	 36.90 
394 	 0.0 	 36.78 
395 	 0.0 	 36.77 
396 	 0.0 	 36.84 
397 	 0.0 	 36.65 
398 	 0.0 	 39.11 
399 	 0.0 	 39.26 
400 	 0.0 	 39.32 
401 	 0.0 	 39.37 
402 	 0.0 	 39.40 
403 	 0.0 	 39.43 
404 	 0.0 	 36.59 
405 	 0.0 	 35.10 
406 	 0.0 	 35.24 
407 	 0.0 	 35.20 
408 	 0.0 	 35.09 
409 	 0.0 	 35.08 
410 	 0.0 	 35.58 
411 	 0.0 	 35.98 
412 	 0.0 	 36.21 
413 	 0.0 	 36.20 
414 	 0.0 	 36.30 
415 	 0.0 	 36.10 
416 	 0.0 	 35.90 
417 	 0.0 	 35.94 
418 	 0.0 	 35.91 
419 	 0.0 	 36.09 
420 	 0.0 	 35.96 
421 	 0.0 	 35.87 
422 	 0.0 	 36.02 
423 	 0.0 	 36.00 
424 	 0.0 	 35.99 
425 	 0.0 	 35.84 
426 	 0.0 	 35.88 
427 	 0.0 	 35.71 
428 	 0.0 	 35.76 
429 	 0.0 	 35.73 
430 	 0.0 	 35.81 
431 	 0.0 	 35.85 
432 	 0.0 	 35.60 
433 	 0.0 	 36.02 
434 	 0.0 	 35.02 
435 	 0.0 	 38.82 
436 	 0.0 	 38.91 
437 	 0.0 	 38.99 
438 	 0.0 	 39.04 
439 	 0.0 	 39.08 
440 	 0.0 	 39.13 
441 	 0.0 	 39.16 
442 	 0.0 	 39.20 
443 	 0.0 	 39.22 
444 	 0.0 	 39.25 
445 	 0.0 	 39.28 
446 	 0.0 	 39.30 
447 	 0.0 	 39.32 
448 	 0.0 	 39.34 
449 	 0.0 	 39.36 
450 	 0.0 	 39.38 
451 	 0.0 	 39.39 
452 	 0.0 	 39.41 
453 	 0.0 	 39.43 
454 	 0.0 	 39.45 
455 	 0.0 	 37.88 
456 	 0.0 	 35.27 
457 	 0.0 	 35.24 
458 	 0.0 	 35.04 
459 	 0.0 	 35.32 
460 	 0.0 	 35.09 
461 	 0.0 	 35.14 
462 	 0.0 	 35.26 
463 	 0.0 	 35.39 
464 	 0.0 	 35.57 
465 	 0.0 	 35.64 
466 	 0.0 	 35.62 
467 	 0.0 	 35.77 
468 	 0.0 	 36.12 
469 	 0.0 	 35.93 
470 	 0.0 	 35.81 
471 	 0.0 	 35.90 
472 	 0.0 	 35.93 
473 	 0.0 	 36.07 
474 	 0.0 	 36.19 
475 	 0.0 	 36.15 
476 	 0.0 	 36.14 
477 	 0.0 	 35.36 
478 	 0.0 	 35.36 
479 	 0.0 	 35.43 
480 	 0.0 	 35.85 
481 	 0.0 	 35.94 
482 	 0.0 	 35.92 
483 	 0.0 	 35.80 
484 	 0.0 	 35.67 
485 	 0.0 	 35.61 
486 	 0.0 	 38.75 
487 	 0.0 	 38.83 
488 	 0.0 	 38.89 
489 	 0.0 	 38.93 
490 	 0.0 	 38.97 
491 	 0.0 	 39.00 
492 	 0.0 	 39.04 
493 	 0.0 	 39.07 
494 	 0.0 	 39.09 
495 	 0.0 	 35.10 
496 	 0.0 	 34.96 
497 	 0.0 	 34.97 
498 	 0.0 	 34.84 
499 	 0.0 	 34.89 
500 	 0.0 	 34.91 
501 	 0.0 	 34.41 
502 	 0.0 	 34.67 
503 	 0.0 	 34.88 
504 	 0.0 	 35.09 
505 	 0.0 	 35.18 
506 	 0.0 	 35.30 
507 	 0.0 	 35.54 
508 	 0.0 	 35.59 
509 	 0.0 	 35.62 
510 	 0.0 	 36.03 
511 	 0.0 	 35.52 
512 	 0.0 	 36.29 
513 	 0.0 	 36.28 
514 	 0.0 	 36.35 
515 	 0.0 	 36.20 
516 	 0.0 	 35.80 
517 	 0.0 	 35.31 
518 	 0.0 	 35.44 
519 	 0.0 	 35.25 
520 	 0.0 	 34.65 
521 	 0.0 	 34.83 
522 	 0.0 	 34.77 
523 	 0.0 	 34.75 
524 	 0.0 	 34.69 
525 	 0.0 	 34.29 
526 	 0.0 	 34.58 
527 	 0.0 	 34.49 
528 	 0.0 	 34.43 
529 	 0.0 	 34.81 
530 	 0.0 	 34.59 
531 	 0.0 	 38.23 
532 	 0.0 	 38.38 
533 	 0.0 	 38.46 
534 	 0.0 	 38.52 
535 	 0.0 	 38.57 
536 	 0.0 	 38.61 
537 	 0.0 	 38.65 
538 	 0.0 	 38.69 
539 	 0.0 	 38.72 
540 	 0.0 	 38.75 
541 	 0.0 	 38.78 
542 	 0.0 	 38.80 
543 	 0.0 	 38.81 
544 	 0.0 	 34.76 
545 	 0.0 	 34.85 
546 	 0.0 	 34.71 
547 	 0.0 	 34.82 
548 	 0.0 	 34.43 
549 	 0.0 	 34.43 
550 	 0.0 	 34.46 
551 	 0.0 	 34.59 
552 	 0.0 	 34.57 
553 	 0.0 	 34.13 
554 	 0.0 	 34.69 
555 	 0.0 	 34.62 
556 	 0.0 	 34.29 
557 	 0.0 	 34.15 
558 	 0.0 	 34.16 
559 	 0.0 	 34.31 
560 	 0.0 	 34.36 
561 	 0.0 	 34.72 
562 	 0.0 	 38.24 
563 	 0.0 	 38.33 
564 	 0.0 	 38.40 
565 	 0.0 	 38.45 
566 	 0.0 	 38.49 
567 	 0.0 	 38.53 
568 	 0.0 	 38.57 
569 	 0.0 	 38.60 
570 	 0.0 	 38.63 
571 	 0.0 	 38.66 
572 	 0.0 	 38.68 
573 	 0.0 	 38.70 
574 	 0.0 	 38.73 
575 	 0.0 	 38.75 
576 	 0.0 	 38.77 
577 	 0.0 	 38.78 
578 	 0.0 	 38.80 
579 	 0.0 	 38.82 
580 	 0.0 	 38.83 
581 	 0.0 	 38.85 
582 	 0.0 	 38.86 
583 	 0.0 	 35.04 
584 	 0.0 	 34.95 
585 	 0.0 	 34.76 
586 	 0.0 	 35.07 
587 	 0.0 	 34.69 
588 	 0.0 	 34.59 
589 	 0.0 	 34.49 
590 	 0.0 	 34.71 
591 	 0.0 	 34.54 
592 	 0.0 	 34.65 
593 	 0.0 	 34.60 
594 	 0.0 	 34.55 
595 	 0.0 	 34.41 
596 	 0.0 	 34.35 
597 	 0.0 	 34.28 
598 	 0.0 	 34.34 
599 	 0.0 	 34.14 
600 	 0.0 	 34.52 
601 	 0.0 	 34.42 
602 	 0.0 	 34.29 
603 	 0.0 	 34.25 
604 	 0.0 	 34.36 
605 	 0.0 	 34.25 
606 	 0.0 	 34.50 
607 	 0.0 	 34.39 
608 	 0.0 	 34.36 
609 	 0.0 	 34.17 
610 	 0.0 	 34.35 
611 	 0.0 	 34.37 
612 	 0.0 	 37.90 
613 	 0.0 	 38.05 
614 	 0.0 	 38.12 
615 	 0.0 	 34.76 
616 	 0.0 	 34.13 
617 	 0.0 	 34.29 
618 	 0.0 	 33.91 
619 	 0.0 	 33.95 
620 	 0.0 	 34.18 
621 	 0.0 	 33.87 
622 	 0.0 	 34.24 
623 	 0.0 	 37.91 
624 	 0.0 	 36.96 
625 	 0.0 	 34.32 
626 	 0.0 	 34.02 
627 	 0.0 	 33.95 
628 	 0.0 	 33.68 
629 	 0.0 	 33.91 
630 	 0.0 	 34.08 
631 	 0.0 	 34.02 
632 	 0.0 	 33.97 
633 	 0.0 	 33.87 
634 	 0.0 	 33.97 
635 	 0.0 	 33.96 
636 	 0.0 	 33.83 
637 	 0.0 	 34.03 
638 	 0.0 	 33.82 
639 	 0.0 	 33.98 
640 	 0.0 	 33.92 
641 	 0.0 	 33.90 
642 	 0.0 	 33.68 
643 	 0.0 	 33.91 
644 	 0.0 	 33.70 
645 	 0.0 	 33.56 
646 	 0.0 	 33.66 
647 	 0.0 	 33.46 
648 	 0.0 	 33.53 
649 	 0.0 	 33.56 
650 	 0.0 	 33.65 
651 	 0.0 	 33.71 
652 	 0.0 	 33.67 
653 	 0.0 	 33.75 
654 	 0.0 	 33.46 
655 	 0.0 	 33.74 
656 	 0.0 	 33.67 
657 	 0.0 	 33.64 
658 	 0.0 	 33.33 
659 	 0.0 	 33.33 
660 	 0.0 	 33.40 
661 	 0.0 	 33.58 
662 	 0.0 	 33.67 
663 	 0.0 	 33.30 
664 	 0.0 	 37.26 
665 	 0.0 	 37.42 
666 	 0.0 	 37.53 
667 	 0.0 	 37.60 
668 	 0.0 	 37.67 
669 	 0.0 	 37.72 
670 	 0.0 	 37.77 
671 	 0.0 	 37.81 
672 	 0.0 	 37.85 
673 	 0.0 	 37.88 
674 	 0.0 	 37.91 
675 	 0.0 	 37.95 
676 	 0.0 	 37.97 
677 	 0.0 	 38.00 
678 	 0.0 	 36.34 
679 	 0.0 	 34.32 
680 	 0.0 	 34.15 
681 	 0.0 	 34.04 
682 	 0.0 	 34.12 
683 	 0.0 	 33.80 
684 	 0.0 	 34.02 
685 	 0.0 	 33.72 
686 	 0.0 	 33.92 
687 	 0.0 	 33.56 
688 	 0.0 	 33.72 
689 	 0.0 	 33.94 
690 	 0.0 	 33.63 
691 	 0.0 	 33.87 
692 	 0.0 	 33.41 
693 	 0.0 	 33.68 
694 	 0.0 	 33.68 
695 	 0.0 	 33.65 
696 	 0.0 	 33.71 
697 	 0.0 	 33.07 
698 	 0.0 	 33.54 
699 	 0.0 	 33.36 
700 	 0.0 	 33.40 
701 	 0.0 	 33.63 
702 	 0.0 	 33.60 
703 	 0.0 	 33.30 
704 	 0.0 	 33.55 
705 	 0.0 	 33.53 
706 	 0.0 	 33.62 
707 	 0.0 	 33.18 
708 	 0.0 	 33.16 
709 	 0.0 	 33.44 
710 	 0.0 	 33.41 
711 	 0.0 	 33.17 
712 	 0.0 	 33.18 
713 	 0.0 	 33.35 
714 	 0.0 	 33.47 
715 	 0.0 	 33.30 
716 	 0.0 	 33.44 
717 	 0.0 	 33.33 
718 	 0.0 	 33.38 
719 	 0.0 	 33.41 
720 	 0.0 	 33.27 
721 	 0.0 	 32.92 
722 	 0.0 	 36.91 
723 	 0.0 	 37.09 
724 	 0.0 	 37.19 
725 	 0.0 	 36.17 
726 	 0.0 	 33.51 
727 	 0.0 	 33.13 
728 	 0.0 	 34.66 
729 	 0.0 	 35.37 
730 	 0.0 	 36.04 
731 	 0.0 	 36.60 
732 	 0.0 	 36.98 
733 	 0.0 	 37.20 
734 	 0.0 	 37.25 
735 	 0.0 	 37.31 
736 	 0.0 	 37.38 
737 	 0.0 	 37.47 
738 	 0.0 	 37.46 
739 	 0.0 	 37.55 
740 	 0.0 	 37.52 
741 	 0.0 	 37.35 
742 	 0.0 	 37.52 
743 	 0.0 	 37.41 
744 	 0.0 	 37.69 
745 	 0.0 	 37.72 
746 	 0.0 	 37.74 
747 	 0.0 	 37.77 
748 	 0.0 	 37.75 
749 	 0.0 	 34.11 
750 	 0.0 	 34.48 
751 	 0.0 	 35.89 
752 	 0.0 	 36.58 
753 	 0.0 	 36.79 
754 	 0.0 	 37.10 
755 	 0.0 	 37.17 
756 	 0.0 	 37.74 
757 	 0.0 	 37.77 
758 	 0.0 	 37.79 
759 	 0.0 	 37.82 
760 	 0.0 	 37.84 
761 	 0.0 	 37.85 
762 	 0.0 	 37.87 
763 	 0.0 	 34.05 
764 	 0.0 	 33.92 
765 	 0.0 	 35.04 
766 	 0.0 	 36.14 
767 	 0.0 	 37.00 
768 	 0.0 	 37.35 
769 	 0.0 	 37.58 
770 	 0.0 	 37.64 
771 	 0.0 	 37.82 
772 	 0.0 	 37.84 
773 	 0.0 	 37.86 
774 	 0.0 	 37.82 
775 	 0.0 	 33.77 
776 	 0.0 	 37.83 
777 	 0.0 	 37.86 
778 	 0.0 	 33.87 
779 	 0.0 	 33.77 
780 	 0.0 	 37.72 
781 	 0.0 	 37.80 
782 	 0.0 	 37.84 
783 	 0.0 	 36.04 
784 	 0.0 	 37.85 
785 	 0.0 	 37.88 
786 	 0.0 	 36.94 
787 	 0.0 	 34.03 
788 	 0.0 	 33.86 
789 	 0.0 	 33.54 
790 	 0.0 	 34.02 
791 	 0.0 	 33.99 
792 	 0.0 	 33.99 
793 	 0.0 	 37.60 
794 	 0.0 	 37.66 
795 	 0.0 	 37.44 
796 	 0.0 	 37.69 
797 	 0.0 	 37.74 
798 	 0.0 	 37.77 
799 	 0.0 	 35.43 
800 	 0.0 	 33.87 
801 	 0.0 	 33.73 
802 	 0.0 	 33.84 
803 	 0.0 	 33.81 
804 	 0.0 	 33.59 
805 	 0.0 	 33.93 
806 	 0.0 	 34.24 
807 	 0.0 	 34.45 
808 	 0.0 	 34.77 
809 	 0.0 	 35.02 
810 	 0.0 	 35.19 
811 	 0.0 	 35.56 
812 	 0.0 	 35.93 
813 	 0.0 	 36.09 
814 	 0.0 	 36.45 
815 	 0.0 	 36.26 
816 	 0.0 	 35.98 
817 	 0.0 	 35.80 
818 	 0.0 	 35.61 
819 	 0.0 	 35.36 
820 	 0.0 	 35.53 
821 	 0.0 	 35.42 
822 	 0.0 	 35.32 
823 	 0.0 	 35.22 
824 	 0.0 	 34.97 
825 	 0.0 	 34.95 
826 	 0.0 	 35.05 
827 	 0.0 	 35.28 
828 	 0.0 	 35.49 
829 	 0.0 	 35.74 
830 	 0.0 	 36.19 
831 	 0.0 	 36.81 
832 	 0.0 	 37.07 
833 	 0.0 	 37.32 
834 	 0.0 	 37.39 
835 	 0.0 	 37.52 
836 	 0.0 	 37.55 
837 	 0.0 	 37.57 
838 	 0.0 	 37.58 
839 	 0.0 	 33.71 
840 	 0.0 	 34.01 
841 	 0.0 	 37.50 
842 	 0.0 	 37.50 
843 	 0.0 	 33.90 
844 	 0.0 	 34.92 
845 	 0.0 	 33.69 
846 	 0.0 	 33.76 
847 	 0.0 	 33.70 
848 	 0.0 	 34.71 
849 	 0.0 	 37.35 
850 	 0.0 	 37.41 
852 	 0.0 	 33.75 
853 	 0.0 	 37.46 
854 	 0.0 	 37.50 
855 	 0.0 	 34.40 
856 	 0.0 	 33.90 
857 	 0.0 	 33.71 
858 	 0.0 	 33.69 
859 	 0.0 	 37.29 
860 	 0.0 	 37.37 
861 	 0.0 	 37.42 
862 	 0.0 	 35.06 
863 	 0.0 	 33.56 
864 	 0.0 	 33.51 
865 	 0.0 	 33.57 
866 	 0.0 	 33.50 
867 	 0.0 	 33.26 
868 	 0.0 	 37.08 
869 	 0.0 	 37.15 
870 	 0.0 	 37.23 
871 	 0.0 	 37.25 
872 	 0.0 	 33.65 
873 	 0.0 	 33.38 
874 	 0.0 	 37.13 
875 	 0.0 	 37.21 
876 	 0.0 	 35.09 
877 	 0.0 	 33.18 
878 	 0.0 	 33.08 
879 	 0.0 	 33.23 
880 	 0.0 	 33.31 
881 	 0.0 	 34.05 
882 	 0.0 	 34.37 
883 	 0.0 	 34.60 
884 	 0.0 	 34.48 
885 	 0.0 	 34.34 
886 	 0.0 	 34.34 
887 	 0.0 	 34.25 
888 	 0.0 	 34.23 
890 	 0.0 	 34.38 
891 	 0.0 	 34.17 
892 	 0.0 	 34.49 
893 	 0.0 	 34.49 
894 	 0.0 	 36.91 
895 	 0.0 	 36.99 
896 	 0.0 	 37.04 
897 	 0.0 	 37.08 
898 	 0.0 	 36.08 
899 	 0.0 	 33.17 
900 	 0.0 	 33.28 
901 	 0.0 	 33.60 
902 	 0.0 	 34.29 
903 	 0.0 	 33.54 
904 	 0.0 	 33.66 
905 	 0.0 	 33.45 
906 	 0.0 	 34.17 
907 	 0.0 	 34.59 
908 	 0.0 	 34.72 
909 	 0.0 	 35.11 
910 	 0.0 	 35.36 
911 	 0.0 	 35.62 
912 	 0.0 	 35.71 
913 	 0.0 	 35.86 
914 	 0.0 	 36.01 
915 	 0.0 	 36.03 
916 	 0.0 	 35.88 
917 	 0.0 	 35.79 
918 	 0.0 	 35.71 
919 	 0.0 	 35.42 
920 	 0.0 	 35.48 
921 	 0.0 	 34.88 
922 	 0.0 	 35.02 
923 	 0.0 	 34.94 
924 	 0.0 	 34.90 
925 	 0.0 	 35.15 
926 	 0.0 	 35.09 
927 	 0.0 	 34.99 
928 	 0.0 	 35.07 
929 	 0.0 	 35.17 
930 	 0.0 	 35.26 
931 	 0.0 	 35.36 
932 	 0.0 	 35.32 
933 	 0.0 	 35.62 
934 	 0.0 	 35.63 
935 	 0.0 	 35.97 
936 	 0.0 	 36.33 
937 	 0.0 	 36.29 
938 	 0.0 	 36.76 
939 	 0.0 	 36.78 
940 	 0.0 	 36.95 
941 	 0.0 	 36.94 
942 	 0.0 	 37.02 
943 	 0.0 	 36.99 
944 	 0.0 	 37.01 
945 	 0.0 	 36.99 
946 	 0.0 	 37.12 
947 	 0.0 	 37.05 
948 	 0.0 	 36.91 
949 	 0.0 	 36.53 
950 	 0.0 	 36.20 
951 	 0.0 	 35.93 
952 	 0.0 	 35.75 
953 	 0.0 	 35.60 
954 	 0.0 	 36.29 
955 	 0.0 	 37.16 
956 	 0.0 	 37.19 
957 	 0.0 	 37.21 
958 	 0.0 	 37.23 
959 	 0.0 	 37.24 
960 	 0.0 	 37.26 
961 	 0.0 	 37.27 
962 	 0.0 	 37.28 
963 	 0.0 	 37.24 
964 	 0.0 	 34.49 
965 	 0.0 	 37.19 
966 	 0.0 	 37.24 
967 	 0.0 	 37.26 
968 	 0.0 	 37.28 
969 	 0.0 	 37.30 
970 	 0.0 	 37.31 
971 	 0.0 	 37.32 
972 	 0.0 	 37.32 
973 	 0.0 	 33.23 
974 	 0.0 	 33.33 
975 	 0.0 	 34.07 
976 	 0.0 	 35.14 
977 	 0.0 	 35.74 
978 	 0.0 	 35.87 
979 	 0.0 	 36.07 
980 	 0.0 	 35.98 
981 	 0.0 	 35.85 
982 	 0.0 	 35.75 
983 	 0.0 	 35.71 
984 	 0.0 	 35.42 
985 	 0.0 	 35.23 
986 	 0.0 	 34.98 
987 	 0.0 	 34.81 
988 	 0.0 	 34.73 
989 	 0.0 	 34.74 
990 	 0.0 	 36.95 
991 	 0.0 	 37.02 
992 	 0.0 	 37.06 
993 	 0.0 	 37.09 
994 	 0.0 	 37.12 
995 	 0.0 	 36.93 
996 	 0.0 	 33.38 
997 	 0.0 	 33.27 
998 	 0.0 	 33.19 
999 	 0.0 	 32.98 
1000 	 0.0 	 33.85 
1001 	 0.0 	 36.85 
1002 	 0.0 	 36.91 
1003 	 0.0 	 36.95 
1004 	 0.0 	 36.98 
1005 	 0.0 	 37.01 
1006 	 0.0 	 37.03 
1007 	 0.0 	 37.06 
1008 	 0.0 	 37.07 
1009 	 0.0 	 37.09 
1010 	 0.0 	 37.11 
1011 	 0.0 	 33.48 
1012 	 0.0 	 33.14 
1013 	 0.0 	 33.68 
1014 	 0.0 	 36.97 
1015 	 0.0 	 37.01 
1016 	 0.0 	 37.04 
1017 	 0.0 	 37.06 
1018 	 0.0 	 37.09 
1019 	 0.0 	 37.10 
1020 	 0.0 	 37.12 
1021 	 0.0 	 37.13 
1022 	 0.0 	 37.14 
1023 	 0.0 	 37.16 
1024 	 0.0 	 37.17 
1025 	 0.0 	 37.18 
1026 	 0.0 	 37.19 
1027 	 0.0 	 37.20 
1028 	 0.0 	 37.21 
1029 	 0.0 	 37.22 
1030 	 0.0 	 37.23 
1031 	 0.0 	 37.24 
1032 	 0.0 	 37.24 
1033 	 0.0 	 37.25 
1034 	 0.0 	 37.26 
1035 	 0.0 	 37.27 
1036 	 0.0 	 37.27 
1037 	 0.0 	 35.93 
1038 	 0.0 	 33.42 
1039 	 0.0 	 32.79 
1040 	 0.0 	 33.37 
1041 	 0.0 	 36.93 
1042 	 0.0 	 37.03 
1043 	 0.0 	 37.08 
1044 	 0.0 	 37.10 
1045 	 0.0 	 37.11 
1046 	 0.0 	 33.38 
1047 	 0.0 	 33.13 
1048 	 0.0 	 36.87 
1049 	 0.0 	 33.11 
1050 	 0.0 	 34.14 
1051 	 0.0 	 36.85 
1052 	 0.0 	 36.93 
1053 	 0.0 	 36.97 
1054 	 0.0 	 36.99 
1055 	 0.0 	 37.01 
1056 	 0.0 	 33.17 
1057 	 0.0 	 33.04 
1058 	 0.0 	 32.69 
1059 	 0.0 	 33.39 
1060 	 0.0 	 36.79 
1061 	 0.0 	 36.85 
1062 	 0.0 	 36.89 
1063 	 0.0 	 35.58 
1064 	 0.0 	 32.67 
1065 	 0.0 	 32.83 
1066 	 0.0 	 32.53 
1067 	 0.0 	 32.81 
1068 	 0.0 	 32.77 
1069 	 0.0 	 33.17 
1070 	 0.0 	 33.41 
1071 	 0.0 	 36.53 
1072 	 0.0 	 36.62 
1073 	 0.0 	 36.67 
1074 	 0.0 	 34.13 
1075 	 0.0 	 36.65 
1076 	 0.0 	 35.00 
1077 	 0.0 	 32.49 
1078 	 0.0 	 32.76 
1079 	 0.0 	 32.42 
1080 	 0.0 	 32.67 
1081 	 0.0 	 32.49 
1082 	 0.0 	 32.90 
1083 	 0.0 	 32.77 
1084 	 0.0 	 33.21 
1085 	 0.0 	 33.30 
1086 	 0.0 	 33.25 
1087 	 0.0 	 36.24 
1088 	 0.0 	 36.36 
1089 	 0.0 	 36.36 
1090 	 0.0 	 32.28 
1091 	 0.0 	 36.32 
1092 	 0.0 	 36.40 
1093 	 0.0 	 32.41 
1094 	 0.0 	 36.24 
1095 	 0.0 	 36.39 
1096 	 0.0 	 36.43 
1097 	 0.0 	 32.39 
1098 	 0.0 	 32.19 
1099 	 0.0 	 32.47 
1100 	 0.0 	 32.25 
1101 	 0.0 	 36.30 
1102 	 0.0 	 32.39 
1103 	 0.0 	 32.48 
1104 	 0.0 	 32.31 
1105 	 0.0 	 32.34 
1106 	 0.0 	 32.24 
1107 	 0.0 	 32.27 
1108 	 0.0 	 32.05 
1109 	 0.0 	 32.26 
1110 	 0.0 	 32.52 
1111 	 0.0 	 32.38 
1112 	 0.0 	 32.18 
1113 	 0.0 	 32.33 
1114 	 0.0 	 32.34 
1115 	 0.0 	 31.99 
1116 	 0.0 	 32.37 
1117 	 0.0 	 31.95 
1118 	 0.0 	 31.69 
1119 	 0.0 	 32.15 
1120 	 0.0 	 32.10 
1121 	 0.0 	 31.89 
1122 	 0.0 	 32.35 
1123 	 0.0 	 32.33 
1124 	 0.0 	 31.91 
1125 	 0.0 	 31.62 
1126 	 0.0 	 32.03 
1127 	 0.0 	 31.65 
1128 	 0.0 	 35.66 
1129 	 0.0 	 35.77 
1130 	 0.0 	 35.75 
1131 	 0.0 	 31.76 
1132 	 0.0 	 31.84 
1133 	 0.0 	 31.72 
1134 	 0.0 	 31.92 
1135 	 0.0 	 31.89 
1136 	 0.0 	 31.95 
1137 	 0.0 	 31.56 
1138 	 0.0 	 31.68 
1139 	 0.0 	 31.70 
1140 	 0.0 	 31.61 
1141 	 0.0 	 31.57 
1142 	 0.0 	 31.59 
1143 	 0.0 	 35.48 
1144 	 0.0 	 35.59 
1145 	 0.0 	 33.25 
1146 	 0.0 	 31.55 
1147 	 0.0 	 31.46 
1148 	 0.0 	 35.50 
1149 	 0.0 	 35.61 
1150 	 0.0 	 33.23 
1151 	 0.0 	 35.67 
1152 	 0.0 	 33.80 
1153 	 0.0 	 31.72 
1154 	 0.0 	 31.56 
1155 	 0.0 	 35.54 
1156 	 0.0 	 35.66 
1157 	 0.0 	 35.72 
1158 	 0.0 	 35.76 
1159 	 0.0 	 35.80 
1160 	 0.0 	 35.84 
1161 	 0.0 	 33.65 
1162 	 0.0 	 32.17 
1163 	 0.0 	 31.79 
1164 	 0.0 	 31.77 
1165 	 0.0 	 31.94 
1166 	 0.0 	 35.67 
1167 	 0.0 	 31.70 
1168 	 0.0 	 31.69 
1169 	 0.0 	 31.59 
1170 	 0.0 	 31.55 
1171 	 0.0 	 31.31 
1172 	 0.0 	 31.81 
1173 	 0.0 	 31.57 
1174 	 0.0 	 31.25 
1175 	 0.0 	 31.75 
1176 	 0.0 	 31.26 
1177 	 0.0 	 31.25 
1178 	 0.0 	 31.44 
1179 	 0.0 	 31.59 
1180 	 0.0 	 31.41 
1181 	 0.0 	 31.75 
1182 	 0.0 	 31.68 
1183 	 0.0 	 31.34 
1184 	 0.0 	 31.66 
1185 	 0.0 	 30.91 
1186 	 0.0 	 30.97 
1187 	 0.0 	 31.40 
1188 	 0.0 	 31.25 
1189 	 0.0 	 31.20 
1190 	 0.0 	 30.90 
1191 	 0.0 	 31.29 
1192 	 0.0 	 31.42 
1193 	 0.0 	 31.50 
1194 	 0.0 	 30.99 
1195 	 0.0 	 31.90 
1196 	 0.0 	 32.13 
1197 	 0.0 	 32.19 
1198 	 0.0 	 32.60 
1199 	 0.0 	 32.53 
1200 	 0.0 	 32.72 
1201 	 0.0 	 32.83 
1202 	 0.0 	 32.53 
1203 	 0.0 	 32.66 
1204 	 0.0 	 32.09 
1205 	 0.0 	 31.79 
1206 	 0.0 	 31.53 
1207 	 0.0 	 31.45 
1208 	 0.0 	 30.98 
1209 	 0.0 	 31.51 
1210 	 0.0 	 31.45 
1211 	 0.0 	 31.22 
1212 	 0.0 	 31.39 
1213 	 0.0 	 31.32 
1214 	 0.0 	 31.32 
1215 	 0.0 	 30.96 
1216 	 0.0 	 31.10 
1217 	 0.0 	 31.22 
1218 	 0.0 	 31.00 
1219 	 0.0 	 31.23 
1220 	 0.0 	 31.14 
1221 	 0.0 	 34.82 
1222 	 0.0 	 34.94 
1223 	 0.0 	 35.02 
1224 	 0.0 	 35.08 
1225 	 0.0 	 35.14 
1226 	 0.0 	 35.18 
1227 	 0.0 	 35.23 
1228 	 0.0 	 35.26 
1229 	 0.0 	 35.30 
1230 	 0.0 	 35.33 
1231 	 0.0 	 35.36 
1232 	 0.0 	 35.39 
1233 	 0.0 	 35.41 
1234 	 0.0 	 35.43 
1235 	 0.0 	 35.45 
1236 	 0.0 	 35.47 
1237 	 0.0 	 33.23 
1238 	 0.0 	 31.78 
1239 	 0.0 	 31.35 
1240 	 0.0 	 31.39 
1241 	 0.0 	 31.59 
1242 	 0.0 	 31.62 
1243 	 0.0 	 31.30 
1244 	 0.0 	 31.25 
1245 	 0.0 	 31.48 
1246 	 0.0 	 31.12 
1247 	 0.0 	 31.19 
1248 	 0.0 	 31.06 
1249 	 0.0 	 31.35 
1250 	 0.0 	 31.15 
1251 	 0.0 	 31.41 
1252 	 0.0 	 31.19 
1253 	 0.0 	 31.18 
1254 	 0.0 	 31.09 
1255 	 0.0 	 31.24 
1256 	 0.0 	 31.40 
1257 	 0.0 	 31.38 
1258 	 0.0 	 31.29 
1259 	 0.0 	 31.21 
1260 	 0.0 	 31.34 
1261 	 0.0 	 31.18 
1262 	 0.0 	 31.22 
1263 	 0.0 	 31.08 
1264 	 0.0 	 31.17 
1265 	 0.0 	 31.20 
1266 	 0.0 	 30.95 
1267 	 0.0 	 31.15 
1268 	 0.0 	 31.35 
1269 	 0.0 	 31.07 
1270 	 0.0 	 31.14 
1271 	 0.0 	 30.87 
1272 	 0.0 	 31.00 
1273 	 0.0 	 31.19 
1274 	 0.0 	 31.31 
1275 	 0.0 	 31.02 
1276 	 0.0 	 31.38 
1277 	 0.0 	 31.28 
1278 	 0.0 	 31.31 
1279 	 0.0 	 31.09 
1280 	 0.0 	 31.10 
1281 	 0.0 	 31.15 
1282 	 0.0 	 31.13 
1283 	 0.0 	 31.13 
1284 	 0.0 	 31.09 
1285 	 0.0 	 31.06 
1286 	 0.0 	 31.17 
1287 	 0.0 	 31.19 
1288 	 0.0 	 31.14 
1289 	 0.0 	 31.22 
1290 	 0.0 	 31.13 
1291 	 0.0 	 31.03 
1292 	 0.0 	 31.31 
1293 	 0.0 	 31.15 
1294 	 0.0 	 31.05 
1295 	 0.0 	 31.12 
1296 	 0.0 	 31.07 
1297 	 0.0 	 31.13 
1298 	 0.0 	 30.97 
1299 	 0.0 	 31.01 
1300 	 0.0 	 31.09 
1301 	 0.0 	 31.23 
1302 	 0.0 	 31.03 
1303 	 0.0 	 30.98 
1304 	 0.0 	 31.05 
1305 	 0.0 	 31.21 
1306 	 0.0 	 31.09 
1307 	 0.0 	 30.93 
1308 	 0.0 	 31.00 
1309 	 0.0 	 31.06 
1310 	 0.0 	 31.08 
1311 	 0.0 	 31.05 
1312 	 0.0 	 31.09 
1313 	 0.0 	 31.09 
1314 	 0.0 	 31.14 
1315 	 0.0 	 31.07 
1316 	 0.0 	 31.10 
1317 	 0.0 	 31.09 
1318 	 0.0 	 31.00 
1319 	 0.0 	 31.09 
1320 	 0.0 	 31.02 
1321 	 0.0 	 31.06 
1322 	 0.0 	 31.04 
1323 	 0.0 	 30.96 
1324 	 0.0 	 31.04 
1325 	 0.0 	 31.04 
1326 	 0.0 	 30.98 
1327 	 0.0 	 31.08 
1328 	 0.0 	 31.01 
1329 	 0.0 	 30.98 
1330 	 0.0 	 31.03 
1331 	 0.0 	 31.03 
1332 	 0.0 	 31.13 
1333 	 0.0 	 30.96 
1334 	 0.0 	 30.96 
1335 	 0.0 	 31.09 
1336 	 0.0 	 31.04 
1337 	 0.0 	 30.98 
1338 	 0.0 	 31.11 
1339 	 0.0 	 30.91 
1340 	 0.0 	 31.04 
1341 	 0.0 	 30.97 
1342 	 0.0 	 30.88 
1343 	 0.0 	 30.97 
1344 	 0.0 	 30.95 
1345 	 0.0 	 31.00 
1346 	 0.0 	 31.00 
1347 	 0.0 	 31.00 
1348 	 0.0 	 30.90 
1349 	 0.0 	 30.92 
1350 	 0.0 	 31.02 
1351 	 0.0 	 30.98 
1352 	 0.0 	 30.96 
1353 	 0.0 	 30.89 
1354 	 0.0 	 30.84 
1355 	 0.0 	 30.96 
1356 	 0.0 	 30.95 
1357 	 0.0 	 30.96 
1358 	 0.0 	 30.90 
1359 	 0.0 	 30.86 
1360 	 0.0 	 30.88 
1361 	 0.0 	 30.89 
1362 	 0.0 	 30.91 
1363 	 0.0 	 30.75 
1364 	 0.0 	 30.94 
1365 	 0.0 	 30.75 
1366 	 0.0 	 30.83 
1367 	 0.0 	 30.81 
1368 	 0.0 	 30.82 
1369 	 0.0 	 30.89 
1370 	 0.0 	 30.92 
1371 	 0.0 	 30.88 
1372 	 0.0 	 30.86 
1373 	 0.0 	 30.76 
1374 	 0.0 	 30.92 
1375 	 0.0 	 30.80 
1376 	 0.0 	 30.80 
1377 	 0.0 	 30.87 
1378 	 0.0 	 30.80 
1379 	 0.0 	 30.81 
1380 	 0.0 	 30.85 
1381 	 0.0 	 30.83 
1382 	 0.0 	 30.78 
1383 	 0.0 	 30.89 
1384 	 0.0 	 30.80 
1385 	 0.0 	 30.82 
1386 	 0.0 	 30.79 
1387 	 0.0 	 30.83 
1388 	 0.0 	 30.72 
1389 	 0.0 	 30.85 
1390 	 0.0 	 30.73 
1391 	 0.0 	 30.76 
1392 	 0.0 	 30.68 
1393 	 0.0 	 30.77 
1394 	 0.0 	 30.80 
1395 	 0.0 	 30.73 
1396 	 0.0 	 30.73 
1397 	 0.0 	 30.77 
1398 	 0.0 	 30.69 
1399 	 0.0 	 30.66 
1400 	 0.0 	 30.69 
1401 	 0.0 	 30.70 
1402 	 0.0 	 30.62 
1403 	 0.0 	 30.69 
1404 	 0.0 	 30.67 
1406 	 0.0 	 30.70 
1407 	 0.0 	 30.62 
1408 	 0.0 	 30.67 
1409 	 0.0 	 30.71 
1410 	 0.0 	 30.68 
1411 	 0.0 	 30.69 
1412 	 0.0 	 30.76 
1413 	 0.0 	 30.69 
1414 	 0.0 	 30.68 
1415 	 0.0 	 30.62 
1416 	 0.0 	 30.64 
1417 	 0.0 	 30.65 
1418 	 0.0 	 30.65 
1419 	 0.0 	 30.50 
1420 	 0.0 	 30.57 
1421 	 0.0 	 30.65 
1422 	 0.0 	 30.65 
1423 	 0.0 	 30.59 
1424 	 0.0 	 30.62 
1425 	 0.0 	 30.64 
1426 	 0.0 	 30.51 
1427 	 0.0 	 30.50 
1428 	 0.0 	 30.62 
1429 	 0.0 	 30.47 
1430 	 0.0 	 30.51 
1431 	 0.0 	 30.53 
1432 	 0.0 	 30.54 
1433 	 0.0 	 30.57 
1434 	 0.0 	 30.52 
1435 	 0.0 	 30.48 
1436 	 0.0 	 30.52 
1437 	 0.0 	 30.50 
1438 	 0.0 	 30.52 
1439 	 0.0 	 30.40 
1440 	 0.0 	 30.52 
1441 	 0.0 	 30.50 
1442 	 0.0 	 30.54 
1443 	 0.0 	 30.47 
1444 	 0.0 	 30.52 
1445 	 0.0 	 30.48 
1446 	 0.0 	 30.49 
1447 	 0.0 	 30.49 
1448 	 0.0 	 30.47 
1449 	 0.0 	 30.48 
1450 	 0.0 	 30.50 
1451 	 0.0 	 30.41 
1452 	 0.0 	 30.48 
1453 	 0.0 	 30.42 
1454 	 0.0 	 30.46 
1455 	 0.0 	 30.46 
1456 	 0.0 	 30.40 
1457 	 0.0 	 30.47 
1458 	 0.0 	 30.42 
1459 	 0.0 	 30.48 
1460 	 0.0 	 30.40 
1461 	 0.0 	 30.40 
1462 	 0.0 	 30.38 
1463 	 0.0 	 30.40 
1464 	 0.0 	 30.38 
1465 	 0.0 	 30.37 
1466 	 0.0 	 30.36 
1467 	 0.0 	 30.39 
1468 	 0.0 	 30.39 
1469 	 0.0 	 30.37 
1470 	 0.0 	 30.43 
1471 	 0.0 	 30.42 
1472 	 0.0 	 30.37 
1473 	 0.0 	 30.38 
1474 	 0.0 	 30.33 
1475 	 0.0 	 30.38 
1476 	 0.0 	 30.37 
1477 	 0.0 	 30.32 
1478 	 0.0 	 30.36 
1479 	 0.0 	 30.32 
1480 	 0.0 	 30.34 
1481 	 0.0 	 30.34 
1482 	 0.0 	 30.34 
1483 	 0.0 	 30.33 
1484 	 0.0 	 30.30 
1485 	 0.0 	 30.28 
1486 	 0.0 	 30.18 
1487 	 0.0 	 30.27 
1488 	 0.0 	 30.34 
1489 	 0.0 	 30.31 
1490 	 0.0 	 30.33 
1491 	 0.0 	 30.30 
1492 	 0.0 	 30.21 
1493 	 0.0 	 30.29 
1494 	 0.0 	 30.27 
1495 	 0.0 	 30.28 
1496 	 0.0 	 30.29 
1497 	 0.0 	 30.31 
1498 	 0.0 	 30.24 
1499 	 0.0 	 30.29 
1500 	 0.0 	 30.30 
1501 	 0.0 	 30.30 
1502 	 0.0 	 30.24 
1503 	 0.0 	 30.28 
1504 	 0.0 	 30.25 
1505 	 0.0 	 30.26 
1506 	 0.0 	 30.28 
1507 	 0.0 	 30.24 
1508 	 0.0 	 30.29 
1509 	 0.0 	 30.24 
1510 	 0.0 	 30.23 
1511 	 0.0 	 30.23 
1512 	 0.0 	 30.21 
1513 	 0.0 	 30.28 
1514 	 0.0 	 30.20 
1515 	 0.0 	 30.23 
1516 	 0.0 	 30.21 
1517 	 0.0 	 30.23 
1518 	 0.0 	 30.23 
1519 	 0.0 	 30.26 
1520 	 0.0 	 30.21 
1521 	 0.0 	 30.26 
1522 	 0.0 	 30.24 
1523 	 0.0 	 30.30 
1524 	 0.0 	 30.18 
1525 	 0.0 	 30.20 
1526 	 0.0 	 30.21 
1527 	 0.0 	 30.17 
1528 	 0.0 	 30.21 
1529 	 0.0 	 30.25 
1530 	 0.0 	 30.20 
1531 	 0.0 	 30.19 
1532 	 0.0 	 30.23 
1533 	 0.0 	 30.23 
1534 	 0.0 	 30.26 
1535 	 0.0 	 30.23 
1536 	 0.0 	 30.21 
1537 	 0.0 	 30.23 
1538 	 0.0 	 30.20 
1539 	 0.0 	 30.23 
1540 	 0.0 	 30.23 
1541 	 0.0 	 30.19 
1542 	 0.0 	 30.22 
1543 	 0.0 	 30.23 
1544 	 0.0 	 30.23 
1545 	 0.0 	 30.24 
1546 	 0.0 	 30.26 
1547 	 0.0 	 30.18 
1548 	 0.0 	 30.23 
1549 	 0.0 	 30.23 
1550 	 0.0 	 30.22 
1551 	 0.0 	 30.23 
